9.059438854455947876e-02 -9.035300016403198242e-01
-4.638404771685600281e-02 6.222448348999023438e-01
-5.055023431777954102e-01 9.634932279586791992e-01
-5.508278012275695801e-01 8.532334864139556885e-02
-5.008362606167793274e-02 5.580608844757080078e-01
7.063555717468261719e-02 5.329493284225463867e-01
-2.168100774288177490e-01 2.121652662754058838e-01
6.252551078796386719e-02 3.157751560211181641e-01
5.936992764472961426e-01 -3.082172274589538574e-01
4.383140206336975098e-01 -5.449063181877136230e-01
3.366429209709167480e-01 -3.309617042541503906e-01
4.066537916660308838e-01 1.950189322233200073e-01
7.602809667587280273e-01 3.488107323646545410e-01
-2.276081293821334839e-01 2.122648954391479492e-01
-3.289352357387542725e-01 1.307330429553985596e-01
-2.988594472408294678e-01 4.193673655390739441e-02
1.170324999839067459e-02 -3.158254921436309814e-01
-3.041148185729980469e-03 2.767118811607360840e-01
-2.194902896881103516e-01 5.519936680793762207e-01
-4.435977935791015625e-01 -1.267343014478683472e-01
-1.258933842182159424e-01 3.238872289657592773e-01
1.343806684017181396e-01 -2.623524069786071777e-01
1.318709552288055420e-01 4.369629323482513428e-01
-3.142380118370056152e-01 3.484198451042175293e-01
-8.604463189840316772e-02 -2.993856742978096008e-02
-8.416637033224105835e-02 -1.174101606011390686e-01
2.883077561855316162e-01 -5.774134397506713867e-01
-1.146917119622230530e-01 8.281482458114624023e-01
-3.566331267356872559e-01 -2.025268524885177612e-01
-4.958678185939788818e-01 -8.958975225687026978e-02
-3.790414929389953613e-01 2.511634528636932373e-01
-2.870836853981018066e-01 -5.144490003585815430e-01
-1.814452409744262695e-01 -1.871736496686935425e-01
-4.985004067420959473e-01 -2.579351663589477539e-01
5.466694831848144531e-01 4.504640102386474609e-01
-7.184287160634994507e-02 -1.127458810806274414e+00
-2.604766488075256348e-01 -2.480774670839309692e-01
-1.572443246841430664e-01 -8.900607824325561523e-01
2.593629658222198486e-01 -7.963768839836120605e-01
-4.435504972934722900e-01 4.635242521762847900e-01
1.710457205772399902e-01 4.184341523796319962e-03
-2.542893290519714355e-01 -7.628069072961807251e-02
2.298802435398101807e-01 -3.951029479503631592e-01
-3.082277774810791016e-01 4.036591947078704834e-01
-4.912292584776878357e-02 -5.920972228050231934e-01
-3.146535158157348633e-02 6.444546580314636230e-01
9.745409339666366577e-02 -3.728156089782714844e-01
-2.235701978206634521e-01 8.254965767264366150e-03
1.971411705017089844e-01 -6.693096458911895752e-02
-3.141838908195495605e-01 -3.771051168441772461e-01
-1.792248189449310303e-01 3.983608186244964600e-01
-1.415491998195648193e-01 1.057762384414672852e+00
2.397319376468658447e-01 9.350989460945129395e-01
7.879262417554855347e-02 -1.267802476882934570e+00
2.157463580369949341e-01 5.791024565696716309e-01
1.027413755655288696e-01 -1.297773420810699463e-01
1.565701887011528015e-02 -1.292014002799987793e+00
1.667688488960266113e-01 1.032492280006408691e+00
-3.038606047630310059e-01 -1.192170530557632446e-01
1.120183244347572327e-01 4.074761178344488144e-03
2.067627906799316406e-01 -3.492796123027801514e-01
3.253591954708099365e-01 6.236456632614135742e-01
-5.000194311141967773e-01 2.014296054840087891e-01
2.762968540191650391e-01 -8.466344326734542847e-02
4.730733484029769897e-02 -6.623893976211547852e-01
-9.738013893365859985e-02 1.474748253822326660e-01
1.086405962705612183e-01 6.636701226234436035e-01
-2.025389969348907471e-01 -6.538299918174743652e-01
-4.044041782617568970e-02 1.380127191543579102e+00
1.328700780868530273e-02 7.802770733833312988e-01
5.312913060188293457e-01 -1.120438575744628906e-01
-3.092933297157287598e-01 1.272409200668334961e+00
-1.312102973461151123e-01 3.312036693096160889e-01
-4.854053258895874023e-02 -2.417991124093532562e-02
4.239134788513183594e-01 -3.515855371952056885e-01
-2.869786024093627930e-01 5.618015527725219727e-01
1.484718360006809235e-02 3.187813162803649902e-01
7.316464781761169434e-01 2.066112309694290161e-01
4.194635450839996338e-01 6.680300831794738770e-02
-9.672381728887557983e-02 -1.247255206108093262e+00
-1.667285561561584473e-01 3.265749812126159668e-01
-6.545133888721466064e-02 -1.381061822175979614e-01
3.098824061453342438e-02 5.867208242416381836e-01
-4.143775999546051025e-01 -1.527336835861206055e-01
8.050111681222915649e-02 -1.090215563774108887e+00
-4.696477055549621582e-01 -4.362078607082366943e-01
-2.344404160976409912e-01 -5.107059478759765625e-01
-3.023893758654594421e-02 -2.933003008365631104e-01
-2.638279497623443604e-01 6.549545526504516602e-01
-3.113755583763122559e-02 -2.665328979492187500e-01
-2.711861133575439453e-01 1.503712236881256104e-01
6.857174038887023926e-01 1.560557335615158081e-01
1.998791098594665527e-01 -1.018241405487060547e+00
-6.116784811019897461e-01 -2.382379025220870972e-01
2.217713594436645508e-01 -2.132074385881423950e-01
8.626223355531692505e-02 -1.247866749763488770e+00
-2.928537726402282715e-01 -3.677290678024291992e-02
-4.500920772552490234e-01 4.255389273166656494e-01
-8.665897697210311890e-02 2.663260102272033691e-01
1.759276390075683594e-01 -6.170998811721801758e-01
-4.223273694515228271e-01 7.485084980726242065e-02
-2.531625628471374512e-01 -2.245055884122848511e-01
6.333597749471664429e-02 -8.128573000431060791e-02
-1.260834038257598877e-01 -6.067785024642944336e-01
-1.933616101741790771e-01 8.265630602836608887e-01
-3.673502802848815918e-02 7.231227159500122070e-01
-3.840766847133636475e-01 6.464132666587829590e-01
1.745924726128578186e-02 -7.859933376312255859e-02
-4.832084178924560547e-01 8.955004811286926270e-01
-4.095113277435302734e-01 -5.710491538047790527e-02
-5.735174566507339478e-02 -1.186172127723693848e+00
-8.836913108825683594e-01 8.617600202560424805e-01
2.507067024707794189e-01 8.849508166313171387e-01
8.206894993782043457e-02 -5.823679566383361816e-01
9.309306740760803223e-02 6.549329161643981934e-01
-3.519597351551055908e-01 -1.250285953283309937e-01
2.160365134477615356e-01 6.932944059371948242e-01
2.721693515777587891e-01 2.163942605257034302e-01
-5.233546495437622070e-01 3.343612551689147949e-01
7.488353252410888672e-01 4.070306420326232910e-01
6.365488767623901367e-01 4.789445921778678894e-02
8.457951247692108154e-02 1.243900060653686523e+00
1.910520046949386597e-01 -1.132664918899536133e+00
4.303227737545967102e-02 -2.152781188488006592e-01
-1.476556509733200073e-01 1.459176987409591675e-01
-5.348203778266906738e-01 2.976823970675468445e-02
-5.551524087786674500e-02 -1.494034565985202789e-02
-1.874690353870391846e-01 6.215790510177612305e-01
-5.983411669731140137e-01 -9.862427711486816406e-01
4.970853924751281738e-01 -7.039646506309509277e-01
-2.314931154251098633e-01 -1.352964341640472412e-01
-6.033330559730529785e-01 9.425937533378601074e-01
-1.969740092754364014e-01 2.289412021636962891e-01
-2.909814417362213135e-01 3.202608823776245117e-01
-1.880195885896682739e-01 1.110207289457321167e-01
3.145906329154968262e-01 -1.121668100357055664e+00
-3.903585672378540039e-01 -1.054233312606811523e-01
-1.119328141212463379e-01 4.538969397544860840e-01
-7.385296374559402466e-02 -3.074051812291145325e-02
-7.368545234203338623e-02 1.368438363075256348e+00
-2.627364695072174072e-01 4.510989785194396973e-01
-2.071492224931716919e-01 1.946451961994171143e-01
1.952368915081024170e-01 -2.173461914062500000e-01
-2.680415511131286621e-01 1.483447253704071045e-01
-4.357034265995025635e-01 -6.292084455490112305e-01
1.975569725036621094e-01 1.283361196517944336e+00
-3.393550813198089600e-01 8.853753656148910522e-02
-3.287296593189239502e-01 -3.538202941417694092e-01
2.614049017429351807e-01 -8.472467660903930664e-01
2.147652357816696167e-01 -6.448640823364257812e-01
-4.973040893673896790e-02 -1.197466135025024414e+00
1.444103568792343140e-01 8.528431653976440430e-01
-2.522270679473876953e-01 9.598253369331359863e-01
-3.681602329015731812e-02 1.086127012968063354e-01
2.978980541229248047e-01 6.867367625236511230e-01
-1.791392415761947632e-01 -1.248503804206848145e+00
6.070723384618759155e-02 6.366720199584960938e-01
1.340317772701382637e-03 -6.193692088127136230e-01
-2.768701910972595215e-01 1.252801120281219482e-01
1.572869718074798584e-01 3.182185590267181396e-01
2.853156924247741699e-01 -5.415855646133422852e-01
-4.252274930477142334e-01 5.988566875457763672e-01
-1.702656149864196777e-01 -5.718555450439453125e-01
-2.626928687095642090e-01 -1.442103367298841476e-02
9.843498468399047852e-03 3.012391030788421631e-01
-2.900760173797607422e-01 -1.199111342430114746e+00
-4.473563134670257568e-01 3.379476666450500488e-01
3.022832274436950684e-01 -6.026699393987655640e-02
3.386329114437103271e-01 -9.203874468803405762e-01
-8.378839492797851562e-02 -5.038004517555236816e-01
-3.999871909618377686e-01 1.368425130844116211e+00
1.960121467709541321e-02 -2.370009422302246094e-01
-2.318836897611618042e-01 -8.462807536125183105e-01
-1.935457587242126465e-01 1.623395979404449463e-01
1.585585176944732666e-01 1.412916183471679688e-02
7.532975822687149048e-02 4.687188193202018738e-02
2.635048329830169678e-02 -2.002496272325515747e-01
-2.824650704860687256e-01 1.076826825737953186e-01
-1.343198120594024658e-01 4.691583514213562012e-01
-5.795966386795043945e-01 4.048744738101959229e-01
7.280183024704456329e-03 4.246181845664978027e-01
-3.350687623023986816e-01 1.291901767253875732e-01
3.927468061447143555e-01 -2.903384268283843994e-01
1.152378274127840996e-03 -9.707267582416534424e-02
-1.398943066596984863e-01 5.867352336645126343e-02
2.272959202527999878e-01 -5.884859561920166016e-01
-1.229546815156936646e-01 1.209256276488304138e-01
2.981041371822357178e-01 4.238423407077789307e-01
-1.856417357921600342e-01 4.651476740837097168e-01
-2.357686460018157959e-01 4.707610607147216797e-01
5.450908094644546509e-02 -4.049132019281387329e-02
7.602743804454803467e-02 1.373215615749359131e-01
-1.902515590190887451e-01 -1.051946640014648438e+00
-1.037381514906883240e-01 3.880454897880554199e-01
-1.590045094490051270e-01 -5.958305597305297852e-01
-2.278013527393341064e-01 3.778239190578460693e-01
-7.308790087699890137e-01 -7.629154920578002930e-01
6.986328959465026855e-01 -5.958024263381958008e-01
2.747139707207679749e-02 -3.189463019371032715e-01
4.531179741024971008e-02 3.980462551116943359e-01
-1.738729178905487061e-01 4.989011883735656738e-01
-2.754246592521667480e-01 -7.531705498695373535e-01
-1.814294755458831787e-01 1.596900075674057007e-01
1.625361293554306030e-01 5.058350563049316406e-01
2.728585898876190186e-01 7.060252428054809570e-01
-1.054776534438133240e-01 5.501832962036132812e-01
-2.841505110263824463e-01 2.924000099301338196e-02
4.175889492034912109e-02 3.919153809547424316e-01
4.458522796630859375e-01 -5.243724584579467773e-01
1.629254072904586792e-01 -3.702136129140853882e-02
-1.031590700149536133e-01 1.793671101331710815e-01
-1.136317029595375061e-01 4.516543447971343994e-01
-8.222255855798721313e-02 6.159585714340209961e-01
-5.119479447603225708e-02 -4.190326854586601257e-02
5.040993690490722656e-01 -5.957806706428527832e-01
-2.301302254199981689e-01 3.021507561206817627e-01
2.992944419384002686e-01 1.965059041976928711e-01
-5.589759349822998047e-02 2.046587020158767700e-01
1.367364227771759033e-01 -1.111975312232971191e+00
-2.112153321504592896e-01 8.061152696609497070e-02
-7.625150680541992188e-01 -3.972983453422784805e-03
-4.867170453071594238e-01 1.988050192594528198e-01
-3.747154772281646729e-01 7.657092809677124023e-01
2.885636687278747559e-02 2.218805849552154541e-01
8.117993175983428955e-02 -5.724213719367980957e-01
-4.600264430046081543e-01 8.611577749252319336e-01
-5.855954885482788086e-01 1.104532033205032349e-01
-4.911779463291168213e-01 -1.600403487682342529e-01
-3.789428770542144775e-01 6.386463344097137451e-02
3.840625286102294922e-03 6.238630414009094238e-01
5.310145206749439240e-03 7.837635874748229980e-01
1.048004627227783203e-01 -4.143934324383735657e-02
2.336316555738449097e-01 7.485253363847732544e-02
-1.669749617576599121e-02 -1.385460644960403442e-01
-3.314067125320434570e-01 3.946535289287567139e-01
-2.891527712345123291e-01 5.828625559806823730e-01
-7.189119458198547363e-01 2.516576349735260010e-01
-3.433324694633483887e-01 6.381472349166870117e-01
1.653580665588378906e-01 3.940565288066864014e-01
-7.423916459083557129e-01 8.429441452026367188e-01
-3.843370676040649414e-01 -4.892963767051696777e-01
-2.261579036712646484e-01 -2.953685820102691650e-01
7.848246395587921143e-02 -3.826977685093879700e-02
1.643740981817245483e-01 2.880391776561737061e-01
-1.146018281579017639e-01 -6.283190846443176270e-02
-2.164067700505256653e-02 4.832653403282165527e-01
-1.403948962688446045e-01 2.368915081024169922e-01
1.138409972190856934e-02 2.175243347883224487e-01
-3.879925608634948730e-01 4.952764511108398438e-01
-1.110626906156539917e-01 9.830150753259658813e-02
-2.624435424804687500e-01 1.166921257972717285e+00
-3.305247426033020020e-01 4.855815470218658447e-01
3.568353652954101562e-01 3.837712854146957397e-02
-2.499869316816329956e-01 3.570588231086730957e-01
-2.099214792251586914e-01 -1.243674196302890778e-02
-5.782599002122879028e-02 -1.746920645236968994e-01
-6.688852608203887939e-02 6.326169371604919434e-01
2.430077791213989258e-01 -2.265079468488693237e-01
-5.074676871299743652e-01 -3.665487095713615417e-02
3.157930374145507812e-01 2.290823906660079956e-01
4.300414025783538818e-02 1.985409557819366455e-01
-4.140099585056304932e-01 2.122859954833984375e-01
2.951912283897399902e-01 -9.034382700920104980e-01
-5.668367147445678711e-01 2.742568850517272949e-01
-1.119069475680589676e-02 -3.081764578819274902e-01
1.479458063840866089e-01 5.817621946334838867e-01
8.882546424865722656e-02 1.107499361038208008e+00
-4.941963031888008118e-02 -5.945875048637390137e-01
6.279225647449493408e-02 -5.757291242480278015e-02
-2.574620842933654785e-01 -1.665702313184738159e-01
-2.521552145481109619e-01 -2.040819823741912842e-01
-2.763053774833679199e-01 -2.823453545570373535e-01
-1.577945947647094727e-01 -1.086433172225952148e+00
1.525987982749938965e-01 9.750167727470397949e-01
1.095733046531677246e-01 8.701910972595214844e-01
2.831942141056060791e-01 2.360610663890838623e-01
5.366731882095336914e-01 1.246765375137329102e+00
2.250479906797409058e-01 -3.087981343269348145e-01
-2.374913692474365234e-01 -1.951919347047805786e-01
1.977152749896049500e-02 2.050002366304397583e-01
-1.910780966281890869e-01 6.563483476638793945e-01
-5.262969732284545898e-01 3.761250898241996765e-02
4.287176579236984253e-02 -2.373362332582473755e-01
-2.630816102027893066e-01 7.925578355789184570e-01
2.147826701402664185e-01 3.403934538364410400e-01
-4.214881062507629395e-01 4.328799247741699219e-01
-5.255585908889770508e-01 5.247215628623962402e-01
-4.248036444187164307e-01 4.219707548618316650e-01
2.028348445892333984e-01 2.465656027197837830e-02
-4.579450190067291260e-01 -8.323978185653686523e-01
-3.058065772056579590e-01 3.281920850276947021e-01
9.968745522201061249e-03 6.726204156875610352e-01
-2.342215031385421753e-01 -1.264201760292053223e+00
-2.488101422786712646e-01 -8.659930527210235596e-02
-2.322438955307006836e-01 3.218901157379150391e-01
8.903868496417999268e-02 -1.317714452743530273e-01
-3.810487091541290283e-01 -7.462722659111022949e-01
-5.744580030441284180e-01 7.211071252822875977e-01
-3.989309668540954590e-01 -8.480908274650573730e-01
-3.515490889549255371e-01 8.291067183017730713e-02
2.335075587034225464e-01 2.141597270965576172e-01
-3.878882527351379395e-01 7.450493574142456055e-01
-3.054596781730651855e-01 9.652329981327056885e-02
1.475096307694911957e-02 3.810388445854187012e-01
-3.482123911380767822e-01 -7.645767927169799805e-02
-5.528396368026733398e-02 -1.851527392864227295e-01
-3.402742743492126465e-01 4.662323594093322754e-01
-2.241060286760330200e-01 1.472970694303512573e-01
-4.696936905384063721e-02 4.829949736595153809e-01
-1.668576747179031372e-01 -9.482456743717193604e-02
6.001933813095092773e-01 1.008967161178588867e+00
-3.272175192832946777e-01 1.774514168500900269e-01
1.572800613939762115e-02 -1.330586671829223633e-01
-1.415081918239593506e-01 1.145660281181335449e-01
-3.641300797462463379e-01 2.228280752897262573e-01
3.369629266671836376e-04 -2.863039970397949219e-01
-5.464298650622367859e-02 -2.278448641300201416e-01
-2.136991769075393677e-01 1.955264806747436523e-01
-6.627172231674194336e-01 2.689661383628845215e-01
3.540189266204833984e-01 4.745221883058547974e-02
-3.463166058063507080e-01 1.025514125823974609e+00
-2.122374475002288818e-01 1.213788747787475586e+00
-3.689256012439727783e-01 1.067774519324302673e-01
-3.868668079376220703e-01 3.671067953109741211e-01
8.301430195569992065e-02 -9.311874508857727051e-01
-2.585912644863128662e-01 -1.807469874620437622e-01
-1.487684696912765503e-01 -5.393916964530944824e-01
6.822687387466430664e-02 -1.851263940334320068e-01
2.651093900203704834e-01 4.320441186428070068e-01
-6.604443788528442383e-01 2.632149457931518555e-01
-4.065318703651428223e-01 -7.144593447446823120e-02
-1.720871925354003906e-01 4.617139399051666260e-01
-3.898616433143615723e-01 -1.524128913879394531e-01
-3.511704504489898682e-01 -2.846881151199340820e-01
-1.714265644550323486e-01 2.769512236118316650e-01
-3.011604249477386475e-01 1.530617922544479370e-01
1.783747971057891846e-01 5.130532383918762207e-01
7.080559432506561279e-02 1.036144971847534180e+00
-1.397028863430023193e-01 -5.018494129180908203e-01
-4.668056368827819824e-01 3.377219736576080322e-01
1.216177716851234436e-01 3.872428536415100098e-01
-2.571772933006286621e-01 6.502617895603179932e-02
-5.174384117126464844e-01 -1.217469811439514160e+00
-4.765607416629791260e-01 -4.981885552406311035e-01
-1.574978381395339966e-01 -3.540598154067993164e-01
-2.368684709072113037e-01 4.399661123752593994e-01
2.350750863552093506e-01 5.431929826736450195e-01
-3.367751836776733398e-01 9.940517134964466095e-03
6.860662251710891724e-02 5.318902730941772461e-01
-4.038608074188232422e-02 -5.880323648452758789e-01
1.316023468971252441e-01 -5.541352629661560059e-01
-3.626132011413574219e-01 9.515087008476257324e-01
2.862765192985534668e-01 -1.290228366851806641e-01
-1.985381543636322021e-01 2.292196452617645264e-01
5.821932107210159302e-02 -4.762884974479675293e-01
1.124592870473861694e-01 2.673071622848510742e-02
4.325579702854156494e-01 -7.803494483232498169e-02
-8.984295278787612915e-02 -2.157972753047943115e-01
-2.106541842222213745e-01 5.161523222923278809e-01
2.596073746681213379e-01 -1.904511153697967529e-01
-1.671403497457504272e-01 1.835283488035202026e-01
3.314157128334045410e-01 -6.943780183792114258e-01
2.490459978580474854e-01 6.553388833999633789e-01
-5.028533749282360077e-03 8.889575004577636719e-01
3.735013902187347412e-01 8.030980825424194336e-01
2.406877279281616211e-02 4.958099722862243652e-01
-1.301978826522827148e-01 4.671374335885047913e-02
-3.049749433994293213e-01 -4.108745977282524109e-02
-1.773679256439208984e-01 6.140129640698432922e-02
-2.097429335117340088e-01 -3.712674975395202637e-01
-1.300518810749053955e-01 3.072843551635742188e-01
-4.032485932111740112e-02 -7.205568552017211914e-01
1.066749077290296555e-02 -1.268464207649230957e+00
-2.830522656440734863e-01 -4.614380896091461182e-01
-5.146955251693725586e-01 7.949727773666381836e-01
-5.520505458116531372e-02 -2.508158683776855469e-01
-1.940031647682189941e-01 1.433694362640380859e-01
-5.292826890945434570e-01 9.289363026618957520e-01
-5.272532701492309570e-01 3.746629059314727783e-01
2.375569343566894531e-01 1.917639225721359253e-01
-5.770057439804077148e-03 -1.307292222976684570e+00
-4.906305372714996338e-01 1.200871109962463379e+00
8.870344609022140503e-02 1.261017560958862305e+00
6.404422223567962646e-02 7.456541806459426880e-02
-1.716519296169281006e-01 -4.225122034549713135e-01
-1.022506505250930786e-01 3.711166679859161377e-01
2.357869148254394531e-01 -3.794417083263397217e-01
-2.737931311130523682e-01 -3.891056180000305176e-01
-2.431473731994628906e-01 8.173772692680358887e-01
-2.988734282553195953e-02 6.606578826904296875e-01
-4.812374711036682129e-01 -3.150931000709533691e-01
5.065091699361801147e-02 -5.283230543136596680e-01
-8.438517153263092041e-02 -6.297258138656616211e-01
-7.195513844490051270e-01 -8.233209848403930664e-01
4.257531762123107910e-01 -7.767608016729354858e-02
-3.862856924533843994e-01 -8.406913876533508301e-01
3.665891289710998535e-02 4.963214993476867676e-01
-2.418002188205718994e-01 1.219683051109313965e+00
-5.617989897727966309e-01 7.908622920513153076e-02
1.836318969726562500e-01 9.000555276870727539e-01
-8.283984847366809845e-03 -1.346095204353332520e-01
-2.689050510525703430e-02 -2.002799808979034424e-01
-1.626893319189548492e-02 -5.239688754081726074e-01
-7.035470604896545410e-01 4.669871330261230469e-01
-3.784990608692169189e-01 8.131149411201477051e-01
-1.737008541822433472e-01 -1.152245402336120605e+00
-1.701968014240264893e-01 -6.887965202331542969e-01
-7.394264638423919678e-02 -1.457790136337280273e-01
7.301343679428100586e-01 -2.016109526157379150e-01
-3.023784160614013672e-01 4.487935900688171387e-01
-1.655020415782928467e-01 -6.143547892570495605e-01
3.612563014030456543e-01 -2.912753224372863770e-01
6.025875806808471680e-01 -1.091658830642700195e+00
-5.448055863380432129e-01 2.951093614101409912e-01
-3.706526160240173340e-01 1.748831272125244141e-01
-8.061783015727996826e-02 3.977462649345397949e-01
1.510274261236190796e-01 -3.781899511814117432e-01
-4.643800109624862671e-02 8.898478746414184570e-01
-4.583643078804016113e-01 2.485076487064361572e-01
1.433513611555099487e-01 -7.318866252899169922e-02
7.420895248651504517e-02 -7.975395023822784424e-02
5.353523492813110352e-01 -1.787700690329074860e-02
-2.857271134853363037e-01 -1.040254592895507812e+00
1.731749996542930603e-02 2.330596446990966797e-01
2.109501659870147705e-01 -1.103956550359725952e-01
1.349270343780517578e-01 -3.106863200664520264e-01
-3.012903332710266113e-01 -1.565945893526077271e-01
-4.006333351135253906e-01 -4.200817942619323730e-01
-1.454690396785736084e-01 2.386201322078704834e-01
3.185216784477233887e-01 -1.027520179748535156e+00
-7.173503637313842773e-01 -5.210849046707153320e-01
-4.794653505086898804e-02 -3.878570497035980225e-01
5.040770024061203003e-02 -6.481261849403381348e-01
2.888694107532501221e-01 -2.730824947357177734e-01
-1.713386178016662598e-01 9.186488389968872070e-01
2.001416236162185669e-01 7.648690938949584961e-01
-4.678480625152587891e-01 -1.281571388244628906e+00
-2.869686484336853027e-01 5.947208497673273087e-03
1.293945312500000000e-01 -8.432415127754211426e-01
4.623369574546813965e-01 -1.151103496551513672e+00
2.571588754653930664e-02 1.127971172332763672e+00
9.424366056919097900e-02 -6.593386530876159668e-01
-2.693499922752380371e-01 -3.183062970638275146e-01
2.011367380619049072e-01 9.007431268692016602e-01
-1.315947622060775757e-01 7.116407155990600586e-01
1.618284136056900024e-01 -9.612759351730346680e-01
-2.757537961006164551e-01 1.974352151155471802e-01
-2.890846431255340576e-01 1.691603213548660278e-01
-1.674232184886932373e-01 2.020748108625411987e-01
-9.853424131870269775e-02 -3.718786686658859253e-02
2.014288008213043213e-01 2.746750712394714355e-01
-1.063550859689712524e-01 -2.442540377378463745e-01
-3.269213140010833740e-01 2.380545064806938171e-02
-5.938028097152709961e-01 -5.257011651992797852e-01
-3.512614369392395020e-01 -1.033443689346313477e+00
6.359760165214538574e-01 -3.700753152370452881e-01
-1.656673699617385864e-01 3.259727358818054199e-01
-5.763128399848937988e-01 1.303825676441192627e-01
-1.667726039886474609e-01 -6.077836826443672180e-02
-2.392091304063796997e-01 3.413210511207580566e-01
8.074047416448593140e-02 9.881252422928810120e-03
2.109742462635040283e-01 4.743358194828033447e-01
4.752842783927917480e-01 1.643214672803878784e-01
2.212025374174118042e-01 -3.631081879138946533e-01
-7.962428331375122070e-01 3.393833041191101074e-01
-6.376191973686218262e-02 1.442030817270278931e-01
-4.521940648555755615e-01 4.435283243656158447e-01
-1.234563589096069336e-01 2.654885649681091309e-01
4.393776133656501770e-02 -9.135006070137023926e-01
-6.841803342103958130e-02 -9.628220796585083008e-01
3.568487763404846191e-01 -2.824330031871795654e-01
-2.288525551557540894e-01 -1.018724203109741211e+00
-3.438748419284820557e-01 3.216161727905273438e-01
-2.061267644166946411e-01 1.021578535437583923e-01
3.377716541290283203e-01 -2.612380087375640869e-01
3.864078596234321594e-02 1.283713340759277344e+00
-5.716254115104675293e-01 1.859446913003921509e-01
2.316436767578125000e-01 -1.098414540290832520e+00
1.243701204657554626e-01 3.432456403970718384e-02
1.233646422624588013e-01 -8.083677291870117188e-01
1.778125733835622668e-04 -6.451354026794433594e-01
-4.716759622097015381e-01 7.422801852226257324e-01
1.049137264490127563e-01 5.525323748588562012e-01
2.080357372760772705e-01 1.259313344955444336e+00
-1.405815780162811279e-01 -6.800620257854461670e-02
3.171010315418243408e-01 7.825618386268615723e-01
-6.632681936025619507e-02 8.651641607284545898e-01
-3.615831732749938965e-01 -4.938289895653724670e-02
6.491921544075012207e-01 -3.973500728607177734e-01
-3.330653905868530273e-01 -2.748190164566040039e-01
-4.049938619136810303e-01 1.044779777526855469e+00
-2.170612066984176636e-01 -1.917739361524581909e-01
7.228873670101165771e-02 5.106770992279052734e-01
-5.250221490859985352e-01 5.786343216896057129e-01
5.151034519076347351e-02 5.221066474914550781e-01
-2.311629951000213623e-01 8.065957576036453247e-02
7.212230563163757324e-01 -2.525157332420349121e-01
8.094573020935058594e-02 -1.321460485458374023e+00
-2.426798641681671143e-01 -1.304967403411865234e+00
5.559929609298706055e-01 -7.364009022712707520e-01
1.938018500804901123e-01 7.569602727890014648e-01
-5.642702579498291016e-01 -3.416527509689331055e-01
-2.402722090482711792e-01 7.836242318153381348e-01
-2.438753098249435425e-01 1.041043400764465332e+00
1.039362177252769470e-01 3.992532789707183838e-01
-3.054596483707427979e-01 9.652329981327056885e-02
-4.340356886386871338e-01 6.089224219322204590e-01
-4.207260608673095703e-01 -4.160927832126617432e-01
-8.991966396570205688e-02 -1.631525307893753052e-01
-1.723273694515228271e-01 -5.246769785881042480e-01
1.003781184554100037e-01 -1.964166164398193359e-01
-2.734098434448242188e-01 -1.743633002042770386e-01
-4.451420903205871582e-01 3.946461677551269531e-01
1.520012021064758301e-01 -1.291001915931701660e+00
-4.429632127285003662e-01 5.542905926704406738e-01
-9.095016866922378540e-02 6.371025443077087402e-01
-1.609110236167907715e-01 8.251814842224121094e-01
-4.462131559848785400e-01 2.619486451148986816e-01
-3.817938864231109619e-01 -4.721234440803527832e-01
-1.640979945659637451e-01 4.454755187034606934e-01
3.146981447935104370e-02 5.531513094902038574e-01
-1.911469399929046631e-01 2.151462137699127197e-01
-2.318191081285476685e-01 -4.026401638984680176e-01
-6.860394477844238281e-01 1.063540298491716385e-02
-3.442507237195968628e-02 -3.423255980014801025e-01
-2.276433408260345459e-01 3.912689089775085449e-01
2.607857882976531982e-01 -2.820429205894470215e-01
2.133777141571044922e-01 3.574479222297668457e-01
1.745525449514389038e-01 1.198331117630004883e+00
2.051035463809967041e-01 -4.765226244926452637e-01
-5.933600664138793945e-01 4.708930552005767822e-01
1.115302890539169312e-01 -1.863130778074264526e-01
3.255100250244140625e-01 1.123601347208023071e-01
-4.396674036979675293e-01 -3.076205253601074219e-01
1.797372400760650635e-01 -3.047876358032226562e-01
-2.581520974636077881e-01 -1.854926645755767822e-01
6.582572311162948608e-02 7.732988595962524414e-01
-5.680993795394897461e-01 3.349360823631286621e-01
-6.008063629269599915e-02 -6.432671844959259033e-02
-1.009891480207443237e-01 5.568367242813110352e-01
1.032236963510513306e-01 -4.676710441708564758e-02
3.663590550422668457e-02 -9.204304814338684082e-01
1.616294085979461670e-01 -5.443496108055114746e-01
-4.765070974826812744e-01 2.077632844448089600e-01
-1.092199459671974182e-01 -1.346942305564880371e+00
-1.210948079824447632e-01 -6.014118790626525879e-01
-1.344569027423858643e-01 3.638555407524108887e-01
-6.432767212390899658e-02 1.520037621958181262e-04
-1.268372237682342529e-01 -9.903637170791625977e-01
-3.350687921047210693e-01 1.291901618242263794e-01
-2.359130829572677612e-01 -3.157843649387359619e-01
-1.250109970569610596e-01 8.633412420749664307e-02
-5.870403647422790527e-01 4.050472676753997803e-01
3.491978049278259277e-01 1.104365825653076172e+00
2.139535248279571533e-01 3.911072611808776855e-01
-1.343378722667694092e-01 -3.316389918327331543e-01
4.239286780357360840e-01 -5.334990620613098145e-01
-1.918170750141143799e-01 2.327273637056350708e-01
1.518279761075973511e-01 -2.502102851867675781e-01
-6.428138017654418945e-01 8.840507268905639648e-01
3.235372900962829590e-01 -3.346648216247558594e-01
-4.087917804718017578e-01 5.827027559280395508e-01
4.097409844398498535e-01 -2.171231806278228760e-01
8.908596634864807129e-02 4.050178527832031250e-01
1.615896448493003845e-02 3.990577161312103271e-01
-3.170995116233825684e-01 1.248374581336975098e-01
-5.908125638961791992e-01 8.042684793472290039e-01
1.289658099412918091e-01 3.461313247680664062e-01
-1.059395894408226013e-01 1.251468993723392487e-02
-5.026371479034423828e-01 5.428688526153564453e-01
3.676189780235290527e-01 -2.502874135971069336e-01
-2.713904976844787598e-01 7.933750748634338379e-01
-5.778956413269042969e-02 2.408144995570182800e-02
-5.460444092750549316e-01 -4.099636077880859375e-01
-2.294228039681911469e-02 -8.078604936599731445e-01
-1.613924652338027954e-01 4.433451592922210693e-01
-1.674066334962844849e-01 3.458422720432281494e-01
-1.964127570390701294e-01 5.432756990194320679e-02
2.267524600028991699e-02 -4.623008370399475098e-01
7.086023092269897461e-01 -1.186340093612670898e+00
4.514343738555908203e-01 8.353449702262878418e-01
-8.707591891288757324e-02 -6.002334356307983398e-01
-1.932183466851711273e-02 -7.327267527580261230e-01
-9.251455962657928467e-02 3.823733925819396973e-01
-2.041297405958175659e-01 4.536796733736991882e-02
-3.515491187572479248e-01 8.291067183017730713e-02
2.430127859115600586e-01 -2.441030293703079224e-01
-2.492461204528808594e-01 6.367313861846923828e-01
3.011550903320312500e-01 -8.765347301959991455e-02
-4.994491934776306152e-01 2.577361166477203369e-01
1.899719685316085815e-01 1.470684856176376343e-01
2.018581926822662354e-01 -2.599040865898132324e-01
1.283691227436065674e-01 -1.700938194990158081e-01
-3.412046283483505249e-02 5.521094799041748047e-01
-5.338127017021179199e-01 2.777982354164123535e-01
-1.892119199037551880e-01 -7.344191074371337891e-01
-2.602906152606010437e-02 1.054833903908729553e-01
5.382398515939712524e-02 3.060373663902282715e-01
-1.511386632919311523e-01 -5.705877542495727539e-01
1.686295717954635620e-01 -1.746830902993679047e-02
-3.819144666194915771e-01 2.590717971324920654e-01
-1.495507955551147461e-01 1.035726785659790039e+00
4.982358515262603760e-01 -2.913708686828613281e-01
-4.756230711936950684e-01 -7.622945904731750488e-01
4.023609757423400879e-01 -1.528590619564056396e-01
-2.359939515590667725e-01 4.740736484527587891e-01
5.109134912490844727e-01 -1.010759592056274414e+00
-6.701897382736206055e-01 9.896520376205444336e-01
-3.219400048255920410e-01 5.024383217096328735e-02
3.614862561225891113e-01 -3.727851063013076782e-02
1.709419935941696167e-01 -1.672935187816619873e-01
1.577324122190475464e-01 5.907164141535758972e-02
-1.349467039108276367e-02 4.145711958408355713e-01
2.628100812435150146e-01 1.182265520095825195e+00
2.419365197420120239e-01 7.064528465270996094e-01
-2.070116549730300903e-01 3.649506270885467529e-01
-8.044811896979808807e-03 -7.347249984741210938e-01
1.244738101959228516e-01 -1.056126318871974945e-02
1.070863157510757446e-01 -9.171210527420043945e-01
-4.905230998992919922e-01 7.066941261291503906e-02
-2.718457877635955811e-01 -5.701615810394287109e-01
-4.605966210365295410e-01 8.402591943740844727e-01
-1.910450011491775513e-01 -3.649471402168273926e-01
-5.724629014730453491e-02 2.403411865234375000e-01
5.824857354164123535e-01 4.718753043562173843e-03
3.421388193964958191e-02 4.949790537357330322e-01
-1.509688943624496460e-01 7.989178597927093506e-02
-1.491147577762603760e-01 -9.000377655029296875e-01
4.099506437778472900e-01 -1.223313927650451660e+00
-1.232583522796630859e-01 5.627120733261108398e-01
-1.463072560727596283e-02 6.222040653228759766e-01
-4.593089222908020020e-01 2.085699588060379028e-01
-2.881489694118499756e-01 -3.114362061023712158e-01
3.863303065299987793e-01 -3.967691659927368164e-01
-1.280232518911361694e-01 1.917382180690765381e-01
-2.842760086059570312e-01 9.146478772163391113e-01
7.411354221403598785e-03 -1.230252504348754883e+00
-8.481617271900177002e-02 -4.932742193341255188e-02
-1.427880227565765381e-01 1.162331849336624146e-01
-2.759221196174621582e-01 1.540218442678451538e-01
-4.055169224739074707e-01 2.881849408149719238e-01
-3.230645060539245605e-01 -9.578878283500671387e-01
1.647080630064010620e-01 -2.823724150657653809e-01
-6.523863971233367920e-02 8.330796360969543457e-01
6.693180799484252930e-01 1.243904352188110352e+00
-1.537213940173387527e-02 1.608044803142547607e-01
-2.220397293567657471e-01 3.421016782522201538e-02
-2.797123789787292480e-01 -4.373051524162292480e-01
5.656854435801506042e-02 -2.021718919277191162e-01
6.661942601203918457e-02 -6.039087772369384766e-01
-1.832941323518753052e-01 9.611980319023132324e-01
-7.952694892883300781e-01 5.733567476272583008e-01
-1.206407323479652405e-01 1.034682616591453552e-01
-2.037100791931152344e-01 -1.628237962722778320e-01
-1.994968354701995850e-01 2.872643470764160156e-01
-1.081090718507766724e-01 -1.665019392967224121e-01
-1.153611689805984497e-01 2.328306734561920166e-01
5.417813658714294434e-01 4.947945475578308105e-01
4.153152108192443848e-01 -7.847147583961486816e-01
-8.834045380353927612e-02 1.237106882035732269e-02
-4.160116612911224365e-01 8.672916293144226074e-01
-5.958885550498962402e-01 -1.254809498786926270e+00
-3.087856806814670563e-02 -1.023837327957153320e+00
3.520064949989318848e-01 -2.389181554317474365e-01
-3.692190945148468018e-01 9.647070169448852539e-01
5.125411152839660645e-01 2.192146778106689453e-01
-4.863779991865158081e-02 4.059089347720146179e-02
3.180631101131439209e-01 -1.284649968147277832e+00
-3.626511693000793457e-01 -1.208587646484375000e+00
-2.169325351715087891e-01 1.048168987035751343e-01
-4.817473143339157104e-02 -3.654216602444648743e-02
-2.894102409482002258e-02 4.568895697593688965e-01
-2.990050911903381348e-01 -1.048196315765380859e+00
-1.171206869184970856e-02 -3.843292295932769775e-01
-2.514475286006927490e-01 -6.622664332389831543e-01
3.261333405971527100e-01 -2.243758141994476318e-01
-4.867170453071594238e-01 1.988050341606140137e-01
-2.334692031145095825e-01 4.395445287227630615e-01
-5.055838823318481445e-01 1.429993212223052979e-01
-2.111986875534057617e-01 5.545261502265930176e-01
-4.714436531066894531e-01 6.524777412414550781e-01
-1.979856491088867188e-01 7.337616086006164551e-01
-5.079963803291320801e-01 -1.209788173437118530e-01
-1.189792901277542114e-01 -5.015384033322334290e-02
-2.757917344570159912e-01 -3.928411602973937988e-01
-3.786509931087493896e-01 -5.390189960598945618e-02
-1.537782698869705200e-01 -5.065785646438598633e-01
5.326355099678039551e-01 -1.047039389610290527e+00
7.012894004583358765e-02 -1.210894823074340820e+00
-6.511682271957397461e-02 -5.067088641226291656e-03
-4.823512136936187744e-01 -1.406183689832687378e-01
7.163938134908676147e-02 -1.168313026428222656e+00
2.099926024675369263e-01 -5.220276117324829102e-01
-2.720996737480163574e-01 -3.494458198547363281e-01
-2.004843503236770630e-01 -1.692087948322296143e-01
-4.120664000511169434e-01 5.036534667015075684e-01
-3.846237063407897949e-01 -6.715801954269409180e-01
-4.303755760192871094e-01 -1.345627009868621826e-01
3.096302151679992676e-01 -3.793535828590393066e-01
1.954930871725082397e-01 -2.551634013652801514e-01
-2.717173695564270020e-01 -9.428639411926269531e-01
5.666940286755561829e-02 6.255215406417846680e-01
1.486662775278091431e-01 -7.875477671623229980e-01
9.114302694797515869e-02 6.021240949630737305e-01
7.839042544364929199e-01 -9.798018336296081543e-01
-5.091294646263122559e-01 2.464700937271118164e-01
-4.091246128082275391e-01 3.633465766906738281e-01
-1.630600541830062866e-01 8.124622106552124023e-01
-2.821166515350341797e-01 4.186318814754486084e-01
3.300424218177795410e-01 -2.938870191574096680e-01
1.050624698400497437e-01 5.319428443908691406e-01
9.415487945079803467e-02 -1.274002552032470703e+00
-6.126403212547302246e-01 4.794276356697082520e-01
-1.747263967990875244e-01 -4.456167295575141907e-02
-3.371827304363250732e-01 -1.123517975211143494e-01
-7.924397289752960205e-02 3.409877121448516846e-01
2.217338085174560547e-01 1.118856549263000488e+00
3.968992084264755249e-02 6.626946926116943359e-01
-1.561106741428375244e-01 4.223949015140533447e-01
-1.466550529003143311e-01 4.568542540073394775e-01
8.593629300594329834e-02 6.521079540252685547e-01
-1.335936933755874634e-01 -4.265422224998474121e-01
4.726279526948928833e-02 6.205267831683158875e-02
-4.149271547794342041e-01 5.677367448806762695e-01
-4.883559346199035645e-01 5.545167922973632812e-01
-9.568378329277038574e-03 -1.163335070013999939e-01
-5.830121636390686035e-01 2.755069136619567871e-01
1.850056648254394531e-01 -6.755713224411010742e-01
-3.317776322364807129e-01 6.691028177738189697e-02
-2.299013584852218628e-01 3.391608595848083496e-01
-1.340819299221038818e-01 -5.962812155485153198e-02
-3.442407250404357910e-01 8.924835324287414551e-01
3.008516430854797363e-01 -3.763219714164733887e-01
-2.965876460075378418e-01 -6.994150280952453613e-01
3.254009485244750977e-01 8.421842455863952637e-01
-3.420221209526062012e-01 7.506018877029418945e-01
1.199886761605739594e-02 5.710826069116592407e-02
3.706811070442199707e-01 4.896182417869567871e-01
1.395099759101867676e-01 2.192492187023162842e-01
-8.065360598266124725e-03 -6.615559756755828857e-02
-4.007641375064849854e-01 4.788133502006530762e-01
8.443288803100585938e-01 -1.263463795185089111e-01
-1.990443766117095947e-01 7.329080700874328613e-01
-4.052031934261322021e-01 1.030161604285240173e-01
2.065399847924709320e-02 3.649879097938537598e-01
1.351777017116546631e-01 -3.843944370746612549e-01
-1.224744319915771484e-01 1.450229883193969727e+00
-1.607893556356430054e-01 1.129748821258544922e+00
-4.890907555818557739e-02 3.385280072689056396e-01
-4.606262147426605225e-01 3.269318938255310059e-01
-4.198198914527893066e-01 -5.522213578224182129e-01
-6.820951700210571289e-01 7.305628061294555664e-01
-7.201398909091949463e-02 -2.137294113636016846e-01
-2.706255018711090088e-01 5.065048858523368835e-02
-4.391878545284271240e-01 -1.189258471131324768e-01
-3.726184964179992676e-01 1.531749963760375977e-03
-2.129508703947067261e-01 5.214059948921203613e-01
-6.899583339691162109e-02 -4.793456494808197021e-01
2.592004239559173584e-01 3.456282019615173340e-01
1.938618421554565430e-01 1.835786998271942139e-01
6.601361036300659180e-01 -7.738634347915649414e-01
-6.594802439212799072e-02 -1.201067417860031128e-01
-2.796406745910644531e-01 -1.084916472434997559e+00
-9.707542136311531067e-03 1.163293421268463135e-02
5.538202449679374695e-02 1.409938484430313110e-01
2.192748486995697021e-01 -4.280636310577392578e-01
-3.113934099674224854e-01 4.626244008541107178e-01
-3.623341023921966553e-01 5.999093651771545410e-01
-5.477662086486816406e-01 7.022910714149475098e-01
4.889982640743255615e-01 -3.278826773166656494e-01
-1.320775002241134644e-01 3.633498027920722961e-02
-4.021787643432617188e-01 2.253212481737136841e-01
-3.799866139888763428e-01 3.382929265499114990e-01
2.749280929565429688e-01 -5.401345491409301758e-01
-2.123861759901046753e-01 -8.755860328674316406e-01
1.668724119663238525e-01 -1.019822955131530762e+00
-1.068079024553298950e-01 -2.931306362152099609e-01
-3.875756859779357910e-01 -1.305891871452331543e-01
2.552038133144378662e-01 -1.038565993309020996e+00
-1.296122968196868896e-01 3.417657613754272461e-01
-1.544554531574249268e-01 -1.197795748710632324e+00
3.700393140316009521e-01 5.698596239089965820e-01
2.563629746437072754e-01 5.179902166128158569e-02
-2.409872114658355713e-01 3.076713979244232178e-01
5.422051623463630676e-02 5.447932481765747070e-01
-2.495336085557937622e-01 3.213016390800476074e-01
1.957953423261642456e-01 -1.208194136619567871e+00
2.289698868989944458e-01 -6.165610998868942261e-02
2.011564932763576508e-02 -2.364112436771392822e-01
-3.015731573104858398e-01 5.635865330696105957e-01
-3.329334259033203125e-01 -7.457307577133178711e-01
-1.080882102251052856e-01 1.055844902992248535e+00
8.720651268959045410e-02 -5.807151198387145996e-01
1.806274354457855225e-01 -6.500536203384399414e-01
-6.344535201787948608e-02 -1.128486633300781250e+00
-1.042952314019203186e-01 -1.074714064598083496e+00
-2.801644206047058105e-01 1.256746351718902588e-01
5.844730138778686523e-02 -7.664942648261785507e-03
-1.207877770066261292e-01 2.331250905990600586e-01
-2.546961903572082520e-01 6.464092731475830078e-01
-3.437982201576232910e-01 1.044447198510169983e-01
-3.139420151710510254e-01 -3.753993511199951172e-01
7.361662983894348145e-01 -3.430084884166717529e-01
-8.328574895858764648e-02 6.555166840553283691e-02
-3.978897929191589355e-01 1.034754663705825806e-01
-3.860780000686645508e-01 3.215654492378234863e-01
-4.682508111000061035e-01 -8.093289285898208618e-02
-2.428159266710281372e-01 5.594118237495422363e-01
-1.519889086484909058e-01 -2.075899541378021240e-01
3.953309953212738037e-01 -1.416999399662017822e-01
5.014690011739730835e-02 -1.294020414352416992e-01
9.943977743387222290e-02 7.517407536506652832e-01
5.735013633966445923e-02 -5.810711979866027832e-01
-8.593699336051940918e-01 -4.497795104980468750e-01
-2.873569428920745850e-01 9.625522047281265259e-02
1.232472620904445648e-02 2.038720846176147461e-01
-1.666095703840255737e-01 5.190541148185729980e-01
-1.673884838819503784e-01 -2.327046841382980347e-01
-2.906803786754608154e-01 1.774192973971366882e-02
9.600286185741424561e-02 -3.556346893310546875e-01
2.542199194431304932e-01 5.121334642171859741e-02
1.808466948568820953e-02 -1.080660939216613770e+00
-1.955973356962203979e-01 7.130175232887268066e-01
-3.149817585945129395e-01 -9.062856435775756836e-03
-2.797030806541442871e-01 7.913599014282226562e-01
-1.179263815283775330e-01 6.218609809875488281e-01
3.689428567886352539e-01 -8.804698288440704346e-02
-5.024311542510986328e-01 8.636856079101562500e-01
-3.931028246879577637e-01 2.731553912162780762e-01
3.433553278446197510e-01 -2.237377613782882690e-01
1.669645756483078003e-01 -7.455552816390991211e-01
-7.667502015829086304e-02 -4.062178730964660645e-01
-3.374807834625244141e-01 3.477815091609954834e-01
-2.634412050247192383e-01 -5.168219655752182007e-02
1.099692434072494507e-01 3.595108389854431152e-01
8.991572260856628418e-01 -6.181116104125976562e-01
4.207465648651123047e-01 -9.501541256904602051e-01
-1.705977916717529297e-01 1.592708081007003784e-01
-2.586988806724548340e-01 -4.546601772308349609e-01
-2.245649397373199463e-01 -1.330073028802871704e-01
-6.294016242027282715e-01 4.799352288246154785e-01
-3.990877568721771240e-01 1.034979522228240967e-02
-1.031773686408996582e-01 7.213842272758483887e-01
5.143326520919799805e-01 -3.449123501777648926e-01
-3.948573470115661621e-01 -6.951326727867126465e-01
-3.363827168941497803e-01 7.268351316452026367e-01
-2.818387150764465332e-01 -4.729306697845458984e-01
3.568140864372253418e-01 -7.767949104309082031e-01
-7.901375740766525269e-02 3.649161756038665771e-01
-1.055503338575363159e-01 2.228597700595855713e-01
3.454489707946777344e-01 -1.003522872924804688e-01
1.930666863918304443e-01 5.699352025985717773e-01
-2.041297256946563721e-01 4.536796361207962036e-02
-3.117089569568634033e-01 -1.257466793060302734e+00
-7.119528204202651978e-02 6.914885342121124268e-02
-1.051656603813171387e-01 5.539169162511825562e-02
1.156625375151634216e-01 -2.063081562519073486e-01
-1.411266028881072998e-01 7.982846498489379883e-01
-3.296091407537460327e-02 -6.439967751502990723e-01
3.318268060684204102e-02 -3.474678099155426025e-01
-2.062499523162841797e-01 1.162003159523010254e+00
1.597195491194725037e-02 -2.186756581068038940e-01
-3.270698487758636475e-01 -9.306325018405914307e-02
3.790228366851806641e-01 -9.795826673507690430e-01
-1.161187901743687689e-04 -1.655592471361160278e-01
-2.672687172889709473e-01 -3.962501883506774902e-02
-5.556033253669738770e-01 -7.409586906433105469e-01
-4.662422090768814087e-02 -1.233191728591918945e+00
-5.205475091934204102e-01 4.980108141899108887e-01
4.389248043298721313e-02 -2.690966725349426270e-01
2.964643537998199463e-01 7.646664977073669434e-01
-2.424679994583129883e-01 5.304228663444519043e-01
5.275254845619201660e-01 5.706898570060729980e-01
2.655544281005859375e-01 -2.144533842802047729e-01
-3.578388094902038574e-01 -8.317201733589172363e-01
2.120843343436717987e-02 1.413675099611282349e-01
2.999922633171081543e-01 9.241648912429809570e-01
-1.742792427539825439e-01 -1.193374872207641602e+00
2.891180813312530518e-01 5.358895063400268555e-01
2.228124067187309265e-02 5.713084936141967773e-01
-2.836063504219055176e-01 -6.535914540290832520e-02
6.687277555465698242e-01 -1.207042336463928223e+00
1.020916849374771118e-01 2.029263880103826523e-03
6.532536745071411133e-01 7.535976767539978027e-01
-1.294029057025909424e-01 3.294508755207061768e-01
-4.480050206184387207e-01 6.901705265045166016e-01
-4.630152285099029541e-01 4.554071426391601562e-01
1.862047761678695679e-01 5.052440762519836426e-01
1.401362121105194092e-01 5.946820229291915894e-02
1.098939031362533569e-01 3.012039065361022949e-01
4.756226539611816406e-01 -7.254576683044433594e-02
-3.668083995580673218e-02 4.910736978054046631e-01
-3.878878951072692871e-01 -1.739116013050079346e-01
1.070629358291625977e-01 -7.569819688796997070e-01
-2.794291451573371887e-02 2.173886261880397797e-02
2.232365906238555908e-01 -6.946389377117156982e-02
4.383139610290527344e-01 -5.449063181877136230e-01
-1.397422403097152710e-01 -5.543183088302612305e-01
-7.488445192575454712e-02 7.037996649742126465e-01
-6.652840971946716309e-02 -1.359030902385711670e-01
-3.140468001365661621e-01 7.355121523141860962e-02
-3.308462202548980713e-01 -8.045634031295776367e-01
-2.186703234910964966e-01 5.615990757942199707e-01
4.079629480838775635e-01 -3.909860253334045410e-01
-1.633043736219406128e-01 1.110377430915832520e+00
-1.817770004272460938e-01 -1.732787340879440308e-01
-2.559185028076171875e-01 -6.770486235618591309e-01
3.268323242664337158e-01 -3.140741493552923203e-03
-6.558614969253540039e-02 5.858041048049926758e-01
4.602050781250000000e-02 7.684042453765869141e-01
-3.047646880149841309e-01 4.098571836948394775e-03
-1.210498809814453125e-01 2.824687361717224121e-01
5.678955838084220886e-02 5.953036546707153320e-01
-2.210354804992675781e-02 2.493545114994049072e-01
-1.537839174270629883e-01 -2.652155458927154541e-01
5.371930003166198730e-01 -5.356623530387878418e-01
-9.817133843898773193e-02 -3.602609038352966309e-01
4.554258286952972412e-01 -2.041571140289306641e-01
-8.014770597219467163e-02 8.920255303382873535e-02
3.110290169715881348e-01 -6.723853349685668945e-01
6.369815468788146973e-01 -6.189687848091125488e-01
1.061213240027427673e-01 5.310052037239074707e-01
-2.223316766321659088e-02 4.381136894226074219e-01
5.099121332168579102e-01 -5.739504843950271606e-02
-1.063437014818191528e-01 4.279877245426177979e-01
-2.111742198467254639e-01 -3.017881810665130615e-01
5.011969804763793945e-01 -4.828149676322937012e-01
-2.788582742214202881e-01 1.620828509330749512e-01
1.348704099655151367e-03 -4.859376549720764160e-01
-2.951300740242004395e-01 -4.332472681999206543e-01
-2.446406185626983643e-01 9.772163629531860352e-02
1.857559382915496826e-01 -3.791015744209289551e-01
-2.533975243568420410e-02 1.064828410744667053e-01
-8.322610706090927124e-02 1.010963559150695801e+00
-1.562717705965042114e-01 -1.181562185287475586e+00
-2.341406792402267456e-01 -4.948888719081878662e-01
2.602511644363403320e-02 -3.654422760009765625e-01
-5.523589849472045898e-01 -5.676981993019580841e-03
-9.860815852880477905e-02 -2.493769377470016479e-01
-3.367428183555603027e-01 -5.355797410011291504e-01
1.511411368846893311e-01 -3.889364600181579590e-01
2.266947329044342041e-01 -1.525153517723083496e-01
-4.532420635223388672e-01 -3.444299697875976562e-01
-1.302783470600843430e-02 3.201013207435607910e-01
2.298479825258255005e-01 6.712008714675903320e-01
-4.726181924343109131e-01 -5.091084837913513184e-01
-5.330442264676094055e-02 4.109728932380676270e-01
-1.266575455665588379e-01 1.139510888606309891e-02
3.016897737979888916e-01 3.860734105110168457e-01
4.717506095767021179e-02 3.796663880348205566e-01
2.644838392734527588e-01 1.081046342849731445e+00
-2.146762162446975708e-01 -3.749924004077911377e-01
1.823474466800689697e-01 3.008477091789245605e-01
-3.437324613332748413e-02 -1.734838783740997314e-01
1.160860508680343628e-01 9.442380070686340332e-01
-4.123144745826721191e-01 1.508124768733978271e-01
9.107998758554458618e-02 -1.027311086654663086e+00
3.240645229816436768e-01 -1.875076815485954285e-02
1.796936430037021637e-02 4.363097250461578369e-01
-2.112288028001785278e-01 5.682476758956909180e-01
-6.357718706130981445e-01 5.887454748153686523e-01
3.338702321052551270e-01 1.948505192995071411e-01
-1.632992923259735107e-01 -8.139351010322570801e-01
3.308885097503662109e-01 1.744145154953002930e-01
-4.719380736351013184e-01 1.161021113395690918e+00
-1.770906746387481689e-01 5.385220050811767578e-01
-5.278043150901794434e-01 -1.216448426246643066e+00
4.949572980403900146e-01 9.753910899162292480e-01
5.011671781539916992e-01 -3.817941546440124512e-01
3.580178916454315186e-01 3.938102126121520996e-01
1.082528084516525269e-01 4.665651321411132812e-01
-1.974880248308181763e-01 2.176957204937934875e-02
-3.521215915679931641e-01 5.555417537689208984e-01
-5.073381662368774414e-01 -5.847410112619400024e-02
1.819493472576141357e-01 7.103341221809387207e-01
-2.177548110485076904e-01 -7.673308849334716797e-01
-8.944721221923828125e-01 6.050127148628234863e-01
-4.577155113220214844e-01 7.446948289871215820e-01
5.461042001843452454e-02 -7.310711145401000977e-01
1.797341555356979370e-01 2.268962860107421875e-01
-4.684736132621765137e-01 1.457772105932235718e-01
-5.090351775288581848e-02 -9.327732324600219727e-01
5.571979284286499023e-02 -1.958285570144653320e-01
-2.147852629423141479e-01 4.926584661006927490e-01
-3.219299614429473877e-01 -4.119296073913574219e-01
-4.164519906044006348e-01 -9.181348979473114014e-02
2.841436266899108887e-01 3.590595424175262451e-01
3.190726637840270996e-01 2.944246530532836914e-01
4.361126944422721863e-02 3.902761936187744141e-01
-1.972524970769882202e-01 -3.609452247619628906e-01
-8.782289922237396240e-02 -3.332499861717224121e-01
2.731456160545349121e-01 -3.932874202728271484e-01
-3.815726190805435181e-02 -1.847035586833953857e-01
-2.701861262321472168e-01 2.579626441001892090e-01
4.553147256374359131e-01 -2.662178874015808105e-02
-2.639271020889282227e-01 4.837256073951721191e-01
-2.258872985839843750e-01 4.908490180969238281e-01
-5.819261074066162109e-02 1.476769000291824341e-01
2.417412251234054565e-01 1.271125316619873047e+00
-9.134610742330551147e-02 9.064875543117523193e-02
5.226619541645050049e-03 -1.091547250747680664e+00
-1.661713868379592896e-01 -2.815700173377990723e-01
1.211566776037216187e-01 -1.836722791194915771e-01
2.151151001453399658e-01 -4.761498570442199707e-01
3.070646524429321289e-01 -1.076093554496765137e+00
-3.838852047920227051e-01 2.720579504966735840e-01
2.210583351552486420e-02 3.020561039447784424e-01
-2.461145818233489990e-01 7.489901781082153320e-01
-3.760518431663513184e-01 2.851177752017974854e-01
-1.283328831195831299e-01 3.102249205112457275e-01
6.741048097610473633e-01 -1.336141228675842285e-01
-1.912050247192382812e-01 4.871336817741394043e-01
-2.314279526472091675e-01 -2.899599075317382812e-01
3.559552133083343506e-01 7.712706327438354492e-01
3.878263235092163086e-01 -3.617600798606872559e-01
-8.394716978073120117e-01 3.763162195682525635e-01
4.530718326568603516e-01 3.039120510220527649e-02
-1.808255463838577271e-01 9.721119999885559082e-01
-3.335135281085968018e-01 4.141973555088043213e-01
1.745459735393524170e-01 -1.027497529983520508e+00
2.603273391723632812e-01 6.241071224212646484e-01
-2.752806544303894043e-01 2.389872372150421143e-01
-2.934662997722625732e-01 1.983021944761276245e-01
-2.362210676074028015e-02 7.928448915481567383e-01
3.981471061706542969e-02 3.966986536979675293e-01
-3.328898549079895020e-01 4.966977238655090332e-02
3.902885019779205322e-01 -2.451838254928588867e-01
8.965598046779632568e-02 5.475717186927795410e-01
-1.679291129112243652e-01 4.206067919731140137e-01
1.838305890560150146e-01 4.293660521507263184e-01
6.601560711860656738e-01 -7.345111966133117676e-01
2.271315157413482666e-01 -9.076100587844848633e-01
-8.442489802837371826e-02 -6.676353514194488525e-02
1.486043073236942291e-02 2.768992781639099121e-01
6.856340914964675903e-02 -1.172016039490699768e-01
3.397160172462463379e-01 5.935790538787841797e-01
-5.149179100990295410e-01 8.822003602981567383e-01
-3.941248059272766113e-01 -4.297838807106018066e-01
-2.802609205245971680e-01 -2.530556321144104004e-01
-1.364864557981491089e-01 -3.553583621978759766e-01
5.227831602096557617e-01 4.384994506835937500e-01
9.667216241359710693e-02 -1.960550248622894287e-01
1.329237222671508789e-01 6.879804730415344238e-01
-3.677673935890197754e-01 2.739306092262268066e-01
-1.517913043498992920e-01 6.134361773729324341e-02
-4.989997446537017822e-01 -6.799280643463134766e-02
-6.709349751472473145e-01 -3.197453916072845459e-01
3.901857435703277588e-01 -3.821068406105041504e-01
-4.483152180910110474e-02 -1.844845116138458252e-01
1.386043578386306763e-01 6.222200989723205566e-01
-5.695766210556030273e-01 4.558003041893243790e-03
2.795767188072204590e-01 -1.068422794342041016e+00
-3.184627741575241089e-02 -1.483092606067657471e-01
-4.339198023080825806e-02 1.208822503685951233e-01
-2.008947432041168213e-01 -3.059107363224029541e-01
-1.100218147039413452e-01 -2.102158069610595703e-01
-2.871983349323272705e-01 5.550951361656188965e-01
-2.840802073478698730e-01 2.435444295406341553e-01
4.577975273132324219e-01 -8.594441413879394531e-01
-3.425144255161285400e-01 -2.425820827484130859e-01
-2.165770977735519409e-01 6.565933823585510254e-01
-3.307395577430725098e-01 -7.370836734771728516e-01
4.663714021444320679e-02 2.454991340637207031e-01
-3.677611052989959717e-01 3.479064404964447021e-01
-8.918143510818481445e-01 2.585944533348083496e-01
9.247852861881256104e-02 6.848877668380737305e-01
-3.671956658363342285e-01 1.357839345932006836e+00
-2.341885864734649658e-01 -1.737373769283294678e-01
2.060053795576095581e-01 5.682485103607177734e-01
1.771966964006423950e-01 6.858798265457153320e-01
3.760370910167694092e-01 -1.040859937667846680e+00
-2.472842670977115631e-02 5.611121058464050293e-01
-6.742233633995056152e-01 -1.938104927539825439e-01
-7.311029434204101562e-01 -3.194696307182312012e-01
-1.296894550323486328e-01 5.201281309127807617e-01
-1.279945373535156250e-01 5.733720660209655762e-01
1.784737557172775269e-01 -5.876470208168029785e-01
-2.240069359540939331e-01 -3.996511101722717285e-01
-1.233048457652330399e-02 -8.927510976791381836e-01
3.017233312129974365e-01 -6.964297294616699219e-01
5.489190667867660522e-02 -1.335219293832778931e-01
1.566793024539947510e-01 -1.115215659141540527e+00
1.207640618085861206e-01 4.269731640815734863e-01
1.684375554323196411e-01 -2.247426211833953857e-01
-3.329262137413024902e-01 -1.097186356782913208e-01
-1.950568892061710358e-02 1.048152804374694824e+00
-1.336977630853652954e-01 -1.174242138862609863e+00
2.218675613403320312e-02 -1.557911932468414307e-01
3.866667151451110840e-01 -2.091402709484100342e-01
-4.018519073724746704e-02 -3.910554051399230957e-01
3.703843429684638977e-02 -7.193891406059265137e-01
4.392820298671722412e-01 2.518559694290161133e-01
2.793790102005004883e-01 4.747663438320159912e-01
6.044403463602066040e-02 -7.575383186340332031e-01
1.230488792061805725e-01 1.771917492151260376e-01
-4.486858248710632324e-01 6.519492715597152710e-02
5.933508276939392090e-01 -4.667892307043075562e-02
4.261441230773925781e-01 -2.208723574876785278e-01
-1.377838850021362305e-02 5.099922418594360352e-01
4.521835446357727051e-01 9.593313336372375488e-01
-2.995357476174831390e-02 1.386358737945556641e-01
5.999051332473754883e-01 -2.837745249271392822e-01
-5.552407354116439819e-02 1.048698663711547852e+00
-1.871472573839128017e-03 1.640149503946304321e-01
1.371353417634963989e-01 -9.653002023696899414e-01
1.417004466056823730e-01 7.120894193649291992e-01
7.532022148370742798e-02 3.142474293708801270e-01
-3.575361967086791992e-01 2.556800842285156250e-02
1.269805282354354858e-01 1.259757637977600098e+00
1.642478108406066895e-01 -9.123082160949707031e-01
-1.680802106857299805e-01 -3.768624663352966309e-01
7.302022073417901993e-03 3.330848813056945801e-01
-1.181076280772686005e-02 1.081749320030212402e+00
1.418702304363250732e-02 4.122297167778015137e-01
2.780064940452575684e-01 7.769563794136047363e-01
5.406018495559692383e-01 -6.355652809143066406e-01
5.700027942657470703e-02 -5.132476091384887695e-01
-3.947662711143493652e-01 -1.017469391226768494e-01
1.439903676509857178e-01 -1.034293055534362793e+00
2.310541421175003052e-01 -5.305479764938354492e-01
-2.491957247257232666e-01 4.862118363380432129e-01
1.186273097991943359e-01 -8.386706113815307617e-01
-2.469879947602748871e-02 1.636406481266021729e-01
-4.743639826774597168e-01 1.165532022714614868e-01
-1.133840531110763550e-01 -8.968943357467651367e-01
5.920032784342765808e-02 2.448825389146804810e-01
-8.025814592838287354e-02 8.763900995254516602e-01
-3.588180989027023315e-02 -7.524231672286987305e-01
-3.327465653419494629e-01 -1.589220762252807617e-01
-4.236022531986236572e-01 1.017605781555175781e+00
2.173837870359420776e-01 3.779254555702209473e-01
-2.281313687562942505e-01 2.572792470455169678e-01
-2.537256479263305664e-01 5.443267822265625000e-01
-6.431089639663696289e-01 4.162200391292572021e-01
-6.632236838340759277e-01 4.051934182643890381e-01
-1.996174156665802002e-01 9.737070798873901367e-01
1.715712845325469971e-01 -4.653206467628479004e-01
5.818346142768859863e-01 -6.144385784864425659e-02
-1.109535917639732361e-01 1.799696683883666992e-01
-3.838852047920227051e-01 2.720579504966735840e-01
-1.410413682460784912e-01 5.344900488853454590e-01
-9.457613527774810791e-02 2.597957551479339600e-01
-4.713454842567443848e-01 -8.709287643432617188e-01
6.475971639156341553e-02 5.942958593368530273e-01
-3.361247181892395020e-01 1.204823255538940430e+00
-8.763974905014038086e-02 -7.161563634872436523e-02
1.436705291271209717e-01 -2.564582824707031250e-01
-3.273528069257736206e-02 9.349085688591003418e-01
-3.096808195114135742e-01 -4.949720948934555054e-02
-5.467149019241333008e-01 5.933055877685546875e-01
1.203075870871543884e-01 -2.905158996582031250e-01
-7.809976935386657715e-01 6.210639476776123047e-01
1.811507195234298706e-01 -8.883125185966491699e-01
-1.487801373004913330e-01 -1.271496713161468506e-01
-7.847926765680313110e-02 -9.886801838874816895e-01
-1.569103896617889404e-01 -1.296811342239379883e+00
3.338245153427124023e-01 -4.491961598396301270e-01
-1.298263370990753174e-01 4.824804142117500305e-02
-1.497915685176849365e-01 2.583458423614501953e-01
4.220290184020996094e-01 -7.557390630245208740e-02
6.384567916393280029e-02 -6.735603809356689453e-01
-6.507019698619842529e-02 -1.289438754320144653e-01
-2.810438871383666992e-01 4.691704362630844116e-02
-4.106008410453796387e-01 -6.675096154212951660e-01
-1.756771504878997803e-01 7.273355722427368164e-01
3.072610497474670410e-01 1.130054235458374023e+00
-2.318525221198797226e-03 1.062670111656188965e+00
-3.710941672325134277e-01 2.263229787349700928e-01
-1.687967777252197266e-01 2.548087537288665771e-01
-3.429702520370483398e-01 5.408994108438491821e-02
-2.307499945163726807e-01 3.130192756652832031e-01
1.192771047353744507e-01 8.307153582572937012e-01
1.731748506426811218e-02 2.330596745014190674e-01
4.217551350593566895e-01 -4.255828857421875000e-01
-3.290860652923583984e-01 -3.176005482673645020e-01
-4.391962587833404541e-01 -7.075169086456298828e-01
1.938256025314331055e-01 7.783759236335754395e-01
-6.938091665506362915e-02 -1.837140172719955444e-01
2.568270564079284668e-01 -1.050866961479187012e+00
-5.662642121315002441e-01 5.276692509651184082e-01
-4.873626679182052612e-02 8.110660314559936523e-01
5.626112818717956543e-01 -5.260343551635742188e-01
-1.394871026277542114e-01 -7.580970227718353271e-02
5.234576389193534851e-02 -2.815042436122894287e-01
-3.822565195150673389e-04 -1.303776800632476807e-01
1.187507137656211853e-01 -2.481171786785125732e-01
-3.311633467674255371e-01 -7.083564996719360352e-03
1.329346150159835815e-01 -9.547036886215209961e-01
1.134380847215652466e-01 8.820524215698242188e-01
4.080959260463714600e-01 6.076446175575256348e-01
-3.025710582733154297e-01 4.458858817815780640e-02
-3.693445026874542236e-01 -1.157212406396865845e-01
-1.642566919326782227e-01 6.603940725326538086e-01
-4.022478684782981873e-02 5.866910219192504883e-01
-7.634658813476562500e-01 5.217635035514831543e-01
2.340268716216087341e-02 -8.693569898605346680e-01
-2.397680729627609253e-01 -4.755047857761383057e-01
-3.150323778390884399e-02 -2.592886388301849365e-01
2.302738428115844727e-01 1.326018214225769043e+00
-5.809593200683593750e-01 -9.489813446998596191e-02
-8.150483965873718262e-01 5.753594636917114258e-01
2.558797001838684082e-01 -7.377835512161254883e-01
-2.281206399202346802e-01 2.447698563337326050e-01
4.506979882717132568e-01 -8.558154106140136719e-01
1.653580665588378906e-01 3.940565586090087891e-01
2.521574497222900391e-01 -1.232969760894775391e-02
-2.865461073815822601e-02 -3.293224871158599854e-01
9.901802241802215576e-02 1.025612473487854004e+00
-1.038295999169349670e-01 1.003878593444824219e+00
-1.270359307527542114e-01 5.235569477081298828e-01
8.860807120800018311e-02 -5.427829623222351074e-01
-3.406389355659484863e-01 -2.779432237148284912e-01
3.252438902854919434e-01 9.054297208786010742e-01
-4.816633649170398712e-03 6.700060367584228516e-01
2.559407986700534821e-02 -6.043481230735778809e-01
4.090058803558349609e-01 -7.350668907165527344e-01
-2.202918082475662231e-01 4.280070215463638306e-02
-3.434879183769226074e-01 2.332490682601928711e-01
1.034514307975769043e-01 2.188962651416659355e-03
-2.112882584333419800e-01 2.860066890716552734e-01
1.094744652509689331e-01 -5.239535570144653320e-01
-3.290021717548370361e-01 1.996313035488128662e-01
-5.760113000869750977e-01 -8.633031696081161499e-02
4.749810099601745605e-01 -4.003663659095764160e-01
4.751178622245788574e-01 -3.301162123680114746e-01
-2.497865706682205200e-01 1.167001947760581970e-01
2.086614370346069336e-01 -3.031145930290222168e-01
-7.487131655216217041e-02 -3.169595599174499512e-01
-1.533939242362976074e-01 -4.508260637521743774e-02
-6.334809064865112305e-01 -6.244222521781921387e-01
-3.035243153572082520e-01 -8.377861231565475464e-02
-1.272099465131759644e-01 -9.974443316459655762e-01
-1.281810253858566284e-01 1.605583131313323975e-01
4.508085250854492188e-01 3.627654910087585449e-01
4.057634994387626648e-02 -1.236786879599094391e-02
-2.207562029361724854e-01 -2.687082812190055847e-02
2.384735792875289917e-01 -3.255390226840972900e-01
-1.898229569196701050e-01 -8.351404964923858643e-02
-2.076004445552825928e-01 4.368247091770172119e-01
-2.682124078273773193e-01 2.585824131965637207e-01
-3.959465622901916504e-01 -2.357346117496490479e-01
-8.009809255599975586e-01 6.537656784057617188e-01
-1.574242487549781799e-02 7.895313501358032227e-01
2.031348496675491333e-01 -2.672156691551208496e-02
3.709195256233215332e-01 2.219979315996170044e-01
-3.188129961490631104e-01 5.037313699722290039e-01
-3.684943914413452148e-01 4.556101262569427490e-01
-2.195608913898468018e-01 3.676080405712127686e-01
1.044743694365024567e-02 -4.700175821781158447e-01
-6.296298652887344360e-02 -4.571444094181060791e-01
6.054760217666625977e-01 5.910595655441284180e-01
-5.123036503791809082e-01 7.393121719360351562e-01
3.786095976829528809e-01 8.277349472045898438e-01
-1.798547804355621338e-01 1.232789978384971619e-01
5.535511970520019531e-01 -1.109310388565063477e+00
1.774487197399139404e-01 -4.427246451377868652e-01
-2.454456537961959839e-01 8.937751650810241699e-01
-7.417560219764709473e-01 8.441498875617980957e-01
1.296169776469469070e-02 -1.656287610530853271e-01
-4.937029778957366943e-01 2.794916033744812012e-01
1.335069239139556885e-01 4.573578238487243652e-01
-1.373091638088226318e-01 -1.071494817733764648e+00
4.249475002288818359e-01 1.094138398766517639e-01
-4.620505273342132568e-01 4.436805844306945801e-01
-3.059666156768798828e-01 -9.512079358100891113e-01
8.340667486190795898e-01 -9.222265481948852539e-01
-1.724248751997947693e-02 7.077563405036926270e-01
-4.264945387840270996e-01 1.010268777608871460e-01
4.088679850101470947e-01 -4.583217501640319824e-01
4.197521805763244629e-01 -1.111069694161415100e-01
5.152465030550956726e-02 7.931503467261791229e-03
-5.902758985757827759e-02 8.114773631095886230e-01
-5.165434628725051880e-02 -1.123507142066955566e+00
-1.177356019616127014e-01 -4.132389426231384277e-01
3.818618357181549072e-01 -8.512023687362670898e-01
-3.426337614655494690e-02 5.997369885444641113e-01
-7.982153445482254028e-02 7.226087450981140137e-01
-1.388006955385208130e-01 6.658853292465209961e-01
-2.039800584316253662e-01 6.565085053443908691e-01
-5.504031181335449219e-01 -7.751010060310363770e-01
6.043065786361694336e-01 2.817346453666687012e-01
-3.777972161769866943e-01 6.870445609092712402e-01
-3.177486956119537354e-01 1.950750052928924561e-01
4.090437889099121094e-01 -7.910715937614440918e-01
4.634164869785308838e-01 1.061583161354064941e-01
-4.153672605752944946e-02 5.662656947970390320e-02
-1.393964439630508423e-01 -2.196662425994873047e-01
3.542695939540863037e-01 3.792524039745330811e-01
-3.887031376361846924e-01 8.347789049148559570e-01
-4.642176628112792969e-02 3.118757605552673340e-01
-1.615676134824752808e-01 1.168691873550415039e+00
5.684734508395195007e-02 -1.278266310691833496e+00
2.386130541563034058e-01 7.915893793106079102e-01
1.642046272754669189e-01 -7.151231765747070312e-01
-2.652085721492767334e-01 7.593148946762084961e-01
-2.551390528678894043e-01 -2.426319122314453125e-01
-3.893480896949768066e-01 2.659751176834106445e-01
-3.381803631782531738e-01 5.414493083953857422e-01
-1.843630820512771606e-01 -6.285840868949890137e-01
-3.399132192134857178e-01 8.144152760505676270e-01
-1.496462225914001465e-01 -2.125184237957000732e-02
8.767900615930557251e-02 -8.319433331489562988e-01
2.593804299831390381e-01 -2.182451039552688599e-01
2.619001269340515137e-01 1.156691312789916992e+00
-9.688188880681991577e-02 -3.550644516944885254e-01
-6.107317209243774414e-01 -4.971278458833694458e-02
-3.062669886276125908e-03 -1.773075461387634277e-01
-1.182807702571153641e-02 -4.355964064598083496e-02
3.353505730628967285e-01 -1.251103263348340988e-02
5.477065965533256531e-02 6.428405046463012695e-01
3.507386147975921631e-01 -1.615286767482757568e-01
8.740909397602081299e-02 -9.894453287124633789e-01
-2.564124464988708496e-01 -1.133103132247924805e+00
5.276720598340034485e-02 9.602884054183959961e-01
-4.088568687438964844e-01 3.690582513809204102e-01
5.526453256607055664e-01 -1.149260282516479492e+00
-1.935289800167083740e-01 -7.218571752309799194e-02
-4.056731164455413818e-01 -1.858903914690017700e-01
4.383140504360198975e-01 -5.449062585830688477e-01
-4.223915636539459229e-01 7.502218484878540039e-01
-1.862802058458328247e-01 -2.614234983921051025e-01
4.466039240360260010e-01 -2.443218678236007690e-01
4.813295304775238037e-01 -1.394320368766784668e+00
1.945673525333404541e-01 -7.796265184879302979e-02
-3.939436078071594238e-01 -8.798273801803588867e-01
1.726882904767990112e-01 6.945823431015014648e-01
-2.853938043117523193e-01 2.233026921749114990e-01
-1.394821424037218094e-02 9.329467266798019409e-02
-2.321949452161788940e-01 4.157133102416992188e-01
-6.020626425743103027e-02 -1.191304206848144531e+00
-2.077414542436599731e-01 1.033080592751502991e-01
1.166580468416213989e-01 7.587741613388061523e-01
-4.248038232326507568e-01 8.495140075683593750e-02
-4.418177604675292969e-01 6.455264985561370850e-02
-5.425089597702026367e-01 9.030108898878097534e-02
5.528896450996398926e-01 6.941364407539367676e-01
1.518339812755584717e-01 -1.513847112655639648e-01
-2.678692638874053955e-01 -3.533078134059906006e-01
2.859996557235717773e-01 -2.133596688508987427e-01
-2.526254355907440186e-01 2.204103469848632812e-01
-5.507995933294296265e-02 -1.136911883950233459e-01
2.291297018527984619e-01 -3.579493761062622070e-01
-5.852146148681640625e-01 5.959820747375488281e-01
2.020524293184280396e-01 -1.285007715225219727e+00
-3.007001876831054688e-01 8.021001815795898438e-01
5.083001255989074707e-01 -4.255708754062652588e-01
-4.058513045310974121e-02 4.668696820735931396e-01
-4.494396150112152100e-01 3.095499873161315918e-01
6.071438193321228027e-01 -4.211251139640808105e-01
1.060584336519241333e-01 1.244858652353286743e-01
6.314861774444580078e-02 1.131137385964393616e-01
-3.927669525146484375e-01 -7.486224770545959473e-01
-3.351273834705352783e-01 -1.281057000160217285e+00
1.143911257386207581e-01 -6.243850588798522949e-01
-2.197649776935577393e-01 5.463033914566040039e-01
6.850604712963104248e-02 -3.575623631477355957e-01
6.816819906234741211e-01 3.053931295871734619e-01
1.667015850543975830e-01 9.171988368034362793e-01
9.907758980989456177e-02 -4.590339660644531250e-01
7.838447391986846924e-02 -1.200762033462524414e+00
7.585330307483673096e-02 -2.671632170677185059e-01
-3.025944232940673828e-01 4.334340095520019531e-01
-4.442624449729919434e-01 1.873438656330108643e-01
6.592949628829956055e-01 5.406604409217834473e-01
-3.604444265365600586e-01 -1.105446070432662964e-01
-1.506773680448532104e-01 3.458770811557769775e-01
-2.358100861310958862e-01 8.618020266294479370e-02
1.539603918790817261e-01 -1.282357454299926758e+00
3.018909692764282227e-01 2.824804186820983887e-01
4.581688046455383301e-01 -1.208819001913070679e-01
7.800378650426864624e-02 -4.358088374137878418e-01
-6.628184318542480469e-01 4.761312007904052734e-01
1.642170548439025879e-02 2.913159728050231934e-01
1.222066059708595276e-01 8.540896177291870117e-01
-3.164697289466857910e-01 -2.130424231290817261e-01
-5.385031104087829590e-01 -2.896249294281005859e-01
-2.366438806056976318e-01 -3.818753361701965332e-01
1.865069121122360229e-01 -1.178978085517883301e+00
-8.606919050216674805e-01 5.542576909065246582e-01
2.383076250553131104e-01 -5.075046420097351074e-01
-4.290649294853210449e-01 1.113284230232238770e+00
-4.097053408622741699e-01 -4.264653101563453674e-02
3.829636275768280029e-01 -5.101923942565917969e-01
-3.700670599937438965e-01 -7.382153272628784180e-01
2.351455688476562500e-01 -1.268420368432998657e-01
2.131666690111160278e-01 -1.496499776840209961e-01
1.559276133775711060e-02 -2.961385250091552734e-01
-3.055445551872253418e-01 -1.070801496505737305e+00
-4.183473587036132812e-01 5.933951139450073242e-01
1.210196465253829956e-01 5.872949361801147461e-01
4.246173053979873657e-02 -1.173417195677757263e-01
1.795606166124343872e-01 -7.263699769973754883e-01
3.295506834983825684e-01 2.722708582878112793e-01
-2.444343119859695435e-01 8.200590014457702637e-01
-1.368171423673629761e-01 -3.851923942565917969e-01
-3.634218275547027588e-01 -4.349225759506225586e-02
-4.689312875270843506e-01 6.749276071786880493e-02
-8.706244081258773804e-02 7.578247785568237305e-01
-3.457610011100769043e-01 -1.264895498752593994e-01
8.533334359526634216e-03 -1.150035262107849121e-01
4.709073007106781006e-01 8.317604064941406250e-01
-5.542693734169006348e-01 1.969174891710281372e-01
5.805592611432075500e-02 9.716938436031341553e-02
-7.749308645725250244e-02 -1.573989354074001312e-02
4.678342491388320923e-02 3.119700849056243896e-01
-5.163931250572204590e-01 2.459670007228851318e-01
1.669149845838546753e-01 -4.074826836585998535e-01
-2.437739372253417969e-01 -1.442793458700180054e-01
1.816649883985519409e-01 9.819506108760833740e-02
9.796096682548522949e-01 -1.026829838752746582e+00
3.902503848075866699e-01 1.273912191390991211e-02
3.710398674011230469e-01 1.212424993515014648e+00
3.384107947349548340e-01 -1.420614868402481079e-01
2.573083713650703430e-02 -1.814087927341461182e-01
-4.010433554649353027e-01 3.991159796714782715e-01
2.691897749900817871e-01 -2.192459106445312500e-01
-3.262246251106262207e-01 1.194105386734008789e+00
-2.636492550373077393e-01 4.950990080833435059e-01
-2.016336619853973389e-01 -2.810920476913452148e-01
-2.979194223880767822e-01 5.375938415527343750e-01
-1.286223232746124268e-01 -5.888403058052062988e-01
-4.604207873344421387e-01 -5.642983317375183105e-01
-5.787506103515625000e-01 5.387119650840759277e-01
-7.778927087783813477e-01 2.537009716033935547e-01
-4.874737858772277832e-01 -2.736711502075195312e-02
-3.433654904365539551e-01 5.921377539634704590e-01
5.352529883384704590e-02 -2.136244252324104309e-02
-6.748312711715698242e-01 4.105857759714126587e-02
1.395030915737152100e-01 6.796221137046813965e-01
-6.685031652450561523e-01 -1.067432612180709839e-01
6.400126218795776367e-02 -3.261231482028961182e-01
2.657643556594848633e-01 -8.452685475349426270e-01
-1.798188537359237671e-01 -5.699260234832763672e-01
7.854573428630828857e-02 -2.694606184959411621e-01
-2.049451321363449097e-01 -3.580631911754608154e-01
-2.399781197309494019e-01 9.090489149093627930e-02
-3.512206077575683594e-01 -3.606352210044860840e-01
3.652470707893371582e-01 -3.980015814304351807e-01
-5.824975967407226562e-01 -1.095604658126831055e+00
1.714137755334377289e-02 -1.181957244873046875e+00
1.653580665588378906e-01 3.940566182136535645e-01
6.543204933404922485e-02 -1.151018619537353516e+00
2.350827455520629883e-01 7.347797155380249023e-01
-2.464586198329925537e-01 9.768338203430175781e-01
-5.850221589207649231e-02 6.645514816045761108e-02
-2.527967095375061035e-01 1.092312812805175781e+00
-1.980714946985244751e-01 1.199347749352455139e-01
-3.915103077888488770e-01 6.083792448043823242e-01
6.090494394302368164e-01 -5.626748204231262207e-01
-1.517161428928375244e-01 3.883145377039909363e-02
1.193280071020126343e-01 -3.205246329307556152e-01
-6.958204507827758789e-01 -2.865624427795410156e-01
-2.411321848630905151e-01 2.577608227729797363e-01
-2.549389004707336426e-01 3.132649064064025879e-01
1.254739910364151001e-01 7.811644077301025391e-01
-3.061449527740478516e-01 -3.785670921206474304e-02
-3.686066716909408569e-02 -1.341467142105102539e+00
-4.905230998992919922e-01 7.066939026117324829e-02
3.547655642032623291e-01 -1.173511594533920288e-01
-2.220611870288848877e-01 9.597227722406387329e-02
-4.159949421882629395e-01 -4.396616816520690918e-01
-4.005953371524810791e-01 2.297630757093429565e-01
2.768946290016174316e-01 2.053407877683639526e-01
1.621203869581222534e-01 -5.631466507911682129e-01
6.444328930228948593e-03 6.401357799768447876e-02
-1.500563323497772217e-01 6.028141975402832031e-01
3.630144000053405762e-01 4.563800692558288574e-01
1.762270927429199219e-03 6.145890355110168457e-01
3.614521622657775879e-01 2.494326084852218628e-01
3.079843474552035332e-03 1.058781743049621582e+00
1.034696549177169800e-01 3.026546537876129150e-01
-2.735612355172634125e-02 9.207481145858764648e-01
-1.200604662299156189e-01 1.077514514327049255e-01
-5.011729001998901367e-01 -1.255618929862976074e-01
-4.547646939754486084e-01 6.285435557365417480e-01
-3.777364194393157959e-01 7.498637437820434570e-01
-4.077063128352165222e-02 -2.317717373371124268e-01
-5.751148611307144165e-02 4.992953240871429443e-01
-3.455934822559356689e-01 2.900754511356353760e-01
2.457386553287506104e-01 4.964289665222167969e-01
-1.433180868625640869e-01 -7.427434921264648438e-01
-2.487223148345947266e-01 8.315544128417968750e-01
-2.393100261688232422e-01 -2.195606529712677002e-01
2.188313454389572144e-01 1.606676876544952393e-01
-1.556651741266250610e-01 4.918680712580680847e-02
-1.706277132034301758e-01 -2.107507288455963135e-01
3.686457872390747070e-03 -1.709461212158203125e-01
1.201870590448379517e-01 -2.016321718692779541e-01
-1.896139532327651978e-01 6.246858090162277222e-02
1.363858021795749664e-02 -3.393451124429702759e-02
-3.592266142368316650e-01 5.317211151123046875e-01
2.366721630096435547e-01 -3.372375369071960449e-01
-4.370288848876953125e-01 1.124567762017250061e-01
-3.228776156902313232e-01 1.435540318489074707e-01
4.169931262731552124e-02 -1.203635782003402710e-01
-1.484740525484085083e-01 9.710389375686645508e-01
-1.810624077916145325e-02 -1.022325158119201660e+00
-5.224208831787109375e-01 6.307940483093261719e-01
8.598615229129791260e-02 -4.188313335180282593e-02
3.345567584037780762e-01 1.772386953234672546e-02
