2.163860994573751473e+00 1.602301462769793794e+00 -3.537946630073048743e-02
2.114329365921117088e+00 1.262222400271615586e+00 -4.274175808469126564e-02
2.470854129811014488e+00 1.218151659354192784e+00 2.378859732592541743e-01
1.607754970411889195e+00 1.054610884951340255e+00 1.070155438856578434e-01
2.270648674722038685e+00 1.173662784435070883e+00 -2.624086121567973939e-01
2.351255754658464259e+00 1.273420580110096845e+00 4.324045354076372361e-01
2.949421815876193786e+00 7.896688772223211528e-01 3.557882613045856846e-01
2.777009390661423271e+00 1.189563044043263629e+00 1.605971198149758750e-01
2.516937768475803860e+00 9.748409123048655811e-01 5.319543877115942010e-01
2.123071393568711773e+00 2.908043317661512805e-01 3.095336518852209381e-02
2.893989706950814256e+00 -8.646415101167984063e-02 1.328447103733936263e-01
3.903616610388358499e+00 1.073383532728699130e+00 2.574935029942482800e-01
3.384643706038644062e+00 5.525062529341945305e-01 5.550913490768608072e-02
3.082041297260555091e+00 4.799080353786191466e-01 3.791955383794588796e-02
3.424589474217397012e+00 4.474748135722497189e-01 3.255760703772024311e-01
3.754653714947850940e+00 8.208751455198961544e-01 3.081855245307647539e-01
3.226915152796868913e+00 9.248232464415673260e-01 4.314850395444039949e-02
3.368809769640670471e+00 -3.365962265867120662e-01 -1.500603855525412256e-01
3.919581966118146354e+00 9.318981037091607078e-01 1.823781865180201245e-01
3.764762839210011425e+00 4.080673227377518142e-01 -2.203130217273884250e-01
3.769635893244193792e+00 8.499092016269055305e-01 8.178514323659385327e-03
3.584335803327380887e+00 6.190225136268928674e-01 -2.142292913996190207e-01
4.696218346988179526e+00 4.753084189349586763e-01 1.053344293235920597e-02
5.089744298974010484e+00 5.117515222271415976e-01 -1.056953902526592687e-01
4.393895958720430706e+00 5.831686168506365897e-01 -1.991343894937848968e-01
4.222737108422438546e+00 5.424109116266471187e-01 -2.456980123730908017e-01
3.993120426493374620e+00 1.033057721168776810e+00 1.555566631152423274e-01
5.194490794505035147e+00 1.263079716021982879e+00 1.443393189625559181e-01
4.357234126560880938e+00 1.036480082791997770e+00 1.248978513495225956e-01
3.785718813175427577e+00 5.892851698186658549e-01 -1.472763990340607843e-01
4.435130510746019716e+00 9.485971656988900769e-01 7.507211729248508547e-02
3.304182144358184026e+00 -4.643046389414529074e-01 -2.935119661555199988e-01
4.541492679173771307e+00 3.165514189545400869e-01 1.738178035078301598e-01
3.783632239540120512e+00 1.023174965190279062e+00 7.523369247051892028e-02
4.784386328139207833e+00 8.179507191071376526e-02 -1.846852714658180350e-01
4.826253842759080648e+00 2.275379408323798536e-01 -1.192568042240616383e-01
4.203599132997942078e+00 4.440529293264543487e-01 5.175111798485299702e-02
4.503254876422003505e+00 2.912998662007460493e-01 -2.471855819893353512e-01
4.562210208607854867e+00 -1.814141674541359384e-01 -1.757811881668207288e-01
4.664337395740576042e+00 4.243864763144544194e-01 -8.850862045339775996e-02
5.454388323684367990e+00 1.323033807276357554e-01 -2.392102610981635125e-01
5.274940651794620905e+00 4.443914273603846721e-01 -1.452700120976749831e-01
5.000536502854182608e+00 8.607148236111161754e-01 3.267698903314942421e-02
5.144204275766911749e+00 1.090451498051269036e-01 8.465958623586090914e-02
5.193712345358461491e+00 1.032431590307222757e+00 4.017997737785344164e-02
6.485295772009219917e+00 9.648647939025448705e-01 -1.494719921889747227e-01
4.722173711493451442e+00 4.672886869438614421e-01 -3.466397101011733373e-01
4.512966813158239887e+00 -1.121424449206096380e-01 -3.859501853906674995e-01
4.942233960819499394e+00 1.463289426845165164e-01 -1.682301304725821178e-01
4.901982064604182732e+00 4.506255245806669585e-01 -2.744735592385926237e-01
5.347103467592849491e+00 -1.114818369310093676e-01 -5.790062301938470046e-02
5.788873927223781024e+00 5.463083315492913566e-02 4.523941708179568533e-02
5.797752118361374940e+00 7.656181426702114434e-01 -1.918168402695026586e-01
6.093757897327626516e+00 3.848822695050719833e-01 -1.337842299747934484e-02
5.772087811065110152e+00 4.855073164864914803e-01 -1.108362864592840058e-01
6.168274180657981276e+00 6.491506666735814557e-01 -3.093502580756581355e-01
6.154017678709159611e+00 8.281632641680926055e-01 -2.252846535363543096e-02
5.739305572242120235e+00 2.287534533324054598e-01 -8.112253653666566533e-02
6.875162678570925223e+00 8.925262270702067902e-01 1.748840569951711221e-01
6.533284790959291932e+00 9.181720364753419572e-01 -7.277922378337083054e-02
6.138296147532860125e+00 5.313618984538437395e-02 -3.255228449742378349e-01
6.065277580424411674e+00 8.869114599396866749e-01 -1.555621429409317913e-01
5.477567999615127192e+00 3.658452407304182419e-01 -1.590129639537335221e-03
6.275372959525014060e+00 7.733956924992596571e-01 -1.869417586955423316e-01
6.892841373333609134e+00 8.847418828292468174e-01 2.239902133363320946e-02
5.965185006238070464e+00 1.499268542419617545e-01 -1.103330555657118378e-01
6.118326092167547081e+00 8.161716386783404165e-01 6.942780247410543226e-02
6.832444347589628819e+00 -1.088152049450802211e-01 -3.380193800126792686e-02
7.335042120541958255e+00 5.571444417133861737e-01 9.587490156283789977e-02
7.210683177943645994e+00 1.145457605759315323e+00 4.186373214886105615e-02
7.129445491921813982e+00 7.156042017395726207e-01 2.513516829636671113e-01
6.438079612465765322e+00 2.408859407789161744e-01 3.419971327595603544e-02
8.170740389662105585e+00 9.964543082514988326e-01 -6.821538692574491414e-02
6.258639973590255146e+00 9.746492744410023557e-01 -5.652756468064775580e-02
6.070486374754867853e+00 2.010447745522124866e-02 -3.799067506007575840e-02
6.894903886393460191e+00 1.268856557975935884e+00 -1.717432331130073764e-01
6.987199591005712307e+00 8.807284333249550956e-01 -1.758794716669094815e-01
6.938617285712554761e+00 7.584095276233046024e-01 5.218941324941849674e-02
6.970596598835261837e+00 4.926486005676525837e-01 -3.135383497211498560e-01
6.731634982288607461e+00 5.291864213566740416e-01 -7.514106572858234370e-03
6.764352547844314500e+00 -2.498398483271330739e-01 2.720303265898295630e-01
6.753825965428101874e+00 5.749856203543830535e-01 -2.441362249010437524e-01
7.000320861567772113e+00 8.247696797518249134e-01 -5.154603922275313721e-02
7.560141336019867708e+00 3.176035091197579319e-01 -2.123576696229966532e-01
7.572201372524145491e+00 1.042594945691700747e+00 -2.237542952238055771e-01
7.956531217556564783e+00 6.607252760438846462e-01 -9.515146594350658293e-02
7.434529869072013852e+00 1.200206556291465665e+00 -4.044787730912998563e-02
7.902698909020028140e+00 1.621058324985601207e+00 3.129589826674624153e-01
6.501233168414775498e+00 8.153783396948421913e-01 -2.822228295492844596e-01
7.205102994105962111e+00 -1.528428346966874685e-01 -6.037873830300243515e-03
8.308936178532420058e+00 8.235004182833802755e-01 2.030052612101834464e-01
7.376954695571785514e+00 7.426947849769980348e-01 -3.700706600760410581e-01
6.898072763879198099e+00 1.269418164924378534e-01 -6.635827031647646701e-02
8.145257004298757764e+00 9.464002915841224217e-01 1.393197797567200247e-01
8.393159136825939726e+00 1.043675149181652051e+00 3.142357862051062822e-01
7.806640900162428842e+00 3.555984598865060131e-01 4.454807730236386154e-02
7.916318496404745275e+00 6.681006325933972478e-01 -3.047429668655350921e-01
8.427677671882019439e+00 4.752772992735430635e-01 1.975038566181119004e-01
8.416214899439486530e+00 9.004410658792266764e-01 1.185015980023507304e-01
8.624903842070246185e+00 2.670214621434312541e-01 -1.841575468519575098e-01
8.800584781948785462e+00 9.146666686715226868e-01 -3.466861928775268054e-02
9.125627015321807534e+00 1.375782399455195648e+00 2.948283271116550752e-01
8.695674799255511900e+00 7.556805946826460341e-01 4.176553313345263696e-01
8.257309320639970807e+00 3.633532918839497694e-01 1.865816507087401377e-01
9.091290231138703604e+00 6.772246086952535826e-01 3.544072903314444689e-01
3.278359601979726090e+00 2.622593786585756259e-01 -9.566902941734650723e-02
2.895947660691463810e+00 7.829807199797806927e-01 -2.224048846066873364e-01
3.495789245849941551e+00 -1.045745545500504636e-01 -1.308344969762996468e-01
2.640928704190189436e+00 -3.859496423636373796e-01 2.508882210276596955e-02
3.469992492600537659e+00 6.025972885450220362e-01 -2.768372862801508072e-01
3.536591347545369413e+00 2.514374241854032133e-01 2.152504604458710114e-01
2.307803645517097824e+00 -5.017860300357394054e-01 -4.392816737737078592e-01
3.072161210832287104e+00 -2.556323980833649090e-01 -1.515173984614458791e-01
3.409327428699997498e+00 -6.303879115110830877e-01 -2.281416702927989981e-01
2.688394731766387658e+00 -2.240910285609408470e-01 -1.685879815288200689e-01
3.526594349744504253e+00 2.841578684214490433e-02 8.239668644633356409e-02
3.039923906787530772e+00 -5.210794969768969276e-01 -3.552211977599308845e-01
3.285465190928980483e+00 2.941005226479304763e-02 -5.087054346339815458e-01
2.712725071910451202e+00 -1.126004902841459820e+00 -6.964013097201590674e-02
3.484067951905766680e+00 -6.072006525437276814e-01 -1.126053673427753338e-01
2.791890794419597199e+00 -1.242515671278280109e+00 4.138861750590111521e-01
3.560202216012481546e+00 -1.298222749054665226e-01 -2.362032460625382857e-01
3.562532380177220848e+00 -1.024373546003537694e+00 -1.743089539663350562e-01
3.170749399891771070e+00 -9.046486538796721932e-01 -4.685269561873266486e-01
2.248770421714993972e+00 -1.748744255290445304e+00 2.313244674531771961e-01
3.066820521773078401e+00 -1.609876327508809046e+00 -1.325975239792561988e-01
2.377816154162188056e+00 -9.580588188511574010e-01 -5.948015850457483850e-02
3.875168365498389278e+00 -1.696763150658773700e+00 4.372494369192843622e-01
3.072787825934671257e+00 -2.269674696465036057e+00 4.926094610064109536e-01
3.191562205521399687e+00 -1.564412368839920076e+00 4.349030543505401081e-01
3.920620990163013797e+00 -1.620492491613825470e+00 3.564840909108197287e-01
3.528956355714191861e+00 -1.750358107027167431e+00 1.597467317922206531e-01
3.868943714965185965e+00 -2.333781262535541412e+00 7.401212176604161919e-02
3.949938208763214220e+00 -1.978325865368861125e+00 3.101057433354133530e-01
3.376507276585027917e+00 -1.942062799305223075e+00 3.102904007874138781e-01
3.918093565188904392e+00 -1.995109458944884784e+00 8.751952544941164758e-02
4.160903531340413686e+00 -1.226425930032372102e+00 1.341327808377367203e-01
3.461875461146546318e+00 -2.290074229169317910e+00 3.484483466821481912e-01
4.525584528393044259e+00 -2.042823325200379792e+00 2.860010138850693218e-01
3.737207756565786632e+00 -2.021533254155839732e+00 1.545595516511702461e-01
3.312543507389228203e+00 -2.835584516470911698e+00 9.685757779821391189e-02
4.422450941437366723e+00 -2.702210700614025018e+00 9.390166052513963801e-03
3.520019632743920379e+00 -2.140571019524353247e+00 2.440495185876138395e-01
3.902244885828801912e+00 -3.289405817917296471e+00 2.371747115233971970e-01
3.512218860119746822e+00 -3.015593252133419888e+00 1.283650394052307520e-01
3.431453913763024222e+00 -2.832185079596820643e+00 9.353620846112835341e-02
3.970407166473671534e+00 -1.983104661717205675e+00 5.087681750479753351e-01
3.444585056210321738e+00 -2.442505588740644829e+00 1.712754909298160044e-01
3.484395972811780595e+00 -2.983181328553194955e+00 2.654871178114677210e-01
3.452094049055815628e+00 -2.666655632299839596e+00 -6.372409230139361447e-02
4.196304080544310366e+00 -2.557315006030448146e+00 3.665030598814491593e-03
3.625473279741663113e+00 -3.529255729841153322e+00 6.838451093533247371e-02
4.074045596078533116e+00 -3.505844482469544943e+00 5.614250970252984696e-02
3.806679096484448355e+00 -3.220450287273820766e+00 3.480115078248904870e-01
3.833567640619366390e+00 -4.437199020765405066e+00 -4.480693275132450193e-01
3.835509563138677969e+00 -3.291450441120499004e+00 2.063172128169937780e-01
3.262830590930047681e+00 -3.808695630098230644e+00 8.734811407668968339e-03
3.188886768080984258e+00 -3.898010972065996782e+00 -1.157283764096170564e-01
2.714695101374382524e+00 -4.016777781441918549e+00 -6.285726834093613435e-02
3.471182509067564315e+00 -4.379632426000522827e+00 -5.183548206005397230e-01
4.188307558967183652e+00 -3.744012739678808988e+00 -8.673604707961479754e-02
4.284230124914042648e+00 -4.042538159225612659e+00 -2.147585316225977536e-01
3.320522571806349355e+00 -3.914159994751536864e+00 -1.299930560252288148e-01
3.837028487726404258e+00 -4.041374682287887765e+00 -8.485283191849085638e-02
3.559694469316083243e+00 -4.787640550124182326e+00 -3.452843484062573798e-01
3.264475658252011581e+00 1.916469519643265174e-01 -1.846294384492388335e-02
3.404247894334842428e+00 3.753802318488395628e-01 6.833229101643444048e-02
3.151086660696782449e+00 -3.244858536913000080e-01 -1.800999562898964457e-01
3.442624808857682517e+00 4.036242360567112719e-01 1.033646746482311807e-01
2.406878030124726564e+00 -9.098263685583211913e-02 -1.201680559745867127e-02
2.432469558720024239e+00 3.525190360214931484e-01 -1.888245829288213440e-01
3.005210857168430838e+00 -2.232988460424573385e-01 -3.028188045507805848e-01
3.024389209203909967e+00 3.933585321669768597e-01 -7.125840723830847989e-02
2.143896347906880884e+00 -8.053948616771566815e-02 -8.317771155398991090e-02
2.194889574162815826e+00 5.326036539810694581e-01 9.217214134424200553e-03
2.024137934515420234e+00 -1.817873202730803037e-02 -1.917765214500528337e-01
1.672357335705346060e+00 2.910092288326872056e-01 -1.140089336526296099e-02
2.595622991640390786e+00 9.329107159080819445e-01 -2.890184338197316488e-02
2.030102461160668170e+00 -5.064101284071947928e-01 -2.170180810328760646e-01
1.855522767421716734e+00 2.981905218343777197e-01 8.832390177530741182e-02
2.375265106964489448e+00 8.840582648532333554e-01 2.883476961825714446e-01
7.895900704988764174e-01 -3.876008903030228048e-01 2.642223616049982904e-01
1.383953182769683155e+00 7.199374639007458665e-01 1.441063464179846432e-01
2.399421026834758219e+00 1.046483553545648482e+00 -8.009901491444057497e-02
2.165265667924189952e+00 9.613103085475800391e-01 2.166726799648653889e-01
2.086201909303797120e+00 4.111752381549234059e-01 -1.463000821973012636e-02
1.965225753102754824e+00 3.778370645785882331e-01 3.205580923515922165e-01
1.833156190715918399e+00 -3.038503156318669157e-02 -3.820216804633887187e-02
1.963851668611736878e+00 2.509425965404454839e-01 -1.461858877749032670e-01
2.227676790299796927e+00 -1.430379250516092549e-01 -8.164964474485546242e-02
2.095549550297613361e+00 1.247465702613971050e+00 1.214766680133181204e-01
1.733198763869502557e+00 2.483327208218406024e-01 -2.003263844476106947e-01
1.854482193890622188e+00 3.947206521908035171e-02 8.970007976279279968e-03
1.997908939343890022e+00 7.288218033963708153e-01 1.324949440656254529e-01
2.289666344357734751e+00 4.869777038071690933e-01 2.595346766764436430e-01
9.573161671337876433e-01 9.110729573833918626e-02 2.567792159729104795e-01
2.131340960886247693e+00 7.771729280439607646e-01 -2.400804339362945794e-01
2.068599433641401752e+00 -4.152443385344073944e-03 -1.119169885473233865e-02
1.457520401182182068e+00 6.540781139415114964e-01 1.292699171618955922e-01
2.177449543857700842e+00 3.429681796093506096e-01 1.017592046140451956e-01
2.112834740099431841e+00 1.312439186147887904e+00 9.115978647806650959e-02
2.044482263967948743e+00 -6.216254918173776123e-02 -9.883368331005004670e-02
1.897241139751978389e+00 1.242681912716539605e+00 -6.849719771192733231e-02
1.524291577116803076e+00 7.557321186250988143e-01 2.177646798259917638e-02
2.111819508549921842e+00 5.099563070865126280e-01 1.850933559850287125e-01
1.058453994800338638e+00 6.919188106092586388e-01 2.113679922039953807e-01
1.753855348920672519e+00 7.917497921636843516e-01 7.758852416501631905e-03
1.991209195485175609e+00 2.314224863109477504e-01 2.138097687471377517e-01
1.193955377875183466e+00 5.468876140032564726e-01 -7.264340388350626343e-02
1.922769191663261434e+00 1.313290803842591226e+00 1.108617349992401940e-01
1.653244483392011688e+00 8.927841114080761198e-01 1.271318896863756764e-01
2.034718427149189601e+00 1.139232976741878289e+00 -5.056583861147774528e-02
2.065689616870730383e+00 8.469843980767979286e-01 8.935056727706336410e-02
1.573934103163595610e+00 1.209643270338249366e+00 -2.706696424352745822e-01
1.048159057643304637e+00 -1.721437838823625111e-01 2.800449421294325947e-01
1.524957306056079931e+00 1.511009046708506054e-01 -9.317556012717068126e-02
1.885037791931480022e+00 8.968372184293659233e-01 1.293739931847392444e-01
1.599348436684838726e+00 1.513284894624848276e+00 1.104561176204985479e-01
1.891417388608960470e+00 1.302005034860323152e+00 -1.069915302221349229e-01
1.272859155767190442e+00 9.406703577361901214e-01 3.951884166509761487e-02
9.364673533321153931e-01 4.947303623289417418e-01 2.903771448087419937e-01
2.356061707082277301e-01 5.452499573002319577e-01 9.576326458694503496e-02
1.431938582241359947e-01 4.104518383742841170e-01 -3.989035233368349864e-01
-8.071888887983551253e-02 6.579202189002125722e-01 5.464058867789903934e-02
7.709061131458814220e-01 4.736696153160674938e-01 1.045194205699707807e-01
6.395455048894285177e-01 1.275798479500745319e+00 1.898189605939579194e-01
7.894721055490728778e-01 1.052806618031671526e+00 1.369566550989337883e-01
1.161588861938207984e+00 1.490400302427514756e+00 -1.765804672486193452e-02
1.320500594511089920e+00 1.586711735175791560e+00 5.158807981163801570e-02
9.148017369224681339e-01 1.602418515090110462e+00 2.803578925610613910e-03
1.755570846149903108e-01 5.662831117690324545e-01 -1.000130270492422674e-02
1.165392092260994161e+00 1.743481109018001574e+00 -8.658651711398708539e-02
4.013205243179220338e-01 -3.022363568063342679e-02 7.113997470813386570e-02
3.937717772491362567e-01 2.966090609299165681e-01 2.972324221372911190e-01
6.525652766305991559e-01 5.773667316347318446e-01 3.956023482881772524e-01
6.086630541663756722e-01 6.404206477889069493e-01 1.860562752755051119e-01
6.576880576014837443e-01 1.264268174000006795e+00 5.155622942158647609e-02
1.127077379796830980e+00 1.660190454660663617e+00 -7.377227288929975868e-02
-9.960703996830459761e-02 -1.056934900649770942e-01 4.773154340126736089e-02
-1.382755058269119486e-01 9.830136681169086010e-01 7.360329523031465884e-03
6.257678314223533711e-01 1.304307685056020683e+00 -1.122139884090585793e-01
2.421103742548438159e-02 -4.116029803680624766e-01 -1.168398306281847286e-02
-1.345194707576150561e-01 1.208089434937074658e-01 2.428280396459853996e-01
-3.629811790476882849e-01 1.337267404558651229e+00 -8.044723564830515150e-02
2.404418754269560254e-01 1.083726160032201458e+00 9.977985020638205360e-02
2.644457228829915629e-01 7.049234104318051752e-01 -3.370197249310114551e-01
3.804746346340880381e-01 8.859901299368670990e-01 -3.047572285423947314e-01
7.131396858014425744e-02 7.588561101946685872e-01 1.516729412099618313e-01
-2.726388260964169863e-01 7.544304308522186142e-01 8.806491561119862699e-02
-1.261621702656910982e-01 5.146032329006370309e-01 -2.209272689137164458e-01
6.349072287138394222e-01 1.013704971612823025e+00 9.727975568940887274e-02
3.868998211571906265e-01 1.301205994357856666e+00 -9.696400458434713265e-02
8.616072382105098848e-01 1.308286099995528362e+00 2.115732558731602542e-01
-6.069945832046385048e-01 9.054180824534681093e-01 -7.406246933253875231e-02
1.005491178927946594e+00 2.239184049382718644e+00 -1.728609019439994801e-02
1.485259538860707718e+00 2.137650867976160551e+00 -1.448851879179440527e-01
-4.727327450070442638e-02 1.824088739416177551e-01 1.094609751976005109e-02
6.880766721746710557e-01 1.987411371823084361e+00 7.602967190210388471e-02
4.410559441513968171e-01 1.753414636583949138e+00 -1.976559843611059575e-01
5.847684794558181132e-01 1.052611738617110992e+00 1.170844924546956961e-01
-7.645707376587225212e-01 -7.865490457090902610e-02 3.873986208247744839e-02
4.452508191444923963e-02 4.119810760198877597e-01 -7.910372217709432663e-02
5.891081818037073869e-01 1.060450523903181841e+00 2.079202906389147065e-01
5.369537830125684086e-02 6.773771080947758039e-01 -1.852425771288568057e-01
2.742450238512091909e-01 8.753183650571246810e-01 6.372323984812511277e-02
-4.269821921680937854e-02 1.120170489441851602e+00 5.372185465553381417e-02
3.914927384672735600e-01 1.093289685028060454e+00 -7.966058911551814059e-02
-1.259218819111432297e-01 1.329717462315256116e+00 1.984692307752535662e-02
-2.564518120955174285e-01 8.423684161918282287e-01 -1.678967751590659807e-02
-9.549875731788780575e-01 9.132683723171665102e-01 1.429341806074850736e-03
-1.024620944300130398e+00 6.842214697731147099e-01 -6.034115669082348171e-02
-1.528282957351290994e-01 1.405883383278872634e+00 -1.589319300575150334e-02
-1.915281777461799173e-01 -4.121618895648323372e-02 -2.743294877069010068e-02
-7.414948059994165563e-02 4.214006671268050730e-01 1.446678246702472470e-01
-4.273938831479586753e-01 1.336931050626589013e+00 -9.009133827801069083e-02
-6.931044615838427569e-01 1.711501580092703145e+00 -2.174152513730580605e-01
-1.097267147052152447e+00 6.269896362491533814e-01 -3.051087114415531598e-01
2.489161338187311640e-02 1.493023517303564640e+00 -1.325561386466618530e-01
3.860460971913237116e-01 1.714665039157179605e+00 3.208001801032112077e-02
-6.595264636246127576e-01 1.275848473212144674e+00 1.007468848060757011e-01
-2.584995975655544620e-01 6.227600737501831629e-01 -5.905372716365755656e-03
-3.525457748702487404e-01 1.177778386738015520e-01 -2.574369516381797562e-01
-1.031737873534981365e+00 1.360731373303929237e+00 -5.296231322057551316e-02
-9.325251883329981339e-01 1.009645869124962791e+00 1.475911411504248760e-01
-7.730594531878671738e-01 1.779016031203527692e+00 8.503377689085482583e-02
-7.774726840213029844e-01 1.203599966528484888e+00 1.771692196639166814e-02
-1.039523508862369106e+00 1.719817901379108449e-01 -1.529403022334488160e-01
-7.796977684145621756e-01 4.188722549789738459e-01 -1.532256899580575760e-01
-5.747960191370901084e-01 1.545897043826634620e+00 -5.228041681106870668e-03
-7.123375220897717464e-01 8.273982009470516319e-01 -1.368274613702458731e-01
-7.938663328710580114e-01 5.551227533652886015e-01 -8.145047451246677228e-02
-7.503250204528805201e-01 6.866758776925987462e-01 1.797707648424910210e-01
-5.049710194973918709e-01 9.805008704527060637e-01 -6.086972767132940720e-02
-2.392474341130118309e-01 2.422426338286747249e+00 1.294333758054388162e-01
-1.329192063791639455e+00 5.117668732703140044e-01 6.557141838272342871e-02
-5.959570340441522340e-01 1.359805405969047643e+00 6.580139335666707577e-03
-1.145625163717436612e+00 1.209496134069455442e+00 -4.007275958800042559e-02
7.054517373944226011e-02 1.779554798244294078e+00 -5.647230698767406049e-02
-6.138657573936490142e-01 1.410334039586996768e+00 3.157144771934444066e-02
-1.219252277732360445e+00 2.015947030486709757e+00 2.079495132999132495e-02
