-1.343188724488948368e-07 -2.727589609748969079e-02 4.883430878866087954e-02
-1.343188586883092839e-07 -2.471089065373588411e-02 4.409008087719126778e-02
-1.343188208054180155e-07 -1.760981356501065132e-02 2.980367749447472570e-02
-1.343189114126272510e-07 -3.382160429439913518e-02 6.510511428014026380e-02
-1.343188102522277494e-07 -1.607957679155544439e-02 1.634167969573895041e-02
-1.343188402915668211e-07 -2.136836029051643326e-02 3.667271555453978371e-02
-1.343188248594667789e-07 -1.848158497331366112e-02 2.997487156803380071e-02
-1.343187616721641664e-07 -5.203310290368051705e-03 2.022406324039147107e-02
-1.343188314201909650e-07 -1.963373903532341508e-02 3.350790334714041918e-02
-1.343188501569392290e-07 -2.323854075388766260e-02 3.973017687348504023e-02
-1.343187792649165081e-07 -1.085290969740993622e-02 -5.848622043708923135e-03
-1.343187321402317114e-07 9.597147461072735863e-04 1.378395210634997259e-02
-1.343187353407965245e-07 1.782470023027477035e-04 1.299950274585234822e-02
-1.343187917939026033e-07 -1.262089036852560853e-02 1.017112522540837560e-02
-1.343187095298459255e-07 5.732944015374101532e-03 9.102088766045624002e-03
-1.343186324075096305e-07 2.305349982247982543e-02 5.923075197650007340e-03
-1.343186907566684685e-07 9.745179414953043795e-03 5.179519586582595481e-03
-1.343186759256501106e-07 1.224061613941020144e-02 -7.512214152044199844e-03
-1.343186564334297728e-07 1.699991282064295534e-02 -1.638266424598910920e-03
-1.343186697776816915e-07 1.445495790449796703e-02 3.743693582395846153e-03
-1.343186788986408878e-07 1.260584185956779846e-02 7.819667144746772491e-03
-1.343186950145472403e-07 8.609379104737933941e-03 2.202616723712497171e-03
-1.343186516148016374e-07 1.842467815775400419e-02 7.960104545498003503e-04
-1.343186033170643001e-07 2.976312129737564149e-02 5.445441739278689131e-03
-1.343186459175360614e-07 1.966037860873515522e-02 1.849791343097872964e-03
-1.343186341708560438e-07 2.226438140485140216e-02 2.715538514849180629e-04
-1.343186709461263728e-07 1.405054458473286444e-02 3.064584921757013136e-03
-1.343185241226008131e-07 4.845386385976485633e-02 1.010970085946860664e-02
-1.343186180093047799e-07 2.643915300047369743e-02 6.290120669743104465e-03
-1.343186545486527161e-07 1.763439249625475824e-02 4.585859787768764573e-04
-1.343186388225170447e-07 2.152682212259560482e-02 4.188697739126265307e-03
-1.343187804913117955e-07 -1.197377914959652477e-02 -1.660131446732387994e-02
-1.343186713867461357e-07 1.178370085469068046e-02 -3.056549249799532519e-02
-1.343186512951788369e-07 1.845119593383455492e-02 1.943881171649619599e-03
-1.343186189126620300e-07 2.598446275972489394e-02 1.621737079321172725e-03
-1.343185771797688471e-07 3.556792712300043541e-02 1.951604402048168208e-03
-1.343186043396837892e-07 2.942284682938850482e-02 3.818234919123725257e-03
-1.343186461348101768e-07 1.959940052553185708e-02 -1.361490406100174244e-04
-1.343186275600417173e-07 2.346755600474200593e-02 -4.986209247235695585e-03
-1.343185937006247110e-07 3.176138652402059337e-02 1.969719193236407762e-03
-1.343184572802358367e-07 6.451383821402099927e-02 1.398743711202199425e-02
-1.343184627723703617e-07 6.310446986392941049e-02 1.359430736529140815e-02
-1.343185569899728316e-07 4.046224033472353709e-02 4.738366818010847359e-03
-1.343184852263057741e-07 5.765708870573318934e-02 1.118514232185502388e-02
-1.343184081459281032e-07 7.567519048839857487e-02 2.054962135963137038e-02
-1.343183646052362179e-07 8.626943402086961754e-02 2.357379247402086042e-02
-1.343185566401007905e-07 4.038802141914965560e-02 3.007242116137259780e-03
-1.343186443328661661e-07 1.831373452672094629e-02 -2.664188195385072677e-02
-1.343185501391161440e-07 4.206896733738812316e-02 4.273190914217434022e-03
-1.343184817320305924e-07 5.861456577078864166e-02 1.148837392842000371e-02
-1.343184816149367578e-07 5.849348723653235993e-02 8.506047138803346508e-03
-1.343184426617211047e-07 6.789379605929343753e-02 1.571087741816015737e-02
-1.343184291204696512e-07 7.116926315049910967e-02 1.683611313168134616e-02
-1.343184166833696902e-07 7.401390100855596843e-02 1.776747246045651263e-02
-1.343183560972849300e-07 8.819641660914956383e-02 2.438258202694840171e-02
-1.343183980585110904e-07 7.840017724136758015e-02 2.017708184913946656e-02
-1.343183435430911343e-07 9.109120521591632103e-02 2.601006903228225697e-02
-1.343184132703012512e-07 7.485295448271786500e-02 1.840510058523531223e-02
-1.343183021428311780e-07 1.003286682702694832e-01 2.998580249939317155e-02
-1.343183014543627984e-07 1.003494748458031716e-01 2.995723550337608954e-02
-1.343184142702609149e-07 7.466210884580051776e-02 1.837552129726321981e-02
-1.343183201382019964e-07 9.651740148083040594e-02 2.822228499165499449e-02
-1.343184161104772623e-07 7.412596204229018881e-02 1.793173097302924734e-02
-1.343183326889263451e-07 9.372860308179309374e-02 2.697016667274917956e-02
-1.343182968968105462e-07 1.015477213941698986e-01 3.045886073653356063e-02
-1.343184130586649871e-07 7.492613486356014540e-02 1.834055958028033007e-02
-1.343183231288652690e-07 9.563080130849120619e-02 2.805107628263403541e-02
-1.343183137804404570e-07 9.795502725827588686e-02 2.872192462594350126e-02
-1.343182988895741392e-07 1.011462309306371543e-01 3.024747329224181103e-02
-1.343183180721463366e-07 9.694607627722155729e-02 2.841331932116447634e-02
-1.343182969549237826e-07 1.015451081400081945e-01 3.045818115224502298e-02
-1.343183335215936136e-07 9.356638055322644143e-02 2.671022649330159759e-02
-1.343182955632418740e-07 1.014020660018469661e-01 3.060400504308818936e-02
-1.343183259755464931e-07 9.518464133986669073e-02 2.764967479887478485e-02
-1.343184245997802728e-07 7.220937669848259688e-02 1.686218525098301391e-02
-1.343183290251903639e-07 9.433920281646415718e-02 2.744784401500013904e-02
-1.343183122287303077e-07 9.815509361779331532e-02 2.900950602091900699e-02
-1.343182925162000885e-07 1.024395303390764622e-01 3.088752727378588081e-02
-1.343183106856937759e-07 9.870869762373934986e-02 2.910344459096356196e-02
-1.343183134005360158e-07 9.804199496994672747e-02 2.880138422034295154e-02
-1.343183183106708145e-07 9.678986275597220579e-02 2.820643356309243677e-02
-1.343183148264787130e-07 9.775141588207961196e-02 2.871413688481011528e-02
-1.343183274101628077e-07 9.473218468953828464e-02 2.766423165734918643e-02
-1.343183157753724544e-07 9.750640485644312960e-02 2.864602644111277630e-02
-1.343182886946042709e-07 1.031585633191587498e-01 3.124459402834317556e-02
-1.343182880145926683e-07 1.033594815585239801e-01 3.126617465733594337e-02
-1.343183050062091155e-07 9.983042807841287225e-02 2.961542823143817338e-02
-1.343182670955622715e-07 1.074254926800847498e-01 3.313137461340612266e-02
-1.343183000726555498e-07 1.007932177785669792e-01 3.009590399180778197e-02
-1.343183087081090132e-07 9.909078434053525397e-02 2.923940408979447403e-02
-1.343182513321300453e-07 1.105987309298730459e-01 3.455589493841115800e-02
-1.343183060366348602e-07 9.962472582562278967e-02 2.952512896754433402e-02
-1.343183171033032752e-07 9.725214317313374268e-02 2.839764314118298216e-02
-1.343182557027658430e-07 1.097722341015294339e-01 3.418246779260111778e-02
-1.343182543488141700e-07 1.100172800116414051e-01 3.429791471218307519e-02
-1.343182933826944647e-07 1.022804783801736228e-01 3.072029427927253087e-02
-1.343182814356538857e-07 1.046596918480681704e-01 3.185637885999115237e-02
-1.343182803453801810e-07 1.048014328898620728e-01 3.193892939666659325e-02
-1.343182511394402142e-07 1.106386084841141371e-01 3.457562720598936212e-02
-1.343182515897364815e-07 1.103821855521067152e-01 3.445048666781114211e-02
-1.343182676957765942e-07 1.073416394077753300e-01 3.308475623983930802e-02
-1.343182503329293231e-07 1.105928116784475335e-01 3.455891390144152919e-02
-1.343182494083217104e-07 1.109860391221741821e-01 3.472835462402998341e-02
-1.343182831885919581e-07 1.042895335263828716e-01 3.171640354123689276e-02
-1.343182533010411905e-07 1.101195619545120435e-01 3.432760449394325897e-02
-1.343187848949073393e-07 -1.127967426328535527e-02 7.451650156263145419e-03
-1.343188039491099994e-07 -1.483933744290687889e-02 1.200053423896761673e-02
-1.343187680281909824e-07 -9.075547298195610346e-03 -1.754987556831211215e-02
-1.343187422588737467e-07 -2.642895929531464960e-03 -1.010997052262432860e-02
-1.343187077881835556e-07 5.824059735338074639e-03 2.978901744074863300e-03
-1.343187669335804690e-07 -8.021826218674175252e-03 -3.984296822453839426e-03
-1.343188146627621871e-07 -1.929607067682521590e-02 -2.612292988513829906e-02
-1.343187641042464797e-07 -8.637786709524836182e-03 -2.289930268101009192e-02
-1.343187707239512640e-07 -1.021051479315061156e-02 -2.341623012577671858e-02
-1.343187726234734702e-07 -9.464455892251241731e-03 -6.390123513911577513e-03
-1.343187514477039990e-07 -4.408808015960836990e-03 -3.197704879293203351e-03
-1.343187596937120420e-07 -1.354227307369981065e-02 -1.163928592877535306e-01
-1.343187415151110564e-07 -7.363952985955487390e-03 -8.110976992216600845e-02
-1.343187748855528829e-07 -1.722147511798785904e-02 -1.265537105488343528e-01
-1.343187731768502591e-07 -1.451812286114331427e-02 -8.732402727051068181e-02
-1.343187719902994015e-07 -1.698425881308665564e-02 -1.342185310036312640e-01
-1.343187248984117205e-07 -2.253179868008985121e-03 -5.815884149108202505e-02
-1.343187236847558086e-07 -3.156921909915129387e-03 -7.650489545034899752e-02
-1.343187647964011466e-07 -1.388068640079024099e-02 -1.043739131816637244e-01
-1.343187707807634579e-07 -1.763447326710212287e-02 -1.503180616026020822e-01
-1.343187548781874354e-07 -1.446039622936380782e-02 -1.489228423552354519e-01
-1.343187852153975015e-07 -1.797246817349229531e-02 -1.064065462434747034e-01
-1.343187528991932099e-07 -1.759583310474233109e-02 -2.025101215890116879e-01
-1.343187643835369594e-07 -1.806826166207386661e-02 -1.783276368358531483e-01
-1.343187517634236716e-07 -1.557713018728027268e-02 -1.736890030938537943e-01
-1.343187503908237213e-07 -1.691775941663987287e-02 -1.993851025007208622e-01
-1.343187657691473358e-07 -1.700346102116765193e-02 -1.530774190424173953e-01
-1.343187505786075375e-07 -1.926771109418460443e-02 -2.379322098770872140e-01
-1.343187510734374090e-07 -1.941245077188113663e-02 -2.399320072703050588e-01
-1.343187509602467022e-07 -1.698660604940304547e-02 -1.979531891105767161e-01
-1.343187509897370013e-07 -1.918027967785529420e-02 -2.350417658958161571e-01
-1.343187382260753460e-07 -9.816216107115305345e-03 -1.289283598056267799e-01
-1.343187541642809624e-07 -1.934046613670961992e-02 -2.310805423392756353e-01
-1.343187497736958447e-07 -1.769513220912777990e-02 -2.127500496309507050e-01
-1.343187503717417630e-07 -1.976685314142709662e-02 -2.464946664549071409e-01
-1.343187508930261675e-07 -2.031181787713755987e-02 -2.572731990678018277e-01
-1.343187500365064513e-07 -2.047895585466089075e-02 -2.606832583707331397e-01
-1.343187521728184119e-07 -2.036909068973232970e-02 -2.542078072408145428e-01
-1.343187513401511435e-07 -2.173211091348055402e-02 -2.842408685393100209e-01
-1.343187508136625685e-07 -2.268266259107163535e-02 -3.033825442711752807e-01
-1.343187511740513707e-07 -2.230002846975410319e-02 -2.955442040826869454e-01
-1.343187493226677409e-07 -1.795120330465403355e-02 -2.154852904608843545e-01
-1.343187527660938407e-07 -2.097811341316266343e-02 -2.664491630552118240e-01
-1.343187506432259870e-07 -2.219766168934962994e-02 -2.937165747726546705e-01
-1.343187510799426221e-07 -2.336050872445849524e-02 -3.174670516970692913e-01
-1.343187502333975658e-07 -1.890597580057754371e-02 -2.331002215289637303e-01
-1.343187506653437113e-07 -2.274763053036502405e-02 -3.049587207993630922e-01
-1.343187502247239484e-07 -2.376536211725950934e-02 -3.258728781108453654e-01
-1.343187497849715473e-07 -2.076981356190499978e-02 -2.667853324355163869e-01
-1.343187520843475147e-07 -2.618662586717205448e-02 -3.759827564069267991e-01
-1.343187505491172384e-07 -2.454577788305546682e-02 -3.420945205601508277e-01
-1.343187512777010983e-07 -2.538799621363310721e-02 -3.594205310861816605e-01
-1.343187520826127912e-07 -2.598486308081183332e-02 -3.717987564608296602e-01
-1.343187527105826895e-07 -2.589251390729904040e-02 -3.698723019624504671e-01
-1.343187518484251219e-07 -2.603574150159922856e-02 -3.728593595989294629e-01
-1.343187514072090478e-07 -2.540962376892905161e-02 -3.598666651738411382e-01
-1.343187508787146989e-07 -2.560553173960823659e-02 -3.639320456127401737e-01
-1.343187521450628363e-07 -2.616097609043471078e-02 -3.754496852372362081e-01
-1.343187522300642867e-07 -2.626237406714825029e-02 -3.775589378388273243e-01
-1.343187524868033611e-07 -2.639608891276247482e-02 -3.803418446831517419e-01
-1.343187928694311584e-07 -1.278390428601520329e-02 7.564572019062243413e-03
-1.343187783463262175e-07 -9.903087569210322627e-03 6.677638732385360321e-03
-1.343188040245704706e-07 -1.618271379847482927e-02 -6.924685067422026163e-03
-1.343188303255804517e-07 -1.922946969131014011e-02 3.340253706875781492e-02
-1.343188454471649917e-07 -2.312577412640178659e-02 2.220929367165441759e-02
-1.343188236584960324e-07 -1.900546168902168126e-02 1.372746121565618371e-02
-1.343187881527180272e-07 -1.307071211010175232e-02 -1.277277373342179667e-02
-1.343188136045808667e-07 -1.687342708196182609e-02 1.177211057699913133e-02
-1.343188628464414558e-07 -2.596010290481211985e-02 3.520137948194640432e-02
-1.343188723666038920e-07 -2.740741537546097922e-02 4.678830595448954521e-02
-1.343188098608307651e-07 -1.611779526935482737e-02 1.274216752690272847e-02
-1.343188985392443358e-07 -3.182977978421791532e-02 5.299551083428541420e-02
-1.343188245630459049e-07 -1.879070428889930561e-02 2.329954391846755790e-02
-1.343188915144816198e-07 -3.105969385451765041e-02 2.859858292171281458e-02
-1.343188629175651183e-07 -2.589368782069114555e-02 3.997695979595632110e-02
-1.343188199189743193e-07 -1.818044311441478766e-02 1.440511403487046427e-02
-1.343189113057249168e-07 -3.385927378318245168e-02 5.624793146601168858e-02
-1.343189137397587940e-07 -3.441246650762964931e-02 6.435791948246494254e-02
-1.343188342755458065e-07 -2.049944488021377548e-02 3.001056194913340192e-02
-1.343188506574069518e-07 -2.374299669247592615e-02 3.304355519318045997e-02
-1.343188855053994990e-07 -2.971227280252208836e-02 5.079600005152820619e-02
-1.343188584983570633e-07 -2.505466690144861341e-02 3.936575524082042143e-02
-1.343189033470304494e-07 -3.269233529126834570e-02 5.745033735554977428e-02
-1.343188860349238400e-07 -2.982749111182698976e-02 5.024683489695892791e-02
-1.343188450533827627e-07 -2.253956469054870307e-02 2.729723792653285241e-02
-1.343188155865024380e-07 -1.629432692922105214e-02 3.126293463077903234e-02
-1.343188808231639969e-07 -2.892781379569407327e-02 4.008802932551513987e-02
-1.343189037794102758e-07 -3.273146456238842233e-02 5.815938351832063147e-02
-1.343189062977950821e-07 -3.288934264579981837e-02 6.063482884934396494e-02
-1.343188919776527879e-07 -3.077789474024349853e-02 5.400906625932209992e-02
-1.343189270676392599e-07 -3.634724911173539685e-02 6.891879778289380920e-02
-1.343188389402172334e-07 -2.123276059032538909e-02 3.247735519436273366e-02
-1.343189091583540939e-07 -3.357472514987953210e-02 6.092177096423857796e-02
-1.343188903730335726e-07 -3.042824383106060293e-02 5.535966450302051700e-02
-1.343188711282281705e-07 -2.709653052342619883e-02 4.625365715747209450e-02
-1.343188945485129793e-07 -3.110871943942168649e-02 5.567479401772909564e-02
-1.343188878516130003e-07 -2.997859333079247457e-02 4.726228263962822806e-02
-1.343188892038299498e-07 -3.026058555191403487e-02 5.287152142987638914e-02
-1.343189088114093988e-07 -3.349402347219158221e-02 6.047750764926823619e-02
-1.343188901744077346e-07 -3.037536837489933361e-02 5.411678096543878769e-02
-1.343189324457157163e-07 -3.718850232396807287e-02 7.156278561503412461e-02
-1.343189180887105483e-07 -3.508818246391896822e-02 6.619903996623641151e-02
-1.343189056498758638e-07 -3.294552462210967314e-02 6.061162190116192727e-02
-1.343189246463989683e-07 -3.582038143315712658e-02 6.865111125457684649e-02
-1.343189177400311296e-07 -3.457257186873688437e-02 6.769734726992907015e-02
-1.343189176858752311e-07 -3.493433698839948365e-02 6.641855327941351139e-02
-1.343188979546425244e-07 -3.178829409951708374e-02 5.511713775926875558e-02
-1.343189060852914563e-07 -3.274230737480578191e-02 6.195923959383053958e-02
-1.343189143347689463e-07 -3.450977868251852571e-02 6.467507418409505771e-02
-1.343189377847608945e-07 -3.783409282981348154e-02 6.755305944923625794e-02
-1.343189070888289871e-07 -3.322431412412359120e-02 5.503578012450423967e-02
-1.343188840647116522e-07 -2.925357520007743073e-02 5.333170630998781969e-02
-1.343189320740512116e-07 -3.716733744548615659e-02 7.320136160395182556e-02
-1.343189325146709745e-07 -3.716283305408707438e-02 7.369941302342132572e-02
-1.343189362632999859e-07 -3.784219267955454824e-02 7.477257391191895197e-02
-1.343189119313095703e-07 -3.399049204687869252e-02 6.017582687138800512e-02
-1.343189712303921417e-07 -4.284354189267087359e-02 8.758125326073375183e-02
-1.343189591131860317e-07 -4.106187383035547755e-02 7.845232711314056862e-02
-1.343189414207413002e-07 -3.856984323071003390e-02 7.579811845844097729e-02
-1.343189734871047536e-07 -4.317921516039746610e-02 8.871477011589795625e-02
-1.343189489199508868e-07 -3.976293976639215522e-02 8.072111933472708722e-02
-1.343189760566639024e-07 -4.357206916306353983e-02 9.104282095080937220e-02
-1.343189320935668507e-07 -3.723749827912239962e-02 7.289462626332071649e-02
-1.343189258472612946e-07 -3.631741187611799149e-02 6.967566588893664425e-02
-1.343189430496466441e-07 -3.877452629233608256e-02 7.827612692392704741e-02
-1.343189360257512899e-07 -3.760984070628749232e-02 7.328694641176070057e-02
-1.343189499694585898e-07 -3.998079029120775452e-02 8.110804414250483152e-02
-1.343189765070414848e-07 -4.358232357173734417e-02 8.899399987132546042e-02
-1.343189523043963884e-07 -4.011743700129768997e-02 8.006109158065698173e-02
-1.343189708167148028e-07 -4.279857317024755164e-02 8.675135453328705615e-02
-1.343189765610347530e-07 -4.359350705056919822e-02 9.023754177060455683e-02
-1.343189570638270852e-07 -4.095846944884006663e-02 8.421945433254798830e-02
-1.343189314963882941e-07 -3.717380427255254777e-02 7.226383874475046654e-02
-1.343189756451007577e-07 -4.343572691769108374e-02 8.804570749381686323e-02
-1.343189801050748144e-07 -4.410549983560355103e-02 9.119434298314139931e-02
-1.343189443159947816e-07 -3.900137571833508371e-02 7.777297462368937264e-02
-1.343189721227447397e-07 -4.284073320662615952e-02 8.569114243068202963e-02
-1.343189861002791474e-07 -4.496510291104272722e-02 9.398725800186180646e-02
-1.343189881689368925e-07 -4.524845312175358736e-02 9.492799539415992804e-02
-1.343189518880627542e-07 -4.010028885914748709e-02 8.189315774650629542e-02
-1.343189429906660459e-07 -3.868676146613179989e-02 7.641599051892199179e-02
-1.343189499243557794e-07 -3.982361167450727824e-02 8.054143938936511593e-02
-1.343189842311146021e-07 -4.470599919985997206e-02 9.374011274651984638e-02
-1.343189711183398471e-07 -4.270853290938352725e-02 8.395545542224629176e-02
-1.343189894717142230e-07 -4.537749241692430602e-02 9.562768220165072941e-02
-1.343189551944456994e-07 -4.069309387659877930e-02 8.339964704495617109e-02
-1.343189833598497362e-07 -4.460141569931654060e-02 9.394597295566353701e-02
-1.343189336101488496e-07 -3.737445024979702685e-02 7.356388233505219143e-02
-1.343189918144582773e-07 -4.574851721211824901e-02 9.668551342422351813e-02
-1.343189509040408625e-07 -4.010471452779729162e-02 8.161593149935808533e-02
-1.343189473274747359e-07 -3.952882471044104340e-02 8.012572204237915219e-02
-1.343189894621732439e-07 -4.541306962911179079e-02 9.587076842584030256e-02
-1.343189772462505260e-07 -4.380941477643400528e-02 9.197013195517003692e-02
-1.343189805170716400e-07 -4.431974907543225622e-02 9.358681901228699251e-02
-1.343189484880047413e-07 -3.960194298669868912e-02 8.053632065161288323e-02
-1.343190019244266953e-07 -4.692854502720538584e-02 1.004853797808463040e-01
-1.343189860100735267e-07 -4.494440268546567169e-02 9.414021063006490497e-02
-1.343189532723720880e-07 -4.042224428177354500e-02 8.260821647109262145e-02
-1.343189846604586624e-07 -4.467324033107554493e-02 9.348615951292651993e-02
-1.343189827539975623e-07 -4.454718231951429463e-02 9.373616847870644420e-02
-1.343189964097407652e-07 -4.630395876171235214e-02 9.895326727352485308e-02
-1.343189898195262799e-07 -4.544446605939472805e-02 9.637144853438492365e-02
-1.343189759651572390e-07 -4.367413929352767510e-02 9.167620049738575694e-02
-1.343190054528542454e-07 -4.740669942921893476e-02 1.019356502104066114e-01
-1.343190091651624840e-07 -4.795118107891034598e-02 1.039551116470205788e-01
-1.343189960645307934e-07 -4.617392638335042487e-02 9.792047780391022194e-02
-1.343189894855920108e-07 -4.541907700551306437e-02 9.596474757917414222e-02
-1.343189918855819398e-07 -4.568102478273035338e-02 9.640369512575938660e-02
-1.343189991592774746e-07 -4.651698973779511831e-02 9.933749108468659106e-02
-1.343189859719096102e-07 -4.498788614942850206e-02 9.560763818637171840e-02
-1.343190045421244205e-07 -4.743991920632641135e-02 1.025845725297343525e-01
-1.343190015601347653e-07 -4.694765999732981865e-02 1.006665892948913760e-01
-1.343189946169040527e-07 -4.616327184593751326e-02 9.880551097166442864e-02
-1.343189515827514224e-07 -4.007775143040095966e-02 8.186877772387345098e-02
-1.343190087878601280e-07 -4.787894192277487165e-02 1.037041618991666053e-01
-1.343189923105891914e-07 -4.578776698353549668e-02 9.731958933787637767e-02
-1.343189933228003397e-07 -4.592499753264524948e-02 9.729840242193976696e-02
-1.343190080610109916e-07 -4.787542155247022369e-02 1.039414292081632385e-01
-1.343190104349800684e-07 -4.808256573757185848e-02 1.044107543124039861e-01
-1.343189958147306129e-07 -4.636148873763139278e-02 9.949262036296029066e-02
-1.343190041760977671e-07 -4.740722854546682019e-02 1.024588498870134395e-01
-1.343190122659806973e-07 -4.812331669752997754e-02 1.043468924828147293e-01
-1.343190048032003037e-07 -4.732889551077613249e-02 1.017762110666808884e-01
-1.343190043890350738e-07 -4.743793869184306095e-02 1.026258029091151602e-01
-1.343189916895581870e-07 -4.572868610856652832e-02 9.720602021741867049e-02
-1.343190118856425752e-07 -4.814521384509537483e-02 1.044322686073874268e-01
-1.343190050226428234e-07 -4.739602917398254289e-02 1.019709527691368967e-01
-1.343190109710096225e-07 -4.814017408597150161e-02 1.044251363363762480e-01
-1.343190001237837272e-07 -4.693603118927322515e-02 1.012446577424744865e-01
-1.343190121211312871e-07 -4.819602156151702593e-02 1.047163537249565929e-01
-1.343190092917972978e-07 -4.794404499977764772e-02 1.040871646442698834e-01
-1.343189996788271556e-07 -4.675357674437330413e-02 1.003989894013092993e-01
-1.343189992945859057e-07 -4.662982440703457299e-02 1.003789626356490355e-01
-1.343190098787843539e-07 -4.804250414013497977e-02 1.043729688806693118e-01
-1.343190076316669312e-07 -4.781720603269878217e-02 1.038489020850301148e-01
