1.152720771802031863e-01 -1.090407895722235621e+00
1.501107832736616299e+00 1.223044184060600781e+00
-1.503969236270425780e+00 1.475799944205281156e+00
-7.016832227992346460e-02 1.340670576954558380e+00
-2.031084992315099758e-01 1.277362360293977650e+00
8.150449334005787083e-01 5.870658706019578066e-01
1.596867881512318954e+00 -1.573841431096796528e+00
-3.315507947184390680e-01 1.619710913265686392e+00
4.579489842279589329e-01 -3.557201054611047741e-01
1.975780515877409160e-01 -1.471482467960742557e+00
1.060831623568477822e+00 -3.299266249130795026e-01
1.385084404171676331e+00 -1.022643632427767957e-01
1.568138763808971381e-01 -2.356750662075992042e-01
-1.787108684519085611e-01 -6.353865618872166499e-01
-4.313208544654484333e-01 -1.093611014530512460e+00
-4.702483511135429062e-01 -6.204038910780186322e-01
-9.034581057340718147e-01 -1.767711682566273756e+00
5.566340543493324411e-01 -9.308015305185940447e-01
1.018833639149163917e+00 9.747174862579677246e-01
5.083359677158744150e-02 -9.542350421565227725e-01
-6.318435846877502593e-01 8.340183946448259666e-01
1.113099110197609098e+00 -1.539279874926899438e+00
1.441412973747522974e+00 1.005708517406006974e+00
-2.042801793341783856e-01 -7.604785442626551539e-01
-8.915239405142438844e-01 -3.988541509155826836e-02
-4.519681972625377853e-01 -7.165428611671905701e-01
7.235954108366708937e-01 -1.158215418033912369e+00
-9.201663540102470451e-01 7.040884780236480456e-01
9.889414208636640446e-02 2.631539889635067242e-01
-2.697469708019573642e-01 -1.018054174424806169e+00
1.189944468983038739e+00 2.190982328554091085e-01
1.285899453740332876e-02 -1.453476648789210124e+00
-4.538099798044366029e-01 -1.370765089313958018e+00
-4.851209972397649839e-01 6.889956382349817776e-01
-4.779966775130314316e-01 5.353204718787969441e-01
7.820793943238695256e-01 -1.507441944036129522e+00
1.774047740748948554e+00 -7.066786620156809695e-01
1.556530837616749707e+00 -1.026555151215907902e+00
1.231900771837166064e-02 -1.288860713862898466e+00
1.193343933089345388e+00 9.509232126244644423e-01
1.169279007247079560e+00 -3.874802267682817547e-01
-1.612243322857153549e+00 1.081996683808267967e+00
1.467151102428434717e+00 -8.202001259887965467e-01
-1.555499742039034405e+00 1.176088937826040182e+00
-9.791636695736007923e-01 -1.330805504943419537e+00
-5.096650868489817077e-01 7.399495021623314628e-01
6.201262536447140761e-01 -1.872140278926815449e-01
-3.820529374878034456e-04 1.547108458832477662e-01
-1.407482540691260553e+00 -8.549452124340727044e-02
-4.924603998249593717e-01 -1.084109558283370855e+00
1.404223472629183345e+00 1.170277171590206278e+00
-7.759175932337744053e-01 1.643719529080829744e+00
-4.643667627480256854e-01 8.757761739169744875e-01
-2.757177419675252983e-01 -1.131526416512744992e+00
-1.948798661858304193e+00 3.915979066698982436e-01
-3.984789409327221810e-02 1.522789474620190042e-01
-1.106955704555190989e+00 -1.096401731941341273e+00
-5.444630866539289515e-01 1.495036842461222815e+00
2.501020424421260824e-01 -1.335211118538293107e+00
-1.731985372233744991e-01 -3.588369986506627640e-01
7.768562329402636801e-02 -1.800724298995359518e-01
5.665123904540955158e-01 8.426436185867332007e-01
-3.037002507786243921e-01 1.530862148868920913e+00
1.661123033353572476e+00 -4.003187670735927073e-01
5.953026606857032554e-01 -1.015246780866287724e+00
1.070932106357254776e+00 8.927240672157219503e-01
-1.176552218913470504e+00 1.057316940116206139e+00
-7.168711000873112527e-01 -1.570361386126268299e-01
-1.495650099189616666e+00 1.421290997958158497e+00
-3.168571967860867034e-01 5.342804348053428187e-01
-7.825723767818170140e-01 -5.644534046550343520e-01
-1.519503147602882631e+00 1.315136456343623861e+00
-5.782991975645973559e-01 -9.226887781845456438e-01
9.207145117264639023e-01 -9.609598751408149342e-01
-1.059431406624579131e+00 -8.571546732068879848e-01
-6.562018937155190690e-01 -1.250155188629989089e+00
6.830416686483253841e-01 1.404968955696444644e+00
-1.263880660562189395e-01 1.265377214285601015e+00
4.422524371167968482e-01 -7.443897873648582797e-01
-1.382795629098656942e+00 -1.234236475634927999e+00
6.399684721898805106e-01 1.181448321941399593e+00
-8.765048837832684070e-01 -6.152359717525629490e-01
-1.718205760501771429e-01 -4.530100230065903233e-01
1.129211937712025771e+00 4.539086853075802175e-01
8.162514589590108560e-01 -1.284608999610806768e+00
-5.588735548331572600e-01 -1.356233083440770759e+00
-1.529883409373093306e+00 -1.064379872328566679e+00
7.417898201395476399e-01 -1.578176468219178119e+00
-2.036377889312222522e-01 1.241764145500322769e+00
-7.221067067665204453e-01 1.436767286154712497e+00
1.004977888477752712e+00 1.354896080754800058e+00
1.501724105544653076e+00 -2.240229890072789332e-01
1.250192574187722894e+00 -1.317826333069049616e+00
2.969179359221004733e-01 -1.130019916353486087e+00
1.267065313831776230e+00 -2.057996080079989576e-01
-1.171601922448835265e-01 -1.226135237875999096e+00
-8.117153526906756289e-01 -1.184560922460157428e+00
-5.887074069669259169e-01 4.056236418348453387e-01
4.957755949773100523e-01 2.693061176843796201e-01
-1.349526970044097718e+00 -1.145654212453423471e+00
-1.486745251437153748e+00 1.936042896078249143e-01
-1.250672033296562180e+00 -3.875694548718870702e-02
-1.894388961852141451e+00 9.806755444183561377e-01
1.393507940945470480e+00 -1.350518700069325062e+00
-2.710011993078292880e-02 7.580397140903003539e-01
1.627188148792466871e+00 1.166196868646765195e+00
-1.402038400605084112e+00 7.503429175588363087e-01
-1.240131031848275667e+00 1.202814810583474892e-01
-7.214925226457398200e-01 8.936379517871899658e-01
3.124230083662555835e-01 8.228843496291814441e-01
-3.242288015865156803e-01 -1.004380305172211552e+00
-1.147959571014979918e+00 7.222864165940119374e-01
-5.912359535986344561e-01 1.220548162030366424e+00
6.007279162759031621e-01 -7.231906770950862207e-01
-7.138656066808104494e-01 1.749087932275508406e+00
1.094051023698735969e+00 -8.719496267718442883e-01
-1.738935558971995698e-01 2.490758408631752185e-01
7.962628660765327382e-01 2.654773047801036734e-01
-1.575383886026659574e+00 1.319522626931519949e-01
1.139505789188634211e+00 1.594962295530258034e+00
2.825356158040817633e-02 8.444109703582050042e-01
2.820048391916977204e-01 6.426019720028696147e-01
2.004085853890821001e-01 -1.029569499028932134e+00
6.800506495331046231e-02 -6.662306308401443333e-01
2.644910465524626941e-01 1.103539433559642458e+00
-4.388208441280905259e-01 -1.190258986428218924e+00
5.035877869655335237e-01 -1.004537303501995771e+00
-5.657951295388041757e-04 -2.030841397585146091e-01
3.874665304998467508e-02 -1.206324177062431557e+00
3.145404540966360019e-01 -1.608622038213011640e+00
9.088462772070493578e-01 1.420063544076246353e+00
3.630463112917649005e-01 1.293483014562001321e+00
2.022470669261315079e-01 6.442951418161074750e-02
-6.534974028281202996e-01 1.657159671138279444e+00
-2.759750512596138017e-01 1.492813215019358764e-01
9.052996865599198806e-01 -1.198333875630672285e+00
1.451157944920049570e+00 7.336826209152157441e-01
-2.293283402012623595e-01 -8.335786823944539570e-02
2.596899752397573424e-01 2.390473853293385298e-01
1.286251011588116278e+00 1.191813209401548113e+00
-1.732371068628075550e+00 4.846274295466100890e-01
-1.211473910075546501e+00 6.645537515969286435e-01
-8.319402394799781941e-01 -2.200055845509650276e-01
-1.076943715016020597e+00 6.010913922254047526e-01
-4.539060896839203219e-01 -1.325452235763382169e-01
-7.432005544963018462e-01 1.406498106385080771e+00
8.630227113330610211e-02 2.975256541623046980e-01
-1.019343098631144251e+00 -2.518796765821665895e-01
-2.942941364939477555e-01 -1.167691904542719872e+00
7.721743675622926295e-01 -1.152008723340355312e+00
-1.110041152141121090e+00 -1.151683030615579417e+00
-1.525169572185316902e+00 5.897215359367836696e-01
8.780059383710911991e-01 1.046449893854779267e+00
-1.213030032744644604e+00 -7.386355691728464512e-01
1.059375506332065342e+00 1.414715193012335170e+00
6.025443276688685623e-01 -1.242003363832383300e+00
2.485114301537171555e-01 1.173891338498199488e+00
1.185252693736508656e+00 -6.793425419374081731e-01
1.299872786449395967e+00 1.254060240758643641e+00
1.069805723127517372e-01 1.294145725126479018e-01
-3.281981315968716673e-01 -9.690033350209122931e-01
-1.611144981814431443e+00 1.446902081318058864e+00
-1.390518601512334529e+00 -1.294847936664174082e+00
1.265926451726743507e-01 1.160744253371504442e+00
-1.767662194753685023e+00 1.259844445990329520e+00
-1.077621431611824221e+00 -1.301086788812229500e+00
-1.454645840901081399e+00 4.389341937214771283e-01
-3.787205516119906967e-02 -4.637353251925717401e-02
1.205763846638114867e+00 -4.989031435273509896e-01
5.382004493316450144e-01 -5.732001741283322405e-01
-2.090779836029223571e+00 1.000900716711384364e+00
-5.329119112155512594e-01 -9.229139864435338403e-01
-2.815823037722268163e-01 -1.218650771526480714e+00
-3.692548915861236791e-01 5.796614437083787985e-01
8.938785514069760296e-01 -2.359369082664332928e-01
1.692328838910220679e+00 1.981544377892993647e-02
9.800970693402986100e-01 -1.324110521410487795e+00
-1.249415630741876226e+00 6.951339381206137480e-01
-2.870578715113603074e-01 1.568322399778673271e+00
-8.577302208911519177e-01 2.387952032297317728e-01
3.785544568475197602e-01 9.994482043338206445e-01
8.231325448682142998e-01 -4.157257723271158278e-01
1.330257891083908905e+00 -2.539445967053990949e-01
4.259541413576392044e-01 -9.008881724929375112e-01
-1.319320787831048225e+00 8.602052836119074009e-01
1.370355674756618125e+00 -1.442904678371299321e+00
6.611492387015497352e-01 -9.733430997225758219e-01
1.531031832669004222e+00 1.422832759413844128e+00
-7.890906968761474127e-02 1.365747122177555228e+00
-1.400179753700436125e+00 3.202410242272850649e-01
2.607217278424549534e-01 -8.855066629021054458e-01
-1.309962887180646796e-01 3.766612161243351187e-01
9.679423747124280553e-01 -1.087348384443557192e+00
5.171395788414134831e-03 6.215690897770629331e-01
-5.579487497028714493e-01 -3.448294857272203862e-01
-1.091751145198370132e+00 8.543121176368424496e-01
-1.425540964914637776e+00 -1.087376998698181607e+00
1.831662434730936706e+00 -2.682292503079145018e-01
1.489806105017747573e+00 -1.416429285791747983e+00
1.302152910900076899e+00 -1.953764433243625476e-01
6.576741321244633509e-01 3.607900393111757031e-01
-7.570920688394701115e-01 -2.177478110973633196e+00
7.546501579147297800e-01 -4.255967594163249101e-01
-1.215185209859046322e+00 6.455575156692381356e-01
9.133855135803106151e-01 3.130234174841695083e-01
5.718004223962991350e-01 6.730688076294718547e-01
5.532135125611606363e-02 -4.113581187808280637e-01
2.896722859959259821e-01 1.136780431836788008e+00
7.434683540595257711e-02 -4.000265513914787463e-01
1.215654294745404096e+00 -1.009280210722243609e+00
-9.168773581884185342e-01 -1.213599171650510344e+00
-8.324312936663247342e-03 4.288359503632647174e-01
1.468758696149382370e+00 9.429293469374659953e-01
-1.540087874920354594e+00 1.450067528137833461e+00
1.314769210343936345e+00 -3.116866210240866186e-01
-1.949963131899652202e+00 9.054531612371983229e-01
1.296106446264971179e+00 8.918070589411255522e-01
-1.030338350452987273e+00 -6.792351964216084559e-01
1.922327729285632003e+00 -1.500206514443521488e+00
-1.009048750121655236e-01 -1.225213531432252312e+00
-1.397432038197316206e+00 3.551579956168471330e-01
-1.052883913511059477e+00 4.274176497275267161e-01
4.285443977140855898e-01 1.632656439472442322e+00
1.409065753161314882e-02 3.165174592785221508e-01
1.358610741428220248e+00 -1.183968913788121302e+00
9.003246252439045527e-01 9.640988618228827356e-01
-6.341491302500270599e-01 5.037974360608316049e-02
-5.893138839254999928e-01 -1.095794941544255385e+00
6.400519177030251639e-01 -1.079575076690512114e-01
4.379989221467440741e-01 1.499528238498929023e+00
7.478470935989447455e-01 1.218130442176686090e+00
1.534294701762466184e+00 -4.317986471515955493e-01
-5.252252547831308682e-01 -1.005987514439784736e+00
8.019985777807259186e-02 -1.074302906606935393e+00
-6.121921280557488521e-01 4.885499873084621081e-01
-7.118120842002099158e-01 2.073509080424744688e+00
7.888921189285569291e-02 1.184297388223839675e+00
-7.408700958403802161e-01 1.304576169902357696e+00
4.771650770479065606e-01 1.418300695718521576e+00
-3.739706308115003708e+00 8.913540590867921054e-01
-1.523864403775732290e+00 -9.254604510904904657e-01
3.114744832247453576e-01 -4.964328180536430046e-02
1.220270279556004756e+00 -2.676631046650084222e-01
-9.571416468271426448e-01 6.701956543121110332e-01
-1.077547125479707990e+00 -4.391794808442688325e-01
9.768424552796630689e-01 1.754879622954262641e-01
1.296329465430890171e-01 3.044460766082814906e-01
8.729022619913735515e-01 -7.345725402319976949e-01
-1.237438251012630497e+00 1.582133298881873984e-01
-4.566982006253613724e-01 -5.228841775727506302e-01
1.784698023019277435e-01 8.479577478225894804e-01
-3.392652633702283316e-01 1.335884276459961439e+00
2.337782295852276204e-01 1.291721732000299161e+00
2.029217518937291576e-01 7.154965018221106643e-01
-4.027274933576019400e-01 6.505536601317843393e-02
2.982735112348060547e-01 -1.064044382192951721e+00
5.988960776519564044e-02 5.836466727300262392e-01
1.616081398474261022e+00 -1.345693038729056656e+00
-1.413446641146552274e+00 -1.593910209643191411e+00
3.519563403426364534e-01 6.686243038730005361e-01
1.551823313584169250e+00 1.037829955245154645e+00
-2.522715224151423907e-01 -5.698429801055263644e-01
1.053065002089811797e+00 -1.180948475216664795e+00
-1.120163943075701107e+00 1.005925232873331243e+00
-5.686099593921074558e-01 -1.195023382395029587e+00
7.094408354812797857e-01 8.040671746859550106e-01
-1.221897455712757652e-01 1.461889178519980570e+00
1.071193813435961761e+00 -1.170638934456083691e+00
-9.450380774640676496e-01 -1.062375042862074181e+00
-1.097531163731318760e+00 -4.429593539670226288e-02
1.213313199189629821e-01 5.219084138448100152e-01
1.974659145372392455e-01 -1.319914867239339928e+00
6.789373718689769577e-01 -1.735505533567303083e+00
6.749640982014768475e-01 1.738959015419598186e+00
-3.077483204796329641e-01 1.161816767333099243e+00
-1.108375446061938607e+00 4.445317206902721363e-02
1.050389042757573277e+00 1.409373263842602197e+00
9.645823385633158775e-01 3.955699157853448389e-02
-3.057226699166348816e-01 6.412510084322990966e-01
1.565069720036434076e+00 7.932614983932216868e-01
-1.801749047630725631e+00 1.060510917547613730e+00
1.344361452159798409e+00 -1.181956771241460702e+00
1.654565182292942360e+00 6.078876582771880477e-01
-1.389733155027697453e+00 1.544562316004482572e+00
9.324353069277482309e-01 1.127293860633968192e+00
-6.972397659513785984e-01 -2.431327575726207613e-01
-6.029250447769255450e-01 1.498566381051949836e+00
1.960278421885848665e+00 9.076603384334144820e-02
-7.665931362282143446e-01 -3.025521158106257991e-01
-1.115569175566720972e+00 -1.372182982235016446e+00
-2.113537466863783632e+00 -2.753173473468917276e-02
1.467683669384789003e+00 9.961405055613230530e-01
-8.018893122056740264e-02 -1.576616610625015236e+00
-1.445617247776815883e+00 7.209060005278972172e-01
4.234559795597709897e-01 3.349889178877183404e-01
5.992096694257710299e-01 -1.344655059059039370e+00
-5.790150837818647256e-01 -1.032648777509587612e+00
5.158829141335967705e-01 1.143865125951164741e+00
-5.952720075847903747e-01 -1.420305129294644475e+00
-5.472442060205999770e-01 9.948921743102971949e-01
1.606764719976421008e+00 1.582790906975532597e+00
-2.006486246957727815e+00 1.677715027318089858e+00
-2.548638871826505725e-01 -3.425530793606175184e-01
-2.579966532281855685e+00 2.336735212002880591e+00
-7.993307148945302254e-01 -1.315340759546222760e+00
6.889904185176494167e-01 6.411440517666904260e-01
-8.062546164301784835e-01 -4.541714546645971851e-01
-1.403784858838777572e+00 5.550938457391002556e-01
-1.230609814586865136e+00 9.819925212037476925e-01
-4.289861992068579877e-01 1.007229229157328432e-01
1.095620341538111386e+00 1.172371898662544432e+00
-8.679156559518182990e-01 9.998715159228293015e-01
-6.436278220448954368e-03 4.689731019580124505e-01
-1.760523894134744805e-01 -1.133305395917457714e+00
-1.626324397020604551e-01 -9.665524631409448675e-02
-7.351529009606808662e-01 -3.590318112267779638e-01
1.225792125588337056e+00 -7.092704872293966734e-01
1.807356590528068352e-01 -2.605832708396391140e-01
-3.755947990190439123e-01 5.887730471877254956e-01
1.548018481690557335e+00 1.497570106014532554e+00
-3.045959114059688111e-01 7.858738919360465092e-01
-6.761527112849659016e-01 1.346962551404112807e+00
-2.373357456486813732e-01 4.725905399478513846e-01
8.985846537168027393e-01 1.107652951128434760e+00
-4.651071573710338081e-01 -2.391104350776695142e+00
-3.212860599383889348e-01 -1.027266353820098344e+00
-1.355238970170312696e+00 -1.069630612184849561e+00
9.230472332839962935e-01 -1.423497627396383081e+00
-9.900695443126790452e-02 1.631989882287920191e+00
-1.296579042766643930e+00 1.373196401667703626e+00
-1.409385405518354117e+00 -1.262270781875126202e+00
-5.449754956778160020e-01 5.113301111462138504e-01
-5.907308307675936954e-01 -1.326586461617547785e+00
5.244416414983181784e-01 -8.408728013919632982e-01
-6.628194853441080614e-01 1.288713686107559209e+00
-7.111940654574222531e-01 1.055456176553115633e+00
-1.217767713782010874e+00 3.895940502788207693e-01
-1.819844320305204821e+00 1.213589648622686479e+00
2.548290912396753427e-01 -1.354786169925447314e+00
-9.960701900633150974e-01 8.322193713345090726e-01
-9.658868466031145239e-03 3.414131638085771137e-02
1.416796112569387978e+00 2.069678675168207249e-02
1.025699775619180132e+00 -8.125858565206148798e-01
-1.455412456538166088e+00 -8.362925824867410984e-01
1.714553971705452984e+00 -1.478873434793625430e+00
6.186270718569287785e-01 9.485214070859324664e-01
7.785039890671873186e-01 9.667484032698470120e-01
3.682153997345400942e-01 4.446351059984628984e-01
1.500752809639075869e+00 1.266456971952443222e+00
1.581221604485420595e+00 -4.795087878376115276e-01
1.485039469586993066e+00 -1.086733628016481656e+00
-1.482046620509418489e+00 5.278668618697169856e-01
-1.083330248913973559e+00 -1.468620019683600342e+00
-1.531380302638663427e+00 -9.968772754480862419e-01
6.880129629814911718e-01 1.387207888372098685e-01
-9.026720829139721347e-02 -3.107433709506053354e-01
2.962692693604040972e-02 8.177943826790160520e-01
-7.823651793015828915e-01 5.837536514460591741e-01
2.458641165738861545e-01 2.278765169552115777e-01
4.152373585908379905e-01 -1.554877908905269557e+00
3.692645442844508796e-01 1.773776803906318700e-01
-8.378238699247428922e-01 -1.115652527264001215e+00
1.695121131837260542e+00 6.043002507695625081e-01
1.081108709353342912e+00 1.203514696021160679e+00
-1.303399325971504430e+00 1.509096235279964615e+00
7.980727414165117439e-02 8.113853634045831154e-01
-7.887748650788773963e-01 -1.635945658212585307e+00
-4.692945401168275854e-01 -9.118410160527996577e-01
5.338169368357561506e-01 -4.180568619760630655e-01
-4.605812979913823102e-02 -1.460453702553179411e+00
-8.818258308772555232e-01 -1.110889999676374640e-01
1.070576751696457274e+00 -7.535793219687645372e-01
1.391438369184772872e-01 -1.488133053386306415e+00
-1.526423176132335469e+00 -1.217903234666469103e+00
1.238444271460499957e+00 1.446901587279511014e+00
2.600163468934864941e+00 -1.810607450559795772e+00
7.788355942476474225e-02 1.602682828884087307e+00
4.211319408018741051e-01 1.692103292689233651e+00
-1.846829538571948204e+00 1.014010106454242166e+00
8.956710118337039006e-01 2.823056138226234246e-01
1.493394969060478639e+00 -1.303951980594267201e+00
-1.312504382259002123e+00 1.202841894562127756e+00
-1.201551429938626958e+00 1.473411225383758794e+00
7.323123109133389264e-01 -8.385681707192310652e-01
-3.379902902064023662e-01 -9.000330028477102617e-01
-1.701899775813915827e+00 1.443121129252156631e+00
-4.839024901805312195e-01 -1.720361277099773378e+00
5.651190437988711235e-01 -8.589316867754257512e-01
-1.726496418753361350e+00 1.233744027008586874e+00
-6.363108607630360014e-01 1.359111797790079290e+00
-5.641251264143649635e-01 -3.866845398321548943e-01
9.070267022306488514e-01 -1.510982390044134371e+00
1.971390023908486111e-01 -6.177860012547295998e-01
-1.659987055068166795e+00 -1.816649696941214476e+00
1.725594099960808536e-01 1.010733511717370192e-01
-1.129707292228705473e+00 -1.447213391241357172e+00
9.255070338698209720e-02 5.304833815794263163e-01
3.920339258690255235e-01 1.483177657423753404e+00
-1.629103748599098900e+00 1.379730155622882704e+00
-1.420039291877490450e+00 1.279639951902354689e+00
-4.156551037932195714e-01 2.729727604080566250e-01
4.516278417942523049e-01 -1.547163662677951912e+00
-6.459824293201454903e-01 -2.751868553080963897e-01
-5.062650608990636458e-01 4.597693624376061328e-01
3.140892769121226280e-01 5.914583999520494073e-01
-4.126231196177636562e-01 -8.520496843357778793e-01
5.916781384149000234e-01 -1.257985991373884227e+00
5.608674975210865554e-01 -2.833918420819200312e-01
1.097031989617921477e+00 -1.022109037334205939e-01
2.264390077286110026e-01 1.081712934420479444e+00
-1.530202026462117670e+00 -3.576962929091488386e-01
1.662982051985109067e+00 -1.171320955371615513e+00
-4.512959676316284918e-01 -9.345047732400167950e-01
-5.828675331493198275e-01 1.732108688239809346e+00
-8.324219132478627436e-01 1.331908569050210156e+00
1.094583181787701365e-01 4.803358917746149981e-01
4.364942825598886467e-01 9.730537916536555199e-02
1.419149252231796554e+00 9.782704282323866352e-01
-1.529509736865972691e-01 8.423796711885959132e-01
2.607886722528769408e-01 -1.268259601506620260e-01
-6.802006038847971947e-01 -6.368447535212282684e-01
-1.179731115777959305e+00 -5.372248538881957414e-02
-1.501850072277043147e+00 -1.703871878248252481e+00
4.921382614285317869e-01 -4.814186370104671653e-01
1.246836808835886989e+00 -9.630541280684182803e-01
-5.121581609657682721e-01 2.849225749287087606e-04
1.067099806782281668e+00 -9.238340611680926351e-01
-8.879233848307818144e-01 -9.086244158019076700e-01
-5.311350357310403725e-01 1.634290535843878622e+00
2.402434371550223602e-01 -1.642961127659803289e+00
-2.382932288719173952e-01 -1.304964038611226007e+00
1.171372763005406326e-01 -9.228962986652414768e-01
1.146023091363877811e+00 -1.429933544397236522e+00
9.803006783626264653e-01 -1.392459918084969495e+00
-6.831709666370603395e-01 9.095714650012558522e-01
-1.438274556040842533e+00 8.388811992266047568e-01
-1.178094720762071557e+00 -1.959369871431794641e+00
1.416748652017520982e+00 -1.955175188505806627e-01
-6.251963159019081617e-01 -1.718035263743610930e+00
1.733743329081501861e+00 -1.018676013695079652e+00
-1.391929373687530225e+00 2.664199008326638474e+00
-1.434801412065587201e-01 -1.894395423436249892e+00
-3.099881621779007057e-01 -3.785476082211239324e-01
-1.837827927221248325e-01 1.267123753889151938e-01
-1.717368982885997486e+00 1.392403368747752168e+00
1.157549366324726048e+00 -1.498747253813388802e+00
9.084118586663143535e-01 1.687010851740794737e-01
-2.169340706125530149e-01 1.048542542700732216e+00
7.797195855473071369e-02 5.299820848527363459e-01
6.562116331319985951e-01 5.282214902197521766e-01
-1.000138287920045999e+00 7.172777583307307081e-01
-1.196923207228602681e+00 -7.451430775085702285e-01
-8.554704691057869459e-01 2.300651813608547980e-02
-1.179795757027267245e+00 -7.271794189045274193e-01
8.091384114302514474e-01 -1.468800884734220213e+00
1.761335432828045278e+00 -1.630429132943110315e-01
1.180250311650830053e+00 4.641565414100011777e-01
5.402593568639919575e-01 -2.646369921067036612e-01
7.188893556363517012e-01 -2.058579292027794549e-01
5.370758783214311105e-01 -3.718892106233619987e-01
6.243730518476531266e-01 -2.308790123424832030e-01
-9.734607894283418827e-02 4.513273844255362155e-01
1.398884969807879131e+00 -1.037297080722729525e+00
4.468970271759435953e-01 -1.417659992634319188e+00
-1.848374887687891599e+00 1.349540014000760735e+00
6.872707872872149126e-01 5.615471142613783773e-01
-1.632548331861724433e+00 1.315429772979507028e+00
-5.263459242914421132e-01 5.842268673297165149e-01
-6.969853771680444288e-01 -2.079648711747736911e+00
-2.315909151805004007e-02 -1.110766896065897846e+00
-7.322139036125977496e-01 -2.016481943403896082e+00
-2.819630813202874120e-01 -2.100983742441467683e+00
-1.122919355989293377e+00 -7.420818032132597830e-01
1.620383197456737534e+00 1.538171148118240572e-01
-7.592402373923192727e-01 -1.614003086784432384e-01
-3.419208363702983533e-01 1.219878317770290321e+00
-3.912103107969966409e-03 1.202314056547094445e+00
1.220023399123748131e+00 -1.818103130119564259e+00
-4.933843172380120157e-01 -2.341501139544203136e-01
-1.337044590882736639e+00 -1.576870368131464639e+00
-1.820317862815413190e-01 -1.278238812748305309e+00
-7.992715762585070882e-01 6.012129643755093067e-02
-1.441501552293353416e+00 5.942045992754206862e-01
-1.751556980820354603e+00 1.182980405346662378e+00
1.552388829965651640e+00 3.309885354419853654e-01
8.204761987937544410e-01 9.459929080791549261e-01
2.577061777688592903e-01 1.180593033701986538e+00
-1.091478057928835899e+00 2.907298418448630573e-01
1.760197917293790715e+00 -1.221541575992723505e+00
-1.707295508697821207e+00 -3.453878334794330818e-01
-8.102131946519894878e-01 1.497606855059911313e+00
1.070586310272588493e-01 9.983820369838798392e-01
-8.642303119915246690e-01 1.736698109192216233e+00
-2.143421426035858168e+00 7.279841888991690491e-01
1.559802183260640795e+00 8.705573199555203256e-01
-1.648987792436603650e+00 -7.114416972086109459e-01
2.961703956660736825e+00 -1.843835400688090820e+00
8.157285120198543016e-01 -1.481717148182715826e+00
1.377299842369170413e-01 -1.507711645817479074e+00
-4.049959588242675323e-01 -6.880170006176301589e-01
-1.687815971607043997e-01 9.833718743586752353e-01
-1.268747962963848064e+00 -9.670433945193012137e-01
6.202752612138797694e-01 2.403434826958222026e-01
-9.158756209541398796e-01 8.095572246786053583e-01
1.563292197786726456e+00 8.994685239836681667e-01
3.024351484428505765e-01 9.700675671950176326e-02
-4.611981732597639771e-01 5.680838752573087458e-01
-2.320756258688510432e+00 -1.597177723134405536e+00
-1.533946864426350309e+00 -3.222031343832721939e-01
3.781184582087979695e-01 -6.391902973955320144e-01
3.474253929691753506e-02 -1.730217025332373870e+00
2.027605157384432533e-01 -2.819007346073260645e-01
-1.851883765782359248e+00 9.734079407959985719e-01
1.319770837586749179e+00 -1.309859859122978198e+00
4.375380898952607733e-01 7.034225572949328598e-01
-3.510174372960370714e-01 4.909287660658770980e-01
-1.013428314132389874e+00 6.740756088621313591e-01
1.036636499737353612e+00 -7.313756869735402177e-02
2.475672041613569963e-01 -1.178703627146745925e+00
5.143686902876357103e-02 1.209559324933582314e+00
3.636101762374299717e-01 1.347841931210418398e+00
-6.005271451823982476e-01 9.942483316520951409e-01
-7.062668901049018455e-01 -1.180546457237516389e+00
1.159457392748222793e+00 6.228907495742153078e-01
1.128645874737811416e+00 -1.951081444253769392e-01
5.331610444793843939e-01 1.352310070672805065e+00
2.930052622193041190e-02 -1.029312092565765613e-01
4.560379040092443770e-01 9.066952073317897653e-01
3.324322962761909750e-01 9.664991669836739963e-01
6.951549289895172512e-01 1.290911423223445320e-02
-2.303794949492705135e-01 8.401903593135584547e-01
-6.339386602360965739e-01 -6.436634884856269334e-01
6.683404812395654648e-02 -7.899441890270608724e-01
-3.918252174206716121e-01 -8.338639669353258288e-01
1.319629384152229745e+00 -2.083901446636944321e-01
1.689917248859606758e-01 -9.651793831715328453e-01
4.141277630025161915e-01 7.450805048355477744e-01
-1.385520783621458474e+00 -1.269127693472930307e+00
3.033254977391970364e-01 -7.819520224052369795e-01
-8.774986276450194023e-01 1.372120949121625966e+00
7.833566524540409581e-01 1.463287124161898600e-01
1.418211163597734803e+00 -1.431215641398970728e+00
-1.491414712324549807e+00 -3.064415970955671753e-01
-8.805474908052794980e-01 1.221786034547949207e+00
-4.963311169887708596e-01 -1.619650746491484883e+00
8.303516287961327791e-01 -3.750315739312830576e-01
-1.640850337030997030e+00 4.364122465299626885e-01
-5.723844511027399440e-01 1.512358255473159330e-01
-6.608384674737565190e-01 -9.366192892546213455e-01
9.593746749204803970e-02 1.992283305353222123e-01
-8.659829481179609489e-02 -1.696474982505566498e+00
-6.038763805550263486e-01 -9.706650025462557618e-01
-1.296426419746422143e+00 1.420399171008576378e+00
7.078766130287355018e-01 1.511420228641206398e+00
1.176401180001394708e+00 8.906307365020065259e-01
-1.451608518360035793e+00 1.353342030820326169e-01
9.171865824595057948e-01 -9.250468854259268348e-01
7.039814470120455692e-01 4.630562064276020351e-01
6.007334875914963068e-02 -1.079839561420738780e+00
-1.794330930786194100e+00 1.266882844455322621e+00
1.015747348207109158e-01 -1.283012243992625701e+00
3.387104491909219695e-01 7.918876940340280335e-01
-3.346163399471281386e-01 -2.780907962701075764e+00
2.330237422535750003e-01 3.451270045918993778e-01
8.610301294695752450e-01 5.482744128996811517e-01
-1.377600404964379077e+00 -7.735489233888430682e-01
-1.523177822684567806e+00 1.404889517897770723e+00
-1.903547862253732459e-01 1.256365729140769272e+00
6.016156546637476676e-01 -1.186579690419639954e+00
-4.591286866204907779e-01 8.685944796770832532e-01
-1.156853829707935599e+00 -1.923014903700796807e-01
-1.642905695542532740e+00 1.229270546783545859e+00
-1.747409509243806003e+00 3.939613554001408779e-01
-1.110421871620727252e+00 -8.213300185630642014e-01
1.680430649178432878e+00 -3.995265716012652013e-01
-1.812050562936955656e+00 1.134299123726650649e+00
1.755539526747107004e+00 -4.255452967802842990e-01
-1.257436310065471741e-01 1.415357567575848741e+00
-8.980434392658371845e-01 1.158193241372995341e-01
7.815863416917713247e-01 -9.743744847064705894e-01
1.752528398082780214e-01 9.531825046932911327e-01
1.539834363306259724e-01 -1.027683543432477142e+00
-1.421549951274187151e+00 -4.845817051346145155e-01
-1.143268468789506720e-01 9.237380349401929092e-01
-1.936403020798109775e-01 -2.150870923132631729e-01
2.132917722465960120e-02 -7.819276199732325128e-02
1.379424956778759315e+00 -1.003430710521631131e+00
1.070076941991456199e+00 3.095609707192511495e-01
-7.113908712665605039e-02 3.872674929710923086e-02
-4.215245670433051539e-02 1.564000812352331626e-01
-7.977339958496175720e-01 -4.081696136366516070e-01
-3.347941650894658561e-01 -7.690489410185978869e-01
-2.938023538048012417e-01 -1.248684196760264653e-01
2.074569338995994716e+00 4.411572096432575529e-01
-1.048705975129926304e-01 7.376215650794714085e-01
-5.440378646718878608e-01 -1.609711691678463286e+00
-1.177599751042335940e+00 7.964535389660041265e-01
5.317766491895000724e-01 1.090289530700805365e+00
-1.290739725548732064e+00 -1.069397364571993858e+00
-2.438988467467800847e-01 6.085772068537926849e-01
1.334199164264859849e+00 8.404334396092916215e-01
-4.476920732987484941e-01 1.132155325735619389e+00
9.535392084489844322e-01 -3.771668334576331327e-01
-1.664781763205432641e-01 -1.007679330941437579e+00
3.456273997606214010e-01 -3.621106725363298917e-01
1.454983048027906900e+00 5.133565064382104026e-01
9.905872509321012043e-01 -1.330342311581630188e+00
-1.417523935433733229e+00 1.141310868919305666e+00
1.154287301815053735e-01 7.944567038997948361e-01
1.110955164362392500e+00 -1.426664665133012821e+00
8.235180313405924268e-01 -1.488132653274441664e+00
1.418212487235431585e+00 -6.365005155336200815e-02
-7.349382475053030106e-01 1.070986221656863524e+00
9.810979737404670331e-01 9.968717542123595177e-01
1.283063044181674162e+00 7.870640928432890426e-01
-1.458958338873041161e+00 1.126580449303606235e+00
8.210333797175849435e-01 1.400697365654913484e-01
1.328137517035170856e-01 7.839265811810558482e-01
-5.068369254248550337e-01 -1.051021831648943916e+00
-1.947805663527252817e-01 -1.265376333461524783e-01
-1.759154662740664676e+00 -3.600991144658197696e-01
6.080222780835229379e-01 1.127700903939861332e+00
5.852033353759727996e-01 -6.394367339550869334e-01
2.804336184824411937e-01 7.423389350223194016e-01
8.700276650212201979e-01 -2.706529635159602987e-01
8.582012010836199689e-01 5.525159641739973981e-01
-4.321281417442504047e-01 6.965189497881580927e-01
6.227287753854181540e-01 -1.186725694761380234e+00
2.834001107402628339e-01 -9.534847477298248331e-01
1.353100384304699311e-01 4.419006116437230736e-01
-1.167184194575168865e+00 -2.949592791329604946e-01
3.004804148896619287e-01 4.639148883962757042e-01
1.238962399896280431e+00 -9.428472570408416020e-01
1.772973528253219078e+00 -3.212690020036050864e-01
5.378775369364363623e-01 -2.976417123941083043e-01
1.577995738097833778e+00 9.280329815563774787e-01
-6.600977942735483106e-01 -1.089557583993950640e+00
1.116517648251686756e+00 3.099264196975798358e-01
-1.243706622299768139e+00 1.126202600651888597e+00
1.377672115842117240e+00 3.712102592375691179e-01
-1.315475262861880656e+00 6.573210610052588887e-01
-1.301706874761566102e+00 -1.333563110853880129e+00
-4.444090493609268444e-01 -2.539276125867453437e-01
4.213376706414826423e-01 9.281546642787397161e-01
-6.466938477856720713e-01 1.398404968224244316e+00
1.254814980431192772e+00 5.259948038775917878e-01
-9.006824242648622802e-02 -1.093470643962793365e-02
-1.390491577160194892e+00 -7.670889986223716761e-01
-1.692670242374798573e+00 9.547078699071673835e-01
3.966096819835571718e-01 -6.442942088051556437e-01
-2.011774664096857901e+00 8.501620833218708206e-01
-1.886215209331095100e+00 6.777681331932430275e-01
-1.153940242476944045e+00 4.859004021486166280e-01
1.239660302432650518e-01 -1.303292779562995385e+00
-7.661176951103405575e-01 9.075747463475432042e-01
-3.874550152061005392e-01 1.329977896383720826e-01
-6.043280436997983118e-01 8.721306167670235254e-01
9.343403477125378220e-01 5.093841270129123577e-01
1.714960653665353885e+00 -1.365641944513679151e+00
9.198575984980159603e-01 1.553863519789306091e-01
-1.447870087544643747e+00 9.782169306940133868e-01
-1.077980288661310793e+00 -1.142546203637005098e+00
3.670507916258758385e-02 -9.667924586666162279e-01
5.664490203442108518e-01 -1.297224518130397186e+00
-5.238843919517572889e-01 1.025937471972404369e+00
1.339542191808909433e+00 -1.177269512008924934e+00
6.234938190942834746e-01 1.344969807001036521e+00
3.301348068311114048e-01 -1.395789468947717937e+00
-5.270778642281147564e-01 -7.777198070519422135e-01
-1.487172130150021587e+00 -8.913559871080389829e-01
-3.582202143381056914e-01 -1.292317610278343132e+00
9.054234359629527162e-01 -6.831877003516125813e-01
-6.950125488002859564e-01 -5.460177391577485384e-01
-1.226467897440232324e+00 -3.257980596104238513e-01
-1.368611762388612041e+00 -1.704827926221469614e+00
9.054496610446563509e-02 -6.729953702039002950e-02
3.319171773306033302e-01 2.110581914395182335e-01
-1.405986703205516219e-01 9.603868467094234251e-01
-5.181846078261204136e-01 -6.884287651321366885e-01
-3.761693327154840838e-01 -7.130305791848082775e-01
-1.751392881415430702e+00 2.214227510301923496e-01
-1.444634083912439415e+00 7.391617412567305090e-01
1.085106178851594549e+00 1.203777292158671353e+00
-1.224836958836351020e+00 -3.235670281648918012e-01
-9.269215799859803484e-01 -4.107998752874313375e-01
3.463151878691278496e-01 1.584049913079496885e-01
1.464763996888565345e-01 -1.318121185658760686e+00
7.413488500207522369e-01 -1.042803170842228289e+00
2.115613611777171499e-01 -2.477297459413482006e+00
9.964737295660838767e-02 -1.092089882998808492e-01
-9.064225749139741550e-01 -3.228609476798768307e-01
-7.251416162498209861e-01 -1.432042583368800415e+00
1.243800234235035385e+00 -1.309044970731261692e+00
-5.286844701399704416e-01 -3.584806349938711723e-01
-6.218257145213874904e-02 1.491518178893306013e-01
-5.003442323189056795e-01 7.628267109966249127e-01
1.153814816655474695e+00 -8.362536390659697227e-01
-7.729190080339898294e-01 -1.053234483888986661e+00
3.474411454776401564e-01 -1.033563154792225269e+00
-1.703250858001920776e+00 1.323101346389083055e+00
-6.987719073398536151e-01 -1.216705191722905255e+00
5.673662629281491787e-01 9.901859749966901436e-01
1.568943254498078144e+00 -1.163622285860062666e+00
1.294971875238789982e+00 9.466529636404521497e-01
1.005395439800916613e+00 -9.622336134082913883e-01
-4.044413161650553534e-01 -1.091747401378373727e-01
5.054172565615446810e-01 6.642247231979770961e-01
1.729775297674873036e+00 1.098358213209197354e+00
3.934250324577455160e-01 5.851609523054893680e-01
-1.282231360401203890e+00 5.028215104931025303e-01
1.249371373711037903e+00 7.835904790726574420e-01
-7.852154775656821073e-01 -1.234648494073727010e+00
1.446763087792801938e+00 3.129099172381206717e-01
-1.389029683968349582e+00 -1.170290430544898896e+00
1.022340777700493641e-01 2.849759577922622578e-01
1.222569185715824680e-01 1.181342658716716842e+00
6.436994771357268386e-01 1.445144370917635701e+00
-1.488287314001113915e+00 1.029925000944316826e+00
-8.045977855524919509e-01 1.290029616544488889e+00
1.654728073922349552e+00 4.614169604501083821e-01
-7.301077099844970331e-01 1.251131622296983492e+00
1.305907052046261896e+00 -1.606185111484232708e+00
-6.466394652571252344e-01 1.336817674093296215e+00
-4.086735901182292352e-01 1.263862098582885674e+00
-1.551990866394982405e+00 -4.420299595672225190e-02
8.438929771742285091e-01 -2.556760059406190111e-01
-2.514439562941874762e-01 5.463494254378669090e-01
-8.881283047065795522e-01 -1.489914724098665211e+00
-5.841236468189466846e-01 -5.357457958815382559e-01
1.519291804752244401e-01 9.119775814484787357e-01
7.542342624266723528e-01 7.479495840958058084e-01
-7.000818204811446455e-01 6.765980942892998451e-01
-9.955306687049992886e-01 -2.367336465397753553e-01
-5.658468509133076640e-01 -1.627818519091852378e+00
1.778139912645254894e-01 1.016246572722130148e+00
-2.048759566636506158e+00 5.366611852431960594e-01
1.573475094184861645e+00 9.105699574854730916e-02
3.709623874743375183e-01 7.556330676368594457e-01
1.597361228523391352e+00 1.327941619658941974e+00
-2.331947400504512657e-01 -1.032788876289037594e+00
1.468853765531570599e-01 5.178407761981479451e-01
1.754587171370408649e+00 -8.151677677467191740e-01
3.362500435153041867e-01 8.433839408899437284e-01
-1.689787262686021085e+00 -1.853218040136495881e-01
8.457046103645080581e-01 1.424254089221063335e+00
1.044771700375059842e+00 -1.368137798492958579e+00
7.310649948727544478e-01 2.842355183851746903e-02
-2.054742428533220533e+00 7.216625311908874130e-01
-1.915118884794446252e+00 5.886561374775328703e-01
2.393056847061807713e-01 7.206076595197566936e-01
-5.951942892866633750e-02 -1.597437139798094430e+00
4.309477295885505432e-02 1.417626719081743758e+00
4.841875159679300822e-01 -8.238941909024484200e-01
-1.132688741411471911e+00 5.571570653070355705e-01
4.434470020388208145e-01 -9.742565829685737588e-01
4.101779218135137572e-01 6.382668241556311850e-01
-2.430955182268065506e+00 5.976378183785870934e-01
-1.395901770027406785e+00 -1.126751787323521103e+00
8.796009916189155842e-01 6.468132852358150497e-01
-5.519770725187987670e-02 1.833451025125004408e-01
1.180800342426972627e+00 -2.701593133400976843e-01
1.584621260905755946e+00 -3.456633313122269291e-01
1.634760696094865740e+00 -9.707194597723050045e-01
9.812834803003527284e-01 -8.849835678272517658e-02
1.551665245911882707e+00 -3.425883450934873453e-01
-1.848950741573966439e-01 -3.049148524599945564e-01
-1.621241992776744745e+00 6.897506312861235722e-01
-1.573542739207963281e+00 1.468423259236814937e+00
9.184111590527330171e-02 1.004947331551283352e+00
2.559438282082978855e+00 2.793365054661639757e+00
-1.151928259063533799e+00 -4.532995247333957423e-01
5.497412643849277636e-01 -3.406816229448575983e-01
1.389431698873107024e+00 1.374700920895723710e+00
3.722680959218174213e-01 7.012494700977625617e-02
1.370094774068973509e+00 -8.662481552039598132e-01
4.509260707883682162e-01 -1.347536867338679833e+00
-9.061917216899701977e-01 -1.043747422942801206e+00
2.571951121488003089e-02 8.557277570699869940e-02
-3.634067549725136792e-02 -1.364598781050377019e+00
9.417968999933425955e-01 -1.905565987704846143e-01
2.808869962509518148e-01 -1.878131191895002772e+00
-5.252903388025006448e-01 1.319750666273564965e+00
1.276464849247216371e+00 9.221328449562580243e-01
6.668674772436826714e-01 1.393348977320106208e+00
4.286629907625320035e-01 1.094545278446397596e+00
-7.201137334976959181e-02 1.147367371547970860e+00
7.812077717585662606e-01 -1.581763875671502229e+00
9.923851088083239791e-01 -1.042552274923222777e+00
7.561105532175591559e-01 -7.287572436387843577e-01
-1.767573584447725832e-01 1.386278916215109458e+00
-6.203830676121839804e-01 -7.783484142232613978e-01
4.432812851853606961e-01 1.267517840936679629e+00
1.677698925425041399e+00 -8.619275398597509019e-01
2.256131782474536662e-01 -1.359193955893269745e+00
-1.020543049224633542e-01 -1.315764848781858509e+00
2.206840153142236582e-02 -1.024051749596276428e+00
-7.580312529122776866e-01 6.987139038069164476e-01
9.983884072208115690e-01 -1.546322814609346841e+00
3.524892085495554550e-01 5.670948383231363965e-02
-3.750157360236309745e-01 -8.789301190344062098e-02
9.244005535144830255e-01 -5.867343795010185881e-01
7.855484691963067201e-01 -8.944485943469776545e-01
1.828939485944446997e+00 -3.643070216349297841e-01
1.188775614481486220e-01 3.403622232610870046e-01
8.742814676375025851e-01 -6.785702790379483096e-01
-2.797882432437469036e-01 5.835232631954007099e-01
-6.644944926687745834e-01 -9.036397006547860489e-01
-1.797602419748018654e-01 1.061119523877410042e+00
1.040898456990249077e+00 -1.534989077518222667e+00
5.602123184041152282e-02 5.644189033766942032e-01
7.112442416710181847e-01 -1.176896469748158980e+00
1.053884297638538525e+00 7.793452899771311504e-01
1.402619256059223496e-01 -9.938535439988411824e-01
-4.219144145769502252e-01 -1.198083470143314289e+00
-8.633876417573459472e-01 7.554323701168621508e-01
2.360509545925343344e-03 -1.019452380832681859e+00
-1.156972665448117832e+00 1.009700410761450229e+00
-3.031656469811704890e-01 -1.529880784719924280e+00
-1.616442146128013624e+00 1.267656491958906395e+00
-1.886832607221315516e+00 -1.056540432170972155e+00
3.873246089331289221e-01 3.243309151220412634e-01
9.806791716859666885e-02 -1.549800084154993707e+00
-6.760527924517141241e-01 7.049668974738009242e-01
-1.696141987484154345e+00 -8.260567008380625964e-03
1.553445694087267626e+00 1.091767651064721845e+00
-1.379724934927427649e+00 4.506415369355005751e-01
9.187502455367582144e-01 4.405600283659917293e-01
-1.484958994408430710e+00 1.110328391265812842e+00
-5.645195118761546504e-02 3.541312163330739837e-01
-4.236401853396687400e-01 -3.750057825022233282e-01
1.469733954720797042e+00 -2.101575808064668927e+00
-4.923707351811223987e-01 -4.489119901321955153e-01
-1.219175768301924867e+00 6.857628359399197127e-01
-1.136100643848883873e+00 -1.184948522255539594e+00
1.606037662453198456e+00 -7.604019296481625556e-01
-4.232833673103690852e-01 -8.814546568217919154e-01
5.680122263540527960e-01 -1.165814717028688108e+00
1.195200986462872317e+00 2.247141339123981396e-02
-2.809827308316016348e-01 -1.225525610034425616e+00
1.709757430411169288e-01 -1.497366764047040943e+00
-1.865590440512713277e+00 9.526654906613005735e-01
-3.883029283141216093e-01 -4.247990170390270048e-02
2.467268344894753274e-01 1.441996614535123511e+00
6.270047730954028120e-01 -6.541630642359388403e-01
2.616461886244257906e-01 -2.019347861839182190e-01
-1.564223038669836363e-01 7.243441505684325987e-01
6.362861156987529299e-01 -5.137232356407381850e-01
-2.536637493596951565e-01 -4.682344502521702534e-01
7.851524565770230391e-01 1.104156105590132553e+00
1.662146405903511592e+00 -3.896416658083958762e-01
5.830706717100593295e-01 2.880506141608449311e-02
-1.423880735077525772e+00 9.274521699158637666e-01
-1.067513204759791556e-01 -4.697682083229042238e-01
-1.071389649965607704e+00 -9.687918331909763925e-01
1.410061422811204945e+00 2.138263883482327266e-01
-1.185673465753387834e+00 -1.328313713082498237e+00
2.181025778766304546e-02 7.866053766679906301e-02
-1.216003059455810220e+00 8.204474089107669510e-01
9.743968201715549893e-02 -4.620282575472585140e-01
-8.868020672262175719e-01 -1.488634583592728156e+00
1.117169104876807761e+00 1.182815927214338592e+00
6.626982762937323468e-01 -6.060759422256386530e-01
7.146433005344077216e-01 -8.825433723734071867e-01
3.990405824682499158e-01 -1.641299862735989601e+00
-5.650813773787949357e-01 -1.038570814267701481e+00
-1.085557740192929055e+00 -8.130195980951373524e-01
-2.042803387121779668e+00 -1.299231759527736285e+00
-1.303011131330194639e+00 -1.114884636851509292e+00
-1.403217131852061428e+00 2.730176854959812660e-01
-1.274238661241923865e+00 -2.206307098615319373e-01
-6.591377694540211385e-01 8.003609263156481468e-01
9.345790561321656309e-01 1.509552750757220618e+00
1.370274969229421602e+00 1.594239819321631835e+00
-1.537255809398497597e+00 -1.311609378435225404e+00
-1.142452603972531344e+00 -8.383102244347225840e-01
1.001099987536385960e+00 1.436329825004941885e+00
-5.860744909414797865e-01 9.273416033701864514e-01
-3.658600363938518951e-02 -1.326485732115137539e+00
-8.769732279239479400e-01 1.350901367598303926e+00
8.142511338786778685e-02 8.506341289340741962e-01
3.322875430546518016e-01 -1.090991261634046028e+00
1.231022977021147602e+00 -1.597027787739110805e+00
1.588772188273814168e+00 3.714286280108555771e-02
7.530953050675505134e-01 1.381975506983931457e+00
1.419828697704042242e-01 9.112789689884559508e-02
-1.131081416629124314e+00 9.516228591100157619e-01
-9.876804752799789311e-01 1.220546213232882593e+00
3.191865492609045063e-01 -2.168689610124008293e-03
3.176908460611209684e-01 -7.396156051625016881e-01
-6.128078032836478117e-01 -2.278440884598820659e+00
4.145261126267304475e-01 -4.877708011039316727e-02
-4.158178962514734733e-01 1.930174976264114328e-01
-7.726955071395612551e-01 -1.277908775962482535e+00
5.210606052710989311e-02 -1.223077995491277381e+00
-3.718860135917957943e-01 -5.242510989549188372e-01
-1.267386869346517564e+00 -7.597234244133855841e-01
1.403405331847461524e+00 -1.500040184666907361e+00
2.456856110107935309e-01 -1.822185406224750892e+00
2.944005409451188049e-01 1.069277321961121796e+00
1.790024946309979104e+00 3.085637545487274203e-01
1.306341668656765487e+00 1.154546962648719532e-01
-8.436740495706869236e-01 3.336960837670523983e-01
-8.086648725500946711e-01 2.841441555086975379e-01
1.021658977468109741e+00 -7.272936992607671458e-01
3.147665292764356693e-01 1.329154824648675737e+00
-1.337289223642630365e+00 -6.342580890775947333e-01
-7.248989922849334855e-01 -1.106026395213135505e+00
9.368902984548306279e-01 -9.793707732105737529e-01
-2.701105324622677939e-01 6.699123238053358298e-01
1.077491073132994748e+00 1.206940503884819993e+00
-1.132839386133010384e+00 6.297938681500137026e-01
1.408104953743074761e+00 7.721293265544094675e-01
-6.324862112402311887e-01 7.506003596646438902e-01
-1.091550138239593792e+00 3.351537036077402165e-01
-1.571758662583697230e+00 5.678725831118164313e-01
1.176598641488438401e+00 -4.313434156190658619e-01
1.220698579325434574e+00 -1.207738506407589174e+00
1.375838276752285871e+00 1.709875586821535620e+00
5.426300170771044540e-01 -1.259643784847544357e+00
3.866052536974922127e-01 -8.486015887511952904e-01
6.530526325935247511e-01 -1.224935113721535629e+00
1.536724691647977981e+00 6.957681314265034000e-01
-3.244574766803570709e-02 1.205411119127074215e+00
1.288209012322389713e+00 -6.151980761102848749e-01
7.617668053606342360e-01 1.117198475476678166e+00
1.324552328587808470e+00 -1.164585165046077231e+00
-6.780786519705049864e-01 -2.482249978154117409e-01
1.396256466449327993e+00 1.114086214771151662e+00
-4.055579530629075391e-01 -1.652644927221392557e+00
4.672837325989065427e-01 -4.798912462237548970e-01
5.867373004481716281e-01 -4.832300270041343104e-01
1.579412845941113641e+00 6.766979876739829258e-01
9.746647019235294973e-01 5.905864572771679644e-01
-1.832045018315696883e+00 9.180077730817461923e-01
-1.159262218216465135e+00 -1.160170047802694837e+00
-1.371885289723778323e+00 -1.488762864838190980e+00
-1.352422645652173738e+00 -1.014466604325547694e+00
6.156373450284886584e-01 2.980176434112252748e-01
1.099079274129957984e+00 -6.764369552752887982e-01
6.649114152209160133e-01 -1.039748368403329293e+00
1.028759313691007815e+00 1.014549836260867366e+00
-3.643710782402106996e-02 1.133934018225789264e-01
-1.788043834333286897e-01 -1.124825399831739681e+00
8.761666134359824554e-01 9.923343480093809177e-01
-1.655311090039784716e+00 1.197087660487841765e+00
5.926545002323441169e-02 -3.235174214150305261e+00
-1.082226784789344975e+00 8.249235836055169857e-01
1.636935361076363726e+00 4.569049311515149814e-01
8.641997606285620748e-01 -5.059539744913411630e-01
2.157796681786747328e+00 1.142568951706056879e+00
-2.144759268287559806e+00 6.458179432020663135e-01
1.196807807953851110e+00 -1.237542628019076218e+00
4.317542791129140856e-01 1.590000161449539373e+00
-1.119307588248378837e-01 2.522146818826163095e-01
6.829935944156024785e-01 1.507225763407658459e+00
-3.716135129478778110e-01 4.186284565476285913e-01
7.597901802146124206e-01 -9.446261385378402764e-01
-4.921820597565722544e-01 3.103591123489723991e-02
2.945937480867166780e-02 1.139930283436475067e+00
-1.912913401707028171e-02 1.568461040908005977e+00
-1.894790917489078463e+00 2.798933312120421846e-01
-8.792920234867770413e-01 9.084954392360400366e-03
1.482933253596139533e-01 -1.281536153963115376e+00
4.764849530382619935e-01 1.868125099869337447e-01
-8.641324550616503730e-01 1.363864032584404251e+00
-4.243693984914553852e-01 4.479228113407489609e-01
-1.533063570399975317e+00 -1.545943296775307729e+00
1.400111129397421550e+00 1.259850373112346267e+00
2.221482367874480501e-02 -1.612802698989542316e+00
-4.395265539603152583e-01 6.431675144828040702e-01
-5.175817534464298708e-01 8.557122936638723587e-01
-5.957773441815252813e-01 1.275747484111588337e+00
-1.685745364739729413e-01 1.140230807521042333e+00
-1.625129774194870924e+00 -2.192112301923409001e-01
1.264550102437115964e+00 1.877990470245144872e+00
-9.663614772982547230e-01 -9.287557478250164644e-01
-6.111728664196584004e-01 7.946703823438880931e-01
3.086687511483048318e-01 1.632238563796510222e+00
-1.247867518137151244e+00 -1.366784286476041332e+00
1.184153218093067395e+00 1.128815921668458122e+00
-3.937440944292819323e-01 6.775721940992062153e-01
8.500279802267622919e-01 -9.945618736692216633e-01
-9.263930695640151258e-01 -2.025332835835113698e+00
-1.475632228859837247e-01 3.012775880440418108e-01
5.518954825301058964e-01 -1.104253664817794744e+00
-9.261954100990910099e-01 1.596781917379820614e-01
-1.293615853962772677e+00 -3.773630352033454649e-01
-7.150001647219813572e-01 6.127505560116005556e-01
4.340141929990067871e-01 6.014336633393841947e-01
-7.837987829215052882e-01 -6.879946841460189422e-01
-3.949996523082362487e-01 -4.009671245522838934e-01
1.554028691282985264e+00 -1.270693845085246521e+00
3.385811411227138690e-01 3.870770226984413531e-01
-1.436423888456270337e+00 -7.830735990387069911e-01
2.640853194958246997e-01 4.740187354060307334e-02
1.619282596149985043e+00 4.398301997261874208e-01
9.656602531188365202e-01 4.121624497389679842e-01
1.674239312511788036e+00 -6.769628966987168983e-01
6.487401939680532692e-01 2.176074619177462033e+00
-7.582906694857757257e-01 -7.706362617009308025e-01
6.323257304253318001e-01 -1.443594932124430130e+00
8.666609677379186749e-01 -1.205892160739594710e+00
1.077978386100629349e+00 1.661605138764073342e+00
-1.870300920575483916e-01 -1.343064754671452699e+00
1.368700421550598012e+00 -1.307933685003736857e+00
4.989740188514574237e-02 -1.159318739516263519e-01
1.344260898469342491e+00 1.839021760053501098e-01
-3.846943955450007335e-01 1.069373428972920648e+00
1.525955314374719096e+00 3.681647147163364941e-01
-1.675152458545808631e+00 6.641424968999164458e-01
1.011697904525808323e+00 1.143673300419393024e-01
-1.220754033107388503e+00 5.086889919719686515e-02
-1.369753543774270277e+00 8.105547384555913393e-01
2.109241499772266604e+00 4.515662921589234102e-01
-7.604885812920171295e-01 -1.715811533603116557e+00
-1.455478250157999698e+00 4.637959125889155043e-01
-9.150150291094367727e-01 -1.140444756303441998e-01
2.834138447648270054e-01 1.019693470988575434e+00
6.786727356023987134e-01 1.415562429373290687e+00
8.411121490245558885e-01 -6.544357651239399720e-01
8.191365156220387078e-01 7.485743643811505477e-01
-1.473764351270203221e+00 5.564932946030120009e-01
-3.836499643457931263e-01 -2.711879223784079973e-01
9.166288020978909934e-01 1.262638347485963042e+00
-1.201496074670494324e-01 9.161190502825489190e-01
-4.673121909451170009e-01 1.042748138739867603e+00
1.173897493444488349e+00 -3.627453927205782636e-01
2.246278515694750955e-01 9.393852322876636851e-01
3.899180736372653833e-02 -9.242081280914589136e-01
-1.130759898943112240e+00 1.179744328045175150e+00
-1.525677197084139403e+00 -1.952124717278378441e+00
9.396028222145372255e-02 -1.548443069792290183e+00
-1.477698784046122205e+00 1.313258579374114943e+00
1.057932804336249921e+00 -2.324956208487402587e-02
1.109265877910914577e+00 1.652568172872659336e-02
2.224525300108879833e+00 1.061668979673406232e+00
6.573103762599827871e-01 7.980036615799455113e-01
-1.517992805434117631e+00 -1.023236089495393575e+00
1.140345468039918764e+00 -2.660243774952266715e-01
-6.828003364199307645e-01 -8.115928682881018430e-01
1.026412010464190505e+00 1.069241836284310632e-01
-1.029841931535706800e+00 -9.799792427286416197e-02
1.635900361022769312e-01 2.013120765556909719e-01
-1.003959600219287651e+00 7.268636268656550881e-01
1.152740006055932021e-01 -6.484283072067990872e-02
2.302813290558684278e-01 -1.256550248239586276e+00
-1.437711889051252800e+00 3.648131341477224288e-01
1.527545900612596652e+00 -1.614141083065536719e+00
9.826636170821181349e-01 -7.865712234801511826e-01
3.318528932911881668e-01 7.654683197418324925e-01
-6.926382819807300750e-01 3.887490053791909927e-01
7.703327745657155834e-01 -1.367260105845896190e+00
-3.275904814410792731e-01 -1.228178233071111070e+00
1.341023045093933386e-01 -1.421378114774850099e+00
-7.317800100775968541e-01 -8.171004197574052164e-01
1.120697489777370714e+00 -1.186430296396122352e-01
3.273672457330978336e-02 7.148054660579032937e-01
-7.003510039261057196e-03 -2.350003050048133924e-01
8.150276057446219635e-01 -1.254872545555510088e+00
-3.464343105231031950e-01 -5.836690446437483581e-01
-6.600864830637619418e-01 1.808481611389862298e+00
-9.001471542009118476e-01 -1.383614207637329452e+00
9.790137808469965286e-01 6.192385165243534662e-01
5.188843648607625036e-01 8.870185795525340477e-01
9.813716116548101831e-02 1.467243796581770621e+00
-1.235207223505343288e+00 8.996975623627667673e-01
-5.947230682663301460e-01 1.563404266988826619e+00
1.560029870655295969e+00 2.667773403790978382e-01
-1.234103101575455969e-01 1.010431229911471052e+00
-1.613074009649848040e-02 5.583880878725001606e-01
1.571348667368554830e+00 -1.143668853649876693e+00
1.132258573653140088e+00 1.430344799963435776e+00
-8.972205193860388617e-01 -1.548324346611600899e-01
-8.849694239390597517e-01 -1.499917856802372995e+00
-9.197068479428612831e-01 9.263356613607232060e-01
9.134830433305702879e-01 4.828111323017253431e-01
2.832091538689940347e-01 -1.776556792618795955e+00
-2.588332714943858415e-01 -1.152996001005137661e+00
3.128944326730134229e-01 -9.595416197385321366e-01
6.708549758359564352e-01 -1.074837403274179870e+00
-9.153450049238919251e-01 -7.112068150926612597e-01
8.414894787859379388e-01 -1.038988828055486868e+00
9.554666817913968213e-01 9.527500180105505923e-01
2.477551966013824269e-01 -2.929276985630979713e-01
1.336850301408206931e+00 -2.785629569690155627e-01
7.802151040170723917e-01 5.158026682616019265e-01
1.440473201125323233e-01 -1.296131316404140144e+00
-1.061373124804537715e+00 -1.233338546611156161e+00
1.891884435952305932e+00 7.877901432107400903e-02
8.630128853191330052e-01 -1.500477941799204462e+00
9.135481407686072419e-01 -1.038289888284860130e+00
1.415617883039361757e+00 -7.096024568181686920e-01
1.686756805012084026e+00 8.428325004825044653e-01
4.593627537554253459e-01 -2.309623452880843475e-01
1.587058706106046380e+00 -2.904882130225845960e-01
-2.113284916855244777e-01 3.353562245161311184e-01
7.975186671672965799e-01 2.414809562715907465e-01
1.672262180194146186e+00 4.950148432288590250e-01
5.338239453837013704e-01 1.303347901874839287e+00
-7.499574136052519768e-02 8.014463654258006109e-01
1.665219167826713920e-01 2.054097306221848995e-01
8.523014668549044881e-01 -6.860306429967512054e-01
-6.786373925047478606e-01 1.243846111459836923e+00
1.214738931916740095e+00 4.040552310197438324e-01
-1.802482702090054123e-01 -1.532258365589901805e+00
-2.420349642042600447e-01 1.352687216841460760e+00
6.176831372459928859e-01 1.509161549208069442e+00
-1.456110216304844052e+00 1.115202411496341250e+00
-5.927809315381906696e-01 1.589199413023258067e+00
7.184674947155733626e-01 -8.659199891050348707e-01
2.146234092146249939e+00 -6.939074771832952626e-01
1.342694778376741782e+00 -4.055102900637548302e-01
-1.025876265499815698e+00 1.594262673968699584e+00
-9.393841678625193259e-01 8.734000715656291547e-01
1.896896383013827181e-01 -1.818691333246115482e-01
9.575544308083008271e-01 -7.657882036251941749e-01
-1.080095230540545348e+00 -5.270379128978852634e-01
2.656630621035063200e-01 -2.802531891092757688e-01
4.160435830310791339e-01 -1.561702426746547134e+00
-9.631994713724636448e-01 -8.535918305706290399e-01
-1.638776393431348399e+00 1.345248123650931493e+00
4.820183077232367275e-01 -1.323721129555152975e+00
1.053038347297156507e+00 1.508814306263974503e+00
-1.202932716504843791e+00 -8.651158736408856020e-01
2.239455953808328348e-01 -9.525710292681730529e-01
-9.241882289355518587e-01 -1.167400320551141180e+00
-6.198674947420025616e-02 1.337010321164300075e+00
1.668845972937811784e+00 -8.513607186956126949e-01
6.961669486325847700e-01 3.144504164266753721e-01
-1.170383287723442578e+00 1.182838926381316824e+00
1.502396584891824149e+00 -1.206656702795890213e-01
3.512582612858128339e-01 6.087148154315569215e-01
-5.691899283523664810e-01 1.515577485140709113e+00
-1.001242246648954337e+00 2.731065954095294179e-01
-1.310015714894895877e+00 2.945375064021563682e-01
-9.957247226935691531e-01 1.197406596416631386e+00
-8.096763423082723454e-01 1.114323825090139053e+00
3.576390427702563768e-01 8.551941604775064043e-01
-3.538834746904332973e-01 1.263458971696539646e+00
6.165293943445659952e-01 8.496686041615324481e-01
2.513398450326609357e-01 4.625396891101331009e-01
-1.748588800323124248e-01 -7.973483902910014631e-01
-8.475384245889521218e-01 -1.548440762750620481e+00
8.556693602057725556e-01 1.139644535299611849e+00
-1.662936734315264342e+00 1.048490313226055459e+00
2.580359371469598262e-01 -3.800609120726576862e-01
1.959619775131491159e-01 -7.204229688044114788e-01
-6.840580958376057952e-01 8.377741343327055334e-01
8.844565008554379215e-01 4.062214473348175758e-01
-1.128976589178234624e+00 1.418665900269894697e+00
3.378369250390351741e-01 -8.280431614454677458e-01
-7.476894688399948752e-01 1.447990616356959581e+00
1.613990253554572762e-01 -1.413396364809182293e+00
-5.028562549762737033e-02 -5.275477830431029025e-01
5.873812985778420481e-01 -1.066418954873320057e+00
-8.770944397637268075e-01 -1.374592286112847006e+00
8.139008491160040215e-01 -2.168935648307728226e-01
-1.334522850821536544e+00 1.192607540242818509e-01
9.385608923142667592e-01 6.005698156342322847e-01
-4.639514183132155134e-01 -6.263583563714187896e-01
1.703067284509015789e+00 -1.103348853140811991e+00
1.120813509904266647e+00 -2.237412422451305616e-01
1.967252639993733176e-01 6.241364171130433514e-01
-2.881049091321492006e-01 -1.592925161038232895e+00
-7.876474656026357657e-01 2.524493687207064463e-01
-1.211479547148824665e+00 1.017546355907261058e+00
-1.989625511830194426e+00 6.880342767535199133e-01
4.933543722129365428e-01 1.105782367788308962e+00
2.244070042183723968e-02 -8.282205286505306407e-03
4.736976772579047923e-01 -9.142580439465960995e-02
-3.663461931310073583e-01 6.900464346749899391e-01
-3.813141378005325821e-01 1.368730216422458623e+00
-6.783101558770027184e-02 1.052893942231176050e+00
-7.126368091445971498e-01 -6.984424845742803756e-01
6.127869731648910578e-01 1.660193637225933827e+00
-7.662037233699552363e-01 -7.607190993366087506e-01
-4.510792805550953299e-02 1.437970508206522835e+00
1.738891833979697044e+00 -1.543023410071506785e+00
7.900133743432832256e-01 -1.019724024312103294e+00
-3.985074373159726568e-01 1.481473186418287957e+00
-4.347156928626886296e-01 1.343129398215946457e+00
4.586973450905691418e-01 -9.289304970392412431e-01
-5.494939157863416579e-01 -1.116715984303607190e+00
-8.706666327208993916e-01 -5.002353093719125177e-01
-1.691442002009117873e+00 1.026870827167963185e+00
5.988093888763608152e-01 -1.028484654872932280e+00
7.836236096127708883e-01 5.658214127026636175e-01
5.737026979402275462e-01 -1.613046744261416032e+00
-5.168396445082492630e-01 1.250153420241642888e+00
5.963529921186088156e-01 1.613470907264313636e+00
1.294815816767019179e+00 3.379955185763815484e-01
-1.290323100501199249e+00 -1.151512151880907664e-01
-1.761888505533293070e-01 1.262939315561481202e+00
-9.511875280123774923e-01 1.640497684577244986e+00
-1.697402132094893101e+00 1.177497280572990412e+00
1.005369085890845948e+00 -8.458944807109588515e-01
7.248790805184920361e-01 -9.184090464023257905e-01
2.355669375370765539e-01 -1.041727035363124276e+00
-2.925981521254646722e+00 3.206313619820242877e+00
-1.869993978846131499e+00 9.304636096806773171e-01
-1.656233786070276270e+00 5.129188114209912719e-01
4.435814180709236609e-01 -1.661660685900935519e+00
-1.192620232602079056e-02 1.420085012447222406e+00
3.280170572160234777e-01 -1.429659224098083881e+00
2.692528187191848277e-01 1.047817589775410507e+00
2.796744589001035064e-02 -7.431707264855671458e-01
1.271690827117684386e-01 -1.588280534461742777e+00
-8.598492106231961918e-01 1.086897079570844138e+00
-7.558415055151512796e-01 1.225859857103653416e+00
-1.215891598794881290e+00 9.047555800517219637e-01
1.556527674202792477e+00 -8.724771090399309481e-02
-1.281209070567065789e+00 -3.412269173976764103e-01
5.461679116175800486e-01 1.392160954247013915e+00
2.452516562450895721e-01 1.010431287131348110e+00
1.465828613421790605e+00 -8.838858033789480650e-01
8.928017008173141367e-01 -6.700171491499558041e-01
7.956154006475272267e-01 -4.307419161364330062e-02
-9.048245542538464470e-01 3.644848944500306276e-02
-6.170876481065501462e-01 -9.817878187497596221e-01
1.053084829277206869e-01 8.679395106155258777e-01
-8.377232168349464381e-01 -1.498134611237671665e+00
-1.213230434024978655e+00 9.647415139492432345e-01
-1.738230477177671540e+00 5.247556506489320372e-02
9.220096717084040883e-01 -5.211397995527753402e+00
2.787238849197951618e-01 -2.779793963892321917e-01
-1.387672121347592213e+00 1.399713627150985573e+00
1.344255462278309610e+00 -1.402175124557027752e+00
-3.759578578712959862e-01 -7.238718217446926673e-01
-6.885154906141788267e-01 5.416487542319570192e-01
-1.371115537610837043e+00 -1.569048275372040724e+00
9.971045800421771688e-01 5.190912268228236037e-01
-1.188594091348694759e+00 -1.389941936262065525e+00
-1.536992984092961700e+00 1.246935645787846436e+00
1.684412511594972184e+00 8.533257027503728942e-01
1.590854275965710496e+00 -7.814249325419906356e-01
1.591520433088152997e-01 5.135851986139842174e-01
8.520120973228335615e-01 -3.055761647340196063e-01
8.359976120958974022e-01 -1.242385562343820471e+00
1.091926208381690744e+00 9.216621869059116179e-01
1.194263616096684189e+00 9.453114512239337852e-01
-6.128637996796452159e-01 -1.238014066555350068e+00
4.375263220804852526e-01 1.419890301424713952e+00
2.363142816159441162e-01 1.268627779236682018e+00
-1.206420559275449333e+00 1.193686174398171651e-01
9.391367501172156462e-01 -3.341794379832868644e-03
-2.081497376347195560e-01 6.559202291734566037e-01
-5.337432999168482128e-01 6.460040570575876773e-01
4.097369048783168211e-01 1.012961990186132422e+00
7.690968844235330781e-01 -1.680724443196218720e+00
3.043463452497459087e-01 -1.051407283581121010e+00
9.358314008406196649e-01 -5.229671115845487828e-01
-1.294620964152296549e+00 7.426190137319436113e-01
1.417229758108161874e+00 1.134042590491806779e+00
-1.697261205277567964e+00 6.972081959130257411e-01
-8.286070981533152358e-01 -1.474326174408892687e+00
1.426671101465296077e-02 -5.424077143306962334e-01
2.990234143968014680e-01 7.752231612131216254e-01
-1.763541445828458842e+00 5.909308469159786359e-01
-1.337337194185334477e+00 -4.417183314315821507e-02
1.596924263738084715e+00 2.608739849956795975e-01
1.768745259448061546e-01 2.886368955382572210e-01
-1.356957971747927205e+00 -1.341060384101081526e+00
1.112295694476490127e+00 1.024849735413025043e+00
-5.824182360717101714e-01 3.892634632116691584e-01
-1.229752397721313839e+00 -1.264272051877670222e+00
1.499582971475495574e+00 -1.057472264989128163e+00
2.723207135473175722e-01 1.353985731240808787e+00
7.582851759693665095e-01 -1.419248530248546247e+00
1.589345440950830968e+00 -2.261029189261984651e-01
1.270822305090782089e+00 -3.037960444774502333e-01
-1.261250558074151484e-01 -6.487717873212692776e-01
9.890971711038234471e-01 1.418843276135799192e+00
-8.726924351225986420e-01 -1.411489111807938679e+00
-1.284628570637097900e+00 -1.562374863417498316e+00
3.312906790843964111e-02 -1.318236325498656214e+00
1.005067322369093352e+00 1.303529403230671013e+00
9.097579665277637506e-01 3.737045518281553180e-01
-2.333863934602353307e+00 1.879447343551842620e+00
-9.144849691601784070e-01 7.017658829709551016e-01
-1.137454933543587732e+00 -1.237267501856373242e+00
1.618302689491111224e+00 -2.403546129540056753e-01
-6.353197999427484532e-01 1.351186081027500929e+00
-7.674125677362200193e-01 4.584230324148715896e-01
8.049620462654261122e-02 -4.263836095137213400e-01
-9.908022674660575957e-01 -3.188884903125087100e-01
-9.617547038044987895e-01 1.808472566677487847e-01
1.715405052762097038e-01 -2.765775238779615286e-01
1.195061305652989070e+00 4.986211164227806192e-01
4.230905934926995071e-01 9.801489524693729471e-01
1.042608893336833542e-01 4.323406473026347729e-01
1.068041910430354013e+00 1.401667187571269846e+00
1.143598400187270936e-01 -1.319100047469872194e+00
1.605518653164371257e+00 -6.409516498063094758e-01
-6.652703941126317244e-02 -1.219807360048778211e+00
-2.811236986433460761e-01 7.666451912307662431e-01
-3.262804045409936626e-02 -1.271333170214501207e+00
-1.169358502337466188e+00 1.088789442965612198e+00
-1.371200018136877308e+00 -1.469646156592618880e-03
9.718504483298719965e-01 -1.224208802418997433e+00
1.627426409897422821e-02 1.314223354495430929e+00
-2.497231610258094925e-01 -8.205550976325352019e-01
2.279330167352803471e+00 -5.740533449962138546e-01
4.051487905959354485e-01 1.115742694342457764e+00
6.542938087767482536e-01 1.632497556925826654e+00
-6.799059120408327273e-01 -1.324497664534791008e+00
-5.031081621108501878e-01 -1.046247801735110228e+00
5.717731002210668656e-01 -9.044163018619189032e-02
-4.953921364205218225e-01 -6.357591094062153836e-01
-3.880784333098589722e-01 -3.269755846731840776e-02
-3.012671461309545107e-01 5.625896130531344852e-01
2.936122567964162267e-01 1.123441782229376962e+00
-6.799529133259818447e-03 -1.389269747065059457e+00
-1.414072714316852775e+00 -1.032017633030327008e+00
1.108719068543102981e+00 9.604360461944856375e-01
-1.237487955516371585e+00 7.157153353703554766e-01
6.204514158858871475e-01 -1.700174953941231193e+00
-8.057883129546370427e-01 -1.280167033662846565e+00
-9.125369758507300144e-01 -9.430826616613989799e-01
6.633717084059266300e-01 -9.984108180346562555e-01
-6.588107319077165513e-01 8.567565826753125169e-01
4.678093785474067845e-01 1.600070473997085296e-01
-1.195770603120947406e+00 -1.648303880507079544e+00
1.550042591736458419e+00 -1.614092792755586592e+00
1.131932984862915159e+00 5.336495246557164673e-01
6.525256082063721763e-01 -1.018335163776578955e+00
-1.789883945940702326e+00 1.021532307521094474e+00
2.512368056865685872e-01 -3.577672590086770077e-01
1.659275104512454968e+00 2.524753576555809342e-01
-3.905064429730675801e-01 4.937948062502276469e-01
-1.171938270558869011e+00 -1.024385469103160640e+00
1.472031396667180303e+00 -1.140709084429497588e-02
1.286739508687532174e+00 1.726342188897324881e-01
8.764978811565593553e-01 1.548206630083029944e+00
3.489851903870191951e-02 -5.811125326007912650e-02
-1.351150794935551236e+00 1.027959130749946493e+00
-1.916564220450097000e+00 5.524310044692248844e-01
8.133099836674476668e-01 -1.266770800300828004e+00
-1.499229595397746140e+00 -1.228625229766057148e+00
7.973300930167867007e-01 -6.976591205956764186e-02
-1.187527886914966579e+00 -1.732414387237254938e-02
-1.294098320000485414e+00 -8.225670168318998110e-01
8.410122074163450812e-01 -2.828728243583946700e-01
-2.010524217010601911e-01 1.129602417893119437e+00
-6.753144632744284559e-01 -1.426595441837461564e+00
-9.163935179892920280e-01 1.112988251214310775e+00
1.885933659366698933e-01 -4.342657164790605373e-01
8.739148875750311074e-01 1.784176031581026445e+00
1.010895527852774534e-01 9.130967726987648803e-01
1.737179437976235086e+00 -2.049029958532570805e-01
1.124045698036698848e+00 3.940795390696869571e-01
-1.002917108896670628e+00 3.105629027202811976e-01
6.853285758428280250e-01 -8.506376152169100591e-01
7.180796882138210657e-01 -1.117253804178120369e+00
-1.018590584153797440e+00 -1.828770662783054002e+00
1.254533395443354182e+00 1.187249243532873810e-01
1.547918115788245341e+00 -1.422510375121896820e+00
1.789276362611900817e+00 1.079556080223156078e+00
8.909042231150746116e-02 1.020814424694641342e+00
3.946680362066729009e-01 -8.201298512325430057e-01
9.597398308389188948e-01 -1.142415947760540007e+00
1.407628909490278524e+00 -5.453825777045959167e-02
-4.864901919939121910e-01 7.001157185881833334e-01
-4.277042909346455701e-01 7.050036820921758984e-01
1.339193538721742183e+00 4.560710855237015693e-04
1.187686482593793003e-01 5.730376052440639967e-01
1.176875100604903190e+00 -5.995113134524030496e-01
-3.416876700126438848e-01 7.387630801541598125e-01
-7.054037453927293200e-01 -3.191404869749268070e+00
6.433791425063213332e-01 -3.328700014983706490e-01
2.228878335562995694e-01 6.881000705391390193e-01
1.023843031168221174e+00 -1.235351664411067807e+00
-2.096399938288387166e-01 1.994575008174957753e-01
-5.124218111188061364e-01 2.086207123875767622e-01
5.761473794132679904e-01 6.903201859547051233e-01
-8.044368317707212279e-01 -1.440854096315557498e-01
-4.894243699664919678e-01 -7.544192694680243449e-02
1.499603908791683704e+00 -9.735652656691710094e-01
7.574360199000119698e-01 -1.283210758295584952e+00
9.304847468290575740e-01 1.524238275613289728e+00
1.870545284093692306e-01 -9.128030017811953334e-01
-7.972880665572578129e-01 1.352278760161880866e+00
1.308353517338107341e+00 2.621551344029529051e-01
-2.752546786335494211e+00 -3.537487171145817122e+00
2.146461819084805045e-02 -1.428170946835459532e+00
6.045752498419851850e-01 -1.508266541588857423e+00
-4.298571013888271564e-01 -1.009709623811053392e-01
1.393243588223759710e+00 1.053772130043675870e-02
-7.779212183106648526e-01 -1.292511647937631736e+00
-1.401334955998319254e+00 9.794700158016185210e-01
3.440194585035813990e-01 -4.088658686600783465e-01
6.835055366478454131e-01 -7.677726594180117603e-03
1.372339172050768941e+00 -1.354915562363416370e+00
5.029995553089984250e-01 1.408516583217812590e+00
9.886457400348971358e-01 7.292883290238908467e-01
6.817306505619233903e-01 -5.611802094643193461e-01
-1.011353832643736350e+00 4.012514014335585855e-02
-1.487804909351745142e+00 -9.728597946916777151e-01
8.366498435092983854e-01 9.746852952684654792e-01
-8.654741934262356606e-01 -8.832329447459996707e-01
5.426942596921316975e-01 -1.468113457269047295e+00
1.078597367767929915e+00 1.257291562603231494e+00
1.117151477606129983e+00 -1.175178452770035520e+00
-4.494935056340675361e-01 -1.363980856397675190e+00
1.515377353744668865e+00 1.329973023401618548e-01
1.204779974852686175e+00 -8.418821142361567755e-01
-2.611663694300244143e-01 1.442054662476909055e+00
-7.131544877109695646e-01 -6.169323080902916479e-01
4.272592793514280451e-01 -1.048930568960601217e+00
-2.319445358718978389e-01 -1.072268976708972005e-01
1.496999248071143596e+00 -1.524952946057403169e+00
1.571624558185492626e+00 1.004723453005012646e+00
8.433132978906958677e-01 1.099643786828633285e+00
-1.103479195803186208e+00 -4.288201085789719036e-01
-1.730149293362146512e-01 -9.956878048181437846e-01
-9.051741878514451001e-01 1.977269328409869409e-01
1.132528327609480856e+00 -9.111298330355552810e-01
-1.300681796717289451e+00 1.237092380989161189e+00
2.473447478115717302e-02 1.399003583273220830e+00
1.789896769731751158e+00 1.670737643810073225e-01
-1.162957998964498474e+00 1.199597531137025941e+00
-1.519347270128762917e+00 -1.113234812320553768e+00
1.328561713806391209e+00 -1.252940583637273564e+00
2.376922894421656107e-01 1.229208844813948209e+00
-1.322495381622061705e+00 1.024632299467631125e+00
-4.880838944083379927e-01 2.402799423474810958e-01
7.991231817745382271e-01 5.292639146061383082e-01
-5.061871403629529531e-02 -1.192029568345124524e+00
-7.915948309932575588e-01 1.357115339859668479e+00
-6.017865048671690031e-01 1.593384678203896287e+00
1.603051593919302187e+00 -1.548824404254137033e+00
-1.352042079911935923e-03 -9.866596613993371401e-01
7.980642978080911831e-01 -9.381177043051504016e-01
-5.382710826165693074e-01 -8.940063287648588597e-01
-4.583428876037199950e-01 -7.431310440781849769e-01
-7.729442934022306977e-01 -7.776956543483392048e-01
-1.761251722503063499e+00 1.265802696926378035e+00
-6.776666737876284596e-01 -1.277789441991712183e+00
1.811247071159300115e-01 -2.135419021954614749e+00
-5.375319697050384704e-01 -2.149849209285858098e+00
-6.269280518104142219e-01 -1.390720842002758362e+00
2.794861890147976036e-01 1.400491853860527547e+00
-5.645217401800279866e-01 -1.535291982436043368e+00
1.677555269076114408e+00 6.486890619903734612e-01
-1.147572378347248678e+00 8.503758632007876184e-01
1.682665506952482293e+00 1.378374629444521382e+00
-6.562539793590738135e-02 2.630174134693957777e-01
-1.469870041958883267e+00 -2.518744933583468293e-01
-9.414692042592371912e-01 1.260123443487691786e+00
9.114940142000911294e-01 -1.202556030881376303e+00
-9.556465570703098766e-01 6.562010610237195563e-01
2.340870401160339398e+00 4.977387422216500434e-01
-7.364612571516286899e-01 -1.074726097686211634e+00
-2.077774622674820826e+00 -8.530231447065972361e-01
1.144461678169087948e+00 -1.210227185706094777e-02
-1.441459482293864003e+00 1.140664568505330490e+00
8.424685888224903163e-01 -8.374360955142387541e-02
-1.024884644009532580e-01 -1.510295515121123477e+00
-2.681516114916990268e-01 -6.502088027244780077e-01
8.028064840309183658e-01 -1.501511465791769862e+00
-5.517249697855778345e-01 2.143120468051502303e-01
-7.930682682076000134e-01 -1.230849161746180753e+00
-6.677750439963253681e-01 7.217050013294010746e-01
-1.229553382311494358e+00 -2.662266213659558733e-01
1.405373269128088465e+00 -1.085962020428220987e+00
1.570428921716745307e+00 1.093892291782157855e+00
1.718208537157372984e+00 3.012525530982347322e-01
7.400779735885512078e-01 -1.519198926201450472e-01
9.421394817800701205e-01 1.005694857468790504e+00
1.394169403699610510e-02 9.366924237718350366e-01
-1.391391596203407799e+00 1.227086520901924604e+00
1.723868343177177964e+00 7.515917086155949889e-01
-6.754391204921237346e-01 1.271985976303977806e+00
-2.355065920933040458e-01 -8.015833978826191197e-01
-2.277363414470197356e-01 -1.036072268380481942e+00
-6.938543038842337474e-02 1.153919629550016923e+00
-4.363895980831151711e-01 9.282151771881856916e-01
-6.426172370343212759e-01 -3.199046256483298878e-01
-1.645542345097301129e-01 1.029410388326906345e+00
-9.249004011589960772e-01 1.451033819187134144e+00
-1.368827273524602373e-01 1.903214002527406246e+00
1.335007286752051270e+00 -1.403370610470567437e+00
-1.047578465960910643e+00 1.067385922347019012e+00
-2.801040086289270370e-01 -1.280842667702552173e+00
1.253854304018241939e+00 9.612345739477516915e-01
1.524937183328094692e+00 -8.302252717915482583e-01
-7.582568747432931744e-01 -8.308342646497103301e-01
-1.373053136044725786e+00 -1.567238467778669708e+00
2.404209481613414356e-01 -4.527232824458993221e-01
-1.410373874461803956e+00 1.260454984326868200e+00
2.572234316464686033e-02 1.548910966601334094e+00
-1.254000156118305842e+00 5.371783193715502502e-01
6.507271015589901619e-01 -8.333308037323152728e-01
-1.428258036870652115e-01 -6.638244929275730621e-01
3.201452217975370163e-01 7.565855042309160838e-01
1.152399566771805439e+00 -3.889042098087699406e-01
-6.360291021708111003e-01 1.569226584235428490e+00
3.218512667954324113e-01 -1.675094153146370779e+00
-1.232359018849694898e+00 4.928155357984354001e-01
7.241482096560832860e-01 -4.160261897152665866e-02
-5.199613127514846056e-01 1.810930205641663848e+00
