3.194600961864855204e-01 -1.027151353731678318e+00
1.515436488142999361e+00 1.221034548223299154e+00
-1.706728129049087439e+00 3.931349797558239545e-02
-2.103943717680073766e-01 1.148222965002069884e+00
-7.821282250287886484e-03 1.396668241247097431e+00
9.898077315299610435e-01 6.193172797848705002e-01
1.550696508950591967e+00 -1.676552196898229763e+00
-3.397028100013378404e-01 1.521044113843471823e+00
5.731971610669354122e-01 -2.597520995768675678e-01
-4.283787636412287325e-01 5.643541875665594176e-01
9.026082865314734027e-01 -3.215610058101703306e-01
1.401977527605910101e+00 -7.377893655115180804e-03
-8.049544277755876776e-02 -4.279644011009398064e-01
-2.295120736460136146e-01 -6.129166788503060959e-01
-4.700474014662382460e-01 -1.118876942354177118e+00
-4.818492319595872875e-01 -6.608056213874646811e-01
-1.046182071788783308e+00 -1.876697177616672096e+00
5.844638465776175185e-01 -1.047066441499739042e+00
1.011909460476271283e+00 9.919501827569096042e-01
2.256055308921022517e-01 -8.597312879754492876e-01
-6.014113919478184522e-01 7.453961209617128159e-01
3.571456381555629722e+00 -1.315406782748700376e+00
1.342580281305326695e+00 8.883379873248028469e-01
-2.263054221175250513e-01 -8.543880792539397806e-01
-9.542783696844479024e-01 -5.683400500216570506e-02
-4.476171253932471616e-01 -8.105663589255671653e-01
8.639066106419214242e-01 -1.001952112581198762e+00
-6.831014670103874309e-01 7.682763232301951239e-01
8.840441306902543928e-02 2.206503314593822873e-01
-1.818161602083546158e-01 -1.379014534680340631e-01
1.153687888396748962e+00 1.244088047003978903e-01
3.849082231771067120e-02 -1.552173434505045080e+00
2.141727051379302693e-01 -9.315731040876866764e-01
-2.088290508945713220e-01 -1.052471709373478781e+00
-6.185468998379671790e-01 4.759052589593342208e-01
8.486890984659435366e-01 -1.528984441340874856e+00
1.650610079577150335e+00 -8.164628072354138677e-01
1.598042636571193720e+00 -1.085003980299565685e+00
1.860221308956907793e-01 -1.281568542573251701e+00
1.211946075959803304e+00 9.163290889130500938e-01
1.086718869475435056e+00 -5.007496599810189464e-01
-1.650879898635660314e+00 9.558083389364501192e-01
1.326694556195124886e+00 -8.772582479863675342e-01
-1.549326280126952060e+00 1.107119555197606520e+00
-7.841721246214867769e-01 -1.448144209129313076e+00
-2.687024092384433516e-01 7.817738687631518024e-01
5.043293260433120428e-01 -2.194710659227054883e-01
-6.368048898389327972e-02 5.659416971976044541e-02
-1.420740220289207656e+00 -1.408714491203335584e-01
-5.972398470035945595e-01 -1.043227210333319110e+00
1.458066319391525534e+00 1.172450683331822674e+00
-6.279604920948659297e-01 1.712159840820846490e+00
-2.903294657482664576e-01 1.043155041172798558e+00
-1.983191500520972150e-01 -2.099205746366990866e+00
-1.678939172173211647e+00 4.933418683564834151e-01
-2.167946321558113509e-01 9.086045155120747729e-02
-9.980673862788602690e-01 -1.107703843419859391e+00
-8.892014793960673069e-01 1.518311493844184845e+00
2.639873218036185021e-01 -1.403768792421689504e+00
-4.195715190216198209e-01 -5.095786168876178523e-01
-3.946824827166326988e-01 -5.137017091870685892e-01
4.723251347114685306e-01 7.484512495717099423e-01
-3.340367252499909512e-01 1.434870520385230108e+00
1.718963468841670839e+00 -4.444039104494317272e-01
6.767277631138259864e-01 -9.681992750953728466e-01
9.892218593849922970e-01 8.075692445900529703e-01
-1.153309723762280470e+00 9.950929533428160001e-01
-8.600900304960512610e-01 -2.088848775872958474e-01
-9.437024617474711885e-01 1.648608210482369607e+00
-3.144215703139778273e-01 4.497452336080667301e-01
-8.741661534978293346e-01 -6.692597739754067021e-01
-1.488660331214356258e+00 1.385305819539654149e+00
-2.791205316386444757e-01 -7.583335916642185426e-01
2.555860550996446712e+00 -6.508599094481892777e-01
-1.142042637069573763e+00 -9.529588344900825625e-01
-6.477692540711107450e-01 -1.326656554065211768e+00
-3.829084423188854336e-01 5.300492774704309573e-01
1.784647252064039402e-02 1.181107286797319134e+00
2.897012907435511098e-01 -8.062560123203241780e-01
-1.230469418470775400e+00 -1.182334956099778012e+00
6.099024075980045145e-01 1.000313930923345307e+00
-8.681136761581481620e-01 -7.496071633757558361e-01
1.558420568353524327e-01 1.088334712722096143e+00
1.159039818785624121e+00 3.855244901230475696e-01
8.400606423642854592e-01 -1.335061565032556352e+00
-6.077518342679136820e-01 -1.388043264937550259e+00
-1.564608603522115171e+00 -1.062691263652370433e+00
1.116152758504873166e+00 -1.919229968047989399e+00
-6.448442784922694959e-02 1.349364419138275650e+00
-7.904348829073828409e-01 1.329054298338198326e+00
9.631545946131284675e-01 1.165857577107410226e+00
1.521640993359902660e+00 -2.534971596809679206e-01
1.264265020044976096e+00 -1.292566247117724831e+00
3.403076739152316454e-01 -1.110320738988343159e+00
1.191100230683236116e+00 -2.819874058169061781e-01
-4.390317728752671234e-02 -1.277598524510036526e+00
-8.633080548728699899e-01 -1.283783357219292487e+00
8.729110877658280421e-01 1.325622119250322140e+00
4.567682652645250752e-01 1.894872146566408677e-01
-1.269481355062393568e+00 -1.148102803593850751e+00
-1.455002901051861475e+00 8.278885409639458182e-02
-1.293714845208852049e+00 -1.409042999647242556e-01
-2.030385867581407044e+00 1.003623060233114206e+00
1.445756015716614495e+00 -1.270833198251042351e+00
-2.858876417353807819e-01 9.759877378551272686e-01
1.943830058434634189e+00 1.233456268339391038e+00
-1.268591096814821073e+00 6.986326163098465214e-01
-1.183794885313483425e+00 9.499905146348652796e-02
-6.164305708471637946e-01 9.034993655306350346e-01
-5.390676266196126054e-01 3.992240934465873803e-01
-1.834585558419048468e-01 -9.737351215762110046e-01
-1.005420353726712790e+00 7.569795112008977922e-01
-4.967989008158735231e-01 1.175029210917363010e+00
5.771613969787749987e-01 -7.717824421024281900e-01
-7.041342214602412941e-01 1.769804057904432515e+00
1.032148798772794196e+00 -9.325039750937555993e-01
1.079486224527462790e+00 1.114273749763385002e+00
4.522174877328627440e-01 5.083014428803050988e-02
-1.535290231454534027e+00 8.741450184742982632e-02
1.123401745319970946e+00 1.485753708696817110e+00
1.107671221219616697e+00 2.021959148725935851e-01
1.025685129211703350e-01 2.048146802565545599e+00
3.650975782201799635e-01 -1.024605847029921080e+00
-8.288589942237278851e-01 -1.010830727772904059e+00
2.687755328066258054e-01 1.045515785899699068e+00
-4.792135626755725797e-01 -1.067557815312478731e+00
3.453000632963892924e-01 -1.179814519839648357e+00
3.409219723129602864e-01 6.205758359296785764e-01
1.252356794611862723e-01 -1.294999927309991250e+00
1.986568910798148513e-01 -1.658584799229647633e+00
8.753403942809204752e-01 1.316785307716956233e+00
7.167375054275808566e-01 4.336676036923569066e-01
3.268405003792128616e-01 -2.861965345468183708e-01
-6.392341643747111446e-01 1.596499018383359836e+00
6.092017875380633107e-01 -1.195933218710110851e-01
1.174295330345422661e+00 -1.154215094298371769e+00
1.267420369596589103e+00 5.306426875277687749e-01
-1.602537277021993112e-01 -1.542108217995238617e-01
-1.537255569090459628e-01 -8.929592866341790058e-03
1.523541891683431349e+00 1.353686709736579452e+00
-1.709193017351919641e+00 4.464687454064071304e-01
4.642528671104831917e-01 4.079324316939689776e-01
-5.263539463095480153e-01 -8.819956626148657552e-02
-4.401802310755715264e-01 7.974326854807340936e-01
-1.402163606679037278e+00 -5.763748138605413462e-01
-7.045863833051030367e-01 1.500400120945753368e+00
-4.484748132493880934e-01 4.931547404384958311e-01
-1.152064099823863375e+00 -3.469012113384429830e-01
-2.779662686750111744e-01 -1.258658942585712204e+00
9.567278174000636293e-01 -1.380533252751027451e+00
-1.004090422626821466e+00 -1.170413656128903579e+00
-1.270470104439853198e+00 7.284282176305787448e-01
1.103854648113902215e+00 1.168881930183279572e+00
-9.559556885604844068e-01 -5.951197277727300339e-01
1.274288014722670281e+00 1.507097141877594471e+00
6.311208254737952217e-01 -1.295441915904063102e+00
2.939235566744933248e-01 1.206265674854337444e+00
1.238105436226941025e+00 -6.538088897838760793e-01
1.315627133016667116e+00 1.227242565235997951e+00
3.717093289599032735e-02 6.246069096614853544e-02
-2.141554597819179118e-01 -8.718739458096108619e-01
-1.432245086994705874e+00 1.524233977320303968e+00
-1.177871358014947800e+00 -1.261307185376019824e+00
-3.124432152058795320e-02 9.648045733424374104e-01
-1.689307612818073290e+00 1.242173264571485802e+00
-1.001707879208816321e+00 -1.282309293898548752e+00
-1.451478111379556513e+00 4.077312984122427597e-01
1.395359700015131876e+00 4.198541428749766879e-01
9.188024676279761271e-01 -1.037345692814910514e+00
5.019032534734670925e-01 -5.202888764276214495e-01
-1.075334128437183123e+00 1.476185274447559870e+00
-7.103120940816144424e-01 -1.271268328196134778e+00
-6.408728525965841083e-01 -1.778173953207082381e+00
-3.358272050032595213e-01 3.822653946624458010e-01
8.986264357392826918e-01 -3.197017055785521533e-01
1.194826902534057433e+00 -2.336291308150373891e-01
8.862413894382900059e-01 -1.370810290167705503e+00
-1.081848320142374087e+00 6.185469775094392109e-01
-2.023155508316285267e-01 1.581533808859079127e+00
-9.057523918112514449e-01 2.368893001594775671e-01
4.138930556717260734e-01 1.015707886362155143e+00
8.071853594407246701e-01 -1.556551319892962582e-01
1.335071899097312276e+00 -2.519543016830023685e-01
4.788426350333553350e-01 -9.880765028090086055e-01
-1.441762611377038095e+00 8.758948737172050913e-01
1.551254684299818276e+00 -1.189710056248268533e+00
-1.251372991268998147e+00 -1.449752415066002165e+00
1.644211742937022214e+00 1.470258552432347710e+00
-1.130651813556762808e-02 1.364636698521791924e+00
-1.391501396508323385e+00 2.717062967009422625e-01
2.927996609240548498e-01 -8.327735998627983083e-01
1.062281806855578159e+00 1.793128172935472553e-01
1.028459451151146009e+00 -1.135738341341405055e+00
2.056799214747212501e-02 5.811979184361484307e-01
-1.132376013699798678e+00 -4.842798919227486176e-01
-1.062059925096644264e+00 7.800204713540535018e-01
-1.501844880112597869e+00 -1.113437526893606311e+00
1.676775960700931600e+00 -3.839757911214192743e-01
1.455219078164366797e+00 -1.533527492044151064e+00
1.265730304116300386e+00 -1.732029565706137419e-01
7.079047419614956649e-01 3.417553335921509339e-01
-1.850440900472730132e-01 -3.150604040207963141e+00
7.505191069248264846e-01 -5.774382709803353997e-01
-1.226195494044445056e+00 5.793025684782090456e-01
8.413442457149243880e-01 4.305786052911333428e-01
5.005402768067452879e-01 6.004608068557235612e-01
-5.991068467682852949e-03 -5.625484398105982109e-01
1.313587073071661226e+00 2.255789515591491989e-01
7.753387282885434995e-02 -4.124733983953062788e-01
2.421727015224102442e-01 -2.502210959426179882e-01
-9.817179412082271961e-01 -1.281434621404029528e+00
-1.359380343497759158e-01 9.897405716377039031e-02
7.711770038709093722e-01 1.550218720260121419e+00
-1.758706492037154012e+00 1.321088836370181596e+00
1.254233081385647708e+00 -3.835694633470222437e-01
-1.891935336784129174e+00 8.822572584205151669e-01
1.047861113432900559e+00 7.852539427725471199e-01
-9.585381344054590969e-01 -6.913576016056826035e-01
1.930705666078115890e+00 -2.445104563538905929e+00
-1.156483952607566951e-01 -1.277680760330103915e+00
-1.488299800048059618e+00 2.004355410608455457e-01
-8.756905201128456495e-01 3.644674525416702338e-01
5.215724272330088951e-01 1.534255117795449763e+00
2.608125773526062674e-02 3.242458771796623562e-01
1.462023486619107082e+00 -1.124508491751748718e+00
9.659751835314757118e-01 9.647820016020992595e-01
-6.860596292095340054e-01 -7.449689918809902778e-02
-6.083452321007476460e-01 -1.097457014322853697e+00
5.093615234040365092e-01 -2.670757849548045515e-01
2.657652797418440516e-01 1.264824495244377012e+00
1.265152665778087160e+00 1.393532327775859780e+00
1.463947908463700154e+00 -4.981436699009407776e-01
3.507237300849395112e-01 -4.582101438381180336e-01
1.330493185560027991e-01 -1.144507213594668116e+00
-5.373423024232635292e-01 4.641774258036635015e-01
5.272047176840080618e-02 2.503812317219586081e+00
-3.867653599365780681e-02 1.162503998610817213e+00
-7.176370213756431138e-01 1.305762557629051912e+00
3.808800731943240425e-01 1.313117930754830187e+00
-2.046757786376192101e-01 2.202025824083768679e+00
-1.516575503381260903e+00 -1.029564933855066311e+00
1.027299437785599068e+00 -1.517146698934496163e-01
9.633350047947396577e-01 -1.524594410539342748e-03
-6.153477248847176728e-01 6.488364334229281827e-01
-1.118912403541433287e+00 -4.634002252862237103e-01
4.431341092346190447e-01 6.223533758153743101e-02
1.397012543392151807e-01 2.154529033435605423e-01
8.022154154695150252e-01 -8.733643756895000942e-01
-1.276635517894109562e+00 1.791791387001847036e-01
-3.807211538022754471e-01 -4.234122502992495596e-01
5.570299745078473030e-01 1.107441234489948911e+00
-3.130263125131405588e-01 1.303672148123824481e+00
2.877972067906697795e-02 1.223422745940208944e+00
1.127261271827892097e-01 5.630371807049416866e-01
-6.158982502465281117e-01 -7.315541768574447545e-02
-1.650976325656276500e-01 -1.128691178373730786e+00
2.268852863294014977e-01 6.197450538073269177e-01
1.663029445570906484e+00 -1.371973840935015065e+00
-1.436699809003997519e+00 -1.657793903010516434e+00
4.213280968299666362e-01 6.823480303978481931e-01
1.427592673208645246e+00 9.903076041180972622e-01
-1.918917450222960008e-01 1.912443185290061964e-01
1.175094276809792726e+00 -1.167939866417722738e+00
-1.072423910199327590e+00 8.554537515158752159e-01
-5.635333456617661607e-01 -1.235514993260423466e+00
7.248436017369898066e-01 7.859140459062348150e-01
2.847236083349105051e-01 1.642510295706290258e+00
1.166939443856423342e+00 -1.198136238500511208e+00
-9.596340836428831622e-01 -1.102384005546856116e+00
-1.738458653056131453e+00 3.000860092980345284e-01
-6.871535783286725207e-03 2.755157747432787629e-01
1.160703745533983311e-01 -1.487369316984254120e+00
5.508843281447731721e-01 -2.041853924583458824e+00
1.019910130382494007e+00 1.851182618468086627e+00
3.405785366820101023e-01 -5.830491628405845006e-01
-1.531635991565452715e+00 -1.665425132519349483e-01
1.183569833692597273e+00 1.481645702559407862e+00
7.790576780233331444e-01 -9.267156285437148922e-02
-3.643044902758022507e-01 3.127280007313222310e-01
1.524421910901098798e+00 6.919492719687350135e-01
-1.651371697004786920e+00 1.062759817332058265e+00
1.250865891252157969e+00 -1.012390463697549592e+00
1.631942157039664387e+00 5.294308100206978063e-01
-6.903820499220721940e-01 1.760951586256016110e+00
1.237023383551233646e+00 1.305553347821555743e+00
-1.078687972412065488e+00 -6.237843259904360949e-01
-7.522719319874265897e-01 8.956122094821087343e-01
2.267779590151425939e+00 5.338297662312918579e-01
-9.153337310973178598e-01 -4.452380032125983211e-01
-1.089081905067586620e+00 -1.414857552056902001e+00
-2.226485659411526541e+00 4.374133043151003930e-01
1.494933413199714289e+00 9.909008948411156537e-01
-7.259686880788088215e-02 -1.555757151497243029e+00
-7.979452309876277072e-01 -1.562756006529112618e+00
2.767240811798585831e-01 5.626032175009426650e-02
7.724553972352162790e-01 -1.279685693022963644e+00
-4.709826211561388698e-01 -1.060659791145719177e+00
6.950669318281759157e-01 1.585418051854234456e+00
-5.926074612336684755e-01 -1.525345804303030128e+00
-5.450777130049384578e-01 6.078724809841324905e-01
1.429293061333277937e+00 1.554223616881943659e+00
-2.468515265809235970e+00 2.439272509066261030e+00
-2.679439629957368063e-01 -1.986194366898951236e-01
-4.531989808860968916e-01 2.235479432820815848e+00
-7.014428722368728497e-01 -1.335842408876624088e+00
2.097329527087623990e+00 5.417710886633056999e-01
-2.456023872439022926e-01 5.045188135077204317e-01
-1.353555380487745152e+00 5.566897837250366354e-01
-1.157278113599039093e+00 9.720608429587004329e-01
-7.917700801429251589e-01 5.495640964465576817e-01
1.169500669865355835e+00 1.275601380658532680e+00
-8.219770139800293141e-01 9.575547920254298129e-01
-1.197281577763517485e-01 1.139834305328443764e-01
-2.143021481461200861e-01 -1.170607161026838039e+00
-3.065692719579907743e-01 -2.062840030599609187e-01
-9.148570880117006254e-01 -3.033440026667689748e-01
1.180765916828273587e+00 -7.869575572592473200e-01
5.341254953946852346e-01 -1.108870675848802723e+00
-4.254443635062046258e-01 5.368904744615765612e-01
1.483056650439374291e+00 1.363247363294633363e+00
6.929980170608496248e-01 1.416451459600731155e+00
-4.808755385795141502e-01 1.464514752780679441e+00
-2.294499923387299523e-01 4.285487313735798498e-01
9.897680137112391252e-01 1.136649910276839481e+00
5.767074014651570879e-01 -1.071787914395207819e+00
-4.256063374137000199e-01 -1.104114879794173110e+00
-1.350568839370255070e+00 -1.163937691341150327e+00
9.189726064618731760e-01 -1.472806320726691265e+00
6.326477918064452033e-02 1.662174532856335762e+00
-1.338052106603535352e+00 1.313055107642596919e+00
-1.197934002874265103e+00 -1.086194500387181350e+00
-2.738097482004100414e-01 9.295750697746115732e-01
-6.864708886297447021e-01 -1.380863517928279105e+00
6.214091117259994412e-01 -9.341744016556198238e-01
-6.098650706483799144e-01 1.288375628391169148e+00
-7.900266920201067800e-01 9.016463953757837269e-01
-1.206617883327267160e+00 3.461826748235172779e-01
-1.739598504801365131e+00 1.199164210011567810e+00
2.333544197598380332e-01 -1.438807018227689749e+00
-9.613646187475461957e-01 8.085133517755248578e-01
5.365841861668524393e-03 1.794082870812671593e-02
1.392171382103244204e+00 -5.004012396057494483e-03
1.057386313808659439e+00 -8.433532013746800615e-01
-1.416599119792738559e+00 -8.634253140734317045e-01
1.634793433218682202e+00 -1.553777392067370755e+00
5.865568702430877801e-01 8.802346870586007510e-01
7.545524907671425918e-01 9.283427087091692398e-01
3.471604125829526044e-01 3.454633977924648214e-01
1.537690266722342214e+00 1.289266058402339876e+00
1.383518965889654950e+00 -5.782282887346742450e-01
1.479693479517010468e+00 -1.158660449174071072e+00
-1.514191245623719206e+00 4.995679372795549522e-01
-1.515089268086850183e+00 -1.756452082732915976e+00
-1.437509507470862147e+00 -1.032736359146738447e+00
7.181036414954999891e-01 3.197865865149859821e-02
2.828280993628503603e-01 -6.468220984226222825e-01
-5.430642289330241956e-01 5.487849998585534461e-01
-9.471507124336260297e-01 3.472617161405947561e-01
1.439048498052301728e+00 7.681765431914994169e-02
5.326898325481932428e-01 -1.553176206304850648e+00
5.952972188093640371e-01 5.725765875446597875e-01
-1.239739995822796148e+00 -1.256456506291125930e+00
1.729817055785839219e+00 6.710723042901285407e-01
1.389715334961394211e+00 1.339174095608348214e+00
-1.298276224665965595e+00 1.540556472848450209e+00
2.325718207484425426e-01 9.559500246596625006e-01
-8.315900849925361715e-01 -1.667517700677459747e+00
-2.040400906755596155e-01 -8.281386996779482867e-01
5.704066285383726509e-01 -2.442291103863023782e-01
-2.409525636374865165e-01 -1.178985055481568178e+00
-8.782773469303536418e-01 -2.467122909014037302e-01
1.101674452931669324e+00 -7.909730581155967055e-01
2.126668245211998653e-01 -1.500493173044946893e+00
-1.499642664758751298e+00 -1.373239970850281821e+00
1.250706532268806903e+00 1.443012462839471155e+00
2.036050085201708715e+00 -1.042776776144596962e+00
1.363360617568563360e-01 1.392780417993118913e+00
6.274867170289029072e-01 1.789881606443989082e+00
-1.799267373929450020e+00 1.028665289666406135e+00
4.630384703690132442e-01 1.341225624748899059e-01
1.627285528163471051e+00 -1.251994243854066990e+00
-1.269663757087920120e+00 1.253541710986902036e+00
-7.463792216147593361e-01 1.664984857768631255e+00
7.268710117344286958e-01 -8.395093859682327686e-01
-3.307014885818021499e-01 -9.218604689899768667e-01
-1.582461008376997658e+00 1.475426536455133331e+00
-2.583161905745914311e-01 -7.590102949058232795e-01
-6.967738623974087941e-01 -1.141127603132102930e+00
-1.643781640575977976e+00 1.186005299300514348e+00
-6.920606027697192575e-01 7.338204106208205957e-01
-7.570752489776186867e-01 1.262651405448628195e-01
8.277450222623939924e-01 -1.664289492505364620e+00
2.929143949366320721e-01 -4.642450124696803626e-01
-1.068208687097593534e+00 -1.514182662264314416e+00
-1.443117981474819622e-01 -2.497952438150946586e-02
-1.075523776404092358e+00 -1.490871679394723870e+00
6.404791790014910391e-02 5.223036211138722962e-01
7.671462315408389410e-01 1.750573223307529513e+00
-1.650705265419315948e+00 1.265261949965393651e+00
-1.296342762111990066e+00 1.319107322764385692e+00
-5.882207604884487351e-01 1.624053403007102436e-01
4.322192006870000380e-01 -1.659313351599887021e+00
-7.158134664211456277e-01 -2.791645783291760718e-01
-4.080689880991940632e-01 4.970847531392158514e-01
2.488838477121812776e-01 6.005266789444380082e-01
-3.931564874279963040e-01 -8.350857137576002120e-01
9.745040796615204171e-01 -1.122626389453235340e+00
5.112297694820766569e-01 -3.388762589785079271e-01
1.065735155092223385e+00 -1.604009106455890066e-01
2.701462432297850880e-01 1.035296681685609066e+00
-1.500363597671596994e+00 -3.778887653031034466e-01
1.638444587135750918e+00 -1.149438410925933685e+00
-1.819758320872566504e-01 -8.707046736947354759e-01
-6.094316763750988741e-01 1.691274247445020862e+00
-1.387099539434369255e+00 1.229329338348037925e+00
9.964648970956288543e-02 4.463359361481904486e-01
2.362598554231782055e-01 -1.197441379385623811e-01
1.469816931490411926e+00 9.798551023072149535e-01
-1.478185542956360399e+00 4.526626948782200843e-01
7.802088653158179010e-03 -1.136076656076180497e-01
-7.193561603378884062e-01 -6.252191064442539359e-01
-1.245327782605598177e+00 -4.696687916747896430e-02
-1.340683332627642610e+00 -1.616861539980877449e+00
3.534078661902660956e-01 -4.361993639068895701e-01
1.205541811829492049e+00 -1.103619500140234244e+00
-4.679891859746940774e-01 -3.031390575014530353e-01
9.662539410679197305e-01 -9.866099758921759166e-01
-9.058601715127152509e-01 -1.038257898098146503e+00
-4.154604841768110846e-01 1.652247169477151445e+00
3.074427695174538622e-01 -1.606057201251418487e+00
-4.634332981665846285e-01 -1.105092576858730302e+00
1.341014161830580698e-01 -9.486804615891131220e-01
1.152700346128649356e+00 -1.462498502207671969e+00
1.020225057772970123e+00 -1.497179447498947269e+00
-3.840880984932216746e-01 1.016641362296848872e+00
-1.438970142689286691e+00 8.498171459289604046e-01
-9.452498518178478193e-01 -2.298497289260848842e+00
1.415761844219953325e+00 -2.460403887436411474e-01
-6.004254076066689594e-01 -1.711840962626134832e+00
1.758359469939274389e+00 -1.029153819591069441e+00
1.649967331821250660e+00 1.207959606444192868e+00
-4.757923207317544811e-01 -2.835500506807471233e+00
-3.103940387408934409e-01 -4.148995640332434065e-01
1.774185002311598203e-01 1.023288671034110475e+00
-1.706929273414166559e+00 1.356187747036865066e+00
1.212110700363570270e+00 -1.453930359731605559e+00
1.055843467755118059e+00 1.955185086292306473e-01
-2.492990809081223891e-01 8.410729433319313886e-01
-7.717860304287023354e-02 4.530927181067249121e-01
3.566791110651101882e-01 6.719525528629664013e-01
-8.893405828228875265e-01 7.417624622687259972e-01
-1.184702457765399508e+00 -7.962305784400091069e-01
-8.932411753776505758e-01 -6.457175341098234100e-02
-1.141304061919812263e+00 -7.291552248612086506e-01
8.240689098036096949e-01 -1.457316278383805397e+00
1.829103348539490081e+00 -7.441323174326745782e-02
1.183392228780327349e+00 3.828178182058479262e-01
6.070607619794066157e-01 -3.255055537350385331e-01
5.704505894502001073e-01 -3.290089653098500211e-01
6.671591361047819468e-01 -6.230779024055635995e-01
8.718291357001072273e-01 -3.286481638096071523e-01
-4.476631302936444623e-01 2.470977023809607931e-01
1.341931008971734007e+00 -1.136334591407665684e+00
4.795142591390486597e-01 -1.483055925182503731e+00
-1.119425856891687943e+00 1.036197322110886443e+00
6.612492778780854064e-01 5.045046019115523306e-01
-1.597095813392369390e+00 1.251504091199612922e+00
-5.542826073680378052e-01 5.523180297100744873e-01
-1.956074827982611231e-01 -1.886884633577415649e+00
1.046618423295093969e-01 -1.131761894222958365e+00
-2.130241968187955581e-01 -2.293208659046874764e+00
2.059606854558123923e-01 -1.101204447235528461e+00
-9.821140397320927695e-01 -7.208926420320411754e-01
1.401294440686449816e+00 -5.744339593738637118e-02
-9.157572835601844874e-01 -2.327480665798778992e-01
-1.435945722524386570e-01 1.355908560297448773e+00
-9.127668512417967672e-02 1.107227768152160063e+00
-1.266539318857323737e-02 -1.762269075222714143e+00
-1.818912801561774484e-01 1.090582837784365156e-01
-1.333918682335972106e+00 -1.585523012841581814e+00
-1.840247627623387006e-01 -1.308955694150934157e+00
-1.276852358966217071e+00 1.523064360072153622e+00
-1.371449673431151872e+00 6.014962608239442510e-01
-1.470876776792794161e+00 1.332787713242604255e+00
1.550004134713529158e+00 2.597267899540764424e-01
8.691704385299011681e-01 8.884866824952913911e-01
3.794102228816150779e-01 1.178766517953033777e+00
-1.166419717777259280e+00 2.022199648048235709e-01
1.995480769449825331e+00 -8.416102703117208650e-01
-1.705594086660952913e+00 -3.332812923372277525e-01
-5.762941296882861941e-01 1.620733220156405086e+00
1.764380474563712053e-02 8.231510095360446977e-01
-7.353788844123029245e-01 1.814653349573315033e+00
-5.113348942529335472e-01 2.839169661522645827e-01
1.542878973661345521e+00 8.212228126836017550e-01
-1.639182274941961337e+00 -7.173588033889694016e-01
9.973662919788662817e-01 -1.446444036210675854e+00
8.424409569065679504e-01 -1.477048829396997220e+00
2.104597987463576458e-01 -1.427645296712646505e+00
-2.292010750123009699e-01 -6.145780913996410355e-01
-1.944846919258994278e-01 8.818965523206402368e-01
-1.375067670422168264e+00 -1.003599748804627989e+00
6.259349979739859959e-01 -8.514499387808702746e-01
-6.669041826179122889e-01 1.111528725713034405e+00
1.512089582322561965e+00 7.632029602181283900e-01
3.396159488806201887e-01 2.325636991898574757e-02
-3.108755564522256432e-01 6.078554648126641702e-01
-1.504327418943853800e-01 1.351200997694566475e+00
-1.493333357009984930e+00 -3.095019508190856028e-01
1.005003189658542351e-01 -4.170417223433872667e-01
4.158452626634725480e-01 -1.843967328713097320e+00
1.213959627879515335e-01 -3.019645858581919695e-01
-1.690752546652409150e+00 1.027058904367629921e+00
1.504218791618139539e+00 -1.347554444001630714e+00
5.070807537876577120e-01 6.881026923095674430e-01
-8.184306854655216679e-01 5.282203072711278979e-01
-8.843710254291842210e-01 8.419263896458112351e-01
9.322305290159912383e-01 -1.193941298258264366e-01
2.357095917875869084e-01 -1.270012937080634785e+00
7.623617716875605299e-02 1.141322083794666487e+00
3.259460465262561391e-01 9.796921559262353751e-01
-6.272543692814150917e-01 1.022641570587036419e+00
-6.325190335524109031e-01 -1.161546645249033061e+00
1.151298738420862389e+00 5.308765554621935889e-01
1.067000175337243562e+00 -2.702406606388085830e-01
6.081128222057280430e-01 1.342152565362697558e+00
1.617548028893008027e-01 -9.935247706835376169e-02
2.673435425714466573e-01 6.789136686122296815e-01
4.516429779981924186e-01 1.196421717913454863e+00
5.870182853374975585e-01 -4.066244976414243317e-02
-1.031410764299914851e-01 8.496635331064318342e-01
4.886084520392970365e-01 -8.014644586623869138e-01
-1.928673486449556107e-01 -9.470995871495572205e-01
-3.396109106125352328e-01 -8.182059309965155069e-01
1.269617200974480387e+00 -2.409657184308096056e-01
8.249141308503914471e-01 -6.803747191161568786e-01
3.736991261616587900e-01 8.939303162646076162e-01
-1.262748704991050630e+00 -1.162362907512914934e+00
1.324825922124003574e-01 -7.592478434443328261e-01
-8.671618554353162089e-01 1.386267723311509492e+00
7.122199432126942176e-01 3.535220659007348720e-02
1.470455977702024963e+00 -1.434817565897317682e+00
-1.356118190079164565e+00 -3.403128162268008738e-01
-1.906474854309981426e+00 1.091548456027693348e-01
-3.891936493559543520e-01 -1.617414521201371969e+00
8.450758572481961162e-01 -3.884233078965128039e-01
-1.654215315579147472e+00 3.871708661102599702e-01
-5.029890282614516428e-01 1.455738619219670293e-01
-6.549246818173546369e-01 -9.864160155803559649e-01
1.576971163413124211e-01 1.619357374538180627e-01
-8.690509096452821158e-02 -1.762747856629784504e+00
-5.436109028175937219e-01 -9.549725240582481733e-01
-1.159255187387364883e+00 1.300660331401990888e+00
9.829401407327212903e-01 1.736007018504595045e+00
1.120909925030240784e+00 8.316762892184680345e-01
-1.472367891054254141e+00 7.476792921894559463e-02
-7.920288225604693588e-02 -9.561703183335084066e-01
6.014603699145479876e-01 3.631140891078730171e-01
6.012024514022559774e-02 -1.163137914109633186e+00
-1.678834099273530223e+00 1.324992190165773298e+00
-3.327760493793160412e-01 -8.676752168344399330e-01
3.769523906075175068e-01 7.958359695078196516e-01
-8.657063878343584928e-03 -1.576866666294867603e+00
2.009552517527051496e-01 2.649340433533914352e-01
1.000906963831264651e+00 5.178235282115223326e-01
-1.357979397279996059e+00 -8.039470640292456505e-01
-1.392549976677424972e+00 2.297895670816024971e+00
-2.640552782373748464e-01 1.152596247805881990e+00
5.617188520459337475e-01 -1.226019257399665552e+00
-5.651479541584101263e-01 8.117166940356627114e-01
-1.548273020536540479e+00 -3.290687320988628928e-01
-1.416467713178785726e+00 1.402142151700196404e+00
-1.820543821318889810e+00 3.053064783902977863e-01
-9.167235779745377400e-01 -8.381441289540159101e-01
1.247965795732003391e+00 -6.536602070483725768e-01
-1.831495560464861061e+00 1.079231278502077895e+00
1.704101125793773486e+00 -5.015361908417326209e-01
-2.763948045269868370e-01 1.425782953447316981e+00
-9.086860948508951319e-01 8.134736633410782902e-02
9.711183805879523012e-01 -9.276640019279315252e-01
3.690597789923111272e-01 1.034943085397147744e+00
2.864656444743166608e-01 -1.057429477632719550e+00
-1.721048448248084339e+00 -6.578811621070739246e-01
-9.675808057620945979e-01 1.097472957367067625e+00
-4.140940476239272638e-01 -3.398338721722326539e-01
-5.088483235017310369e-02 -1.974414827653996063e-01
1.380111277968374406e+00 -1.058064286957694389e+00
1.054293341994535282e+00 2.347108304095418263e-01
3.259308551427448908e-01 5.597895236028271881e-01
-1.004120650863268155e-01 5.584440968396570115e-02
-8.333259352814946785e-01 -4.509763431951016588e-01
-3.036346086950229006e-01 -7.614452677245048262e-01
-2.313277275667546262e-01 -1.461650591087504669e-01
2.011679368181360228e-01 1.005271461375097264e+00
2.700722472819763187e-01 2.909789617017842223e-01
-5.491376282720394908e-01 -1.698855350684423726e+00
-1.113974919751172354e+00 7.347321024314594773e-01
6.059227585247756176e-01 9.149472172249059065e-01
-1.277745307357156967e+00 -1.091464271757395466e+00
-2.398953319104586424e-01 5.360926044988688632e-01
1.360905003176428707e+00 8.620293124971768473e-01
-2.139126079777538547e-01 1.356638017605398705e+00
7.871636303499577325e-01 -4.861687754855079091e-01
-4.516692581408205953e-01 -1.070859623441724029e+00
-1.514863943335116758e+00 4.758741378366588837e-01
1.402998320167396118e+00 3.949218014792175158e-01
1.022608995350288152e+00 -1.363681063681549510e+00
-1.247954716899801308e+00 1.270037272290134300e+00
2.965745135226821594e-02 5.078796346280128882e-01
1.181240352219464773e+00 -1.467579561601513483e+00
6.301604788169290483e-01 -1.405155748487722178e+00
1.486547581478074420e+00 -5.146488112618730071e-01
-3.520751434597705343e-01 5.788940288334962769e-01
1.136209034589560352e+00 1.148226300029516533e+00
1.304367856653949165e+00 8.429582095836284372e-01
-9.483064070639347920e-02 1.233976559876517332e+00
7.493240070983987478e-01 4.613215138520118663e-02
-4.774253181410001434e-02 5.815363909918102037e-01
-4.020488574043877827e-01 -8.674511099152840687e-01
-1.362350504337418444e-01 -3.216314793531910299e-01
-1.252792368706821868e+00 1.371329443943415938e-01
7.059556837600710066e-01 1.159886455053379617e+00
3.198396856699970980e-01 -8.391589095944270715e-01
2.938559037469729018e-01 7.252767874255906522e-01
9.498852633443838345e-01 -3.116973219662368955e-01
8.599917663716613037e-01 5.615968345403670181e-01
5.233600907612991904e-01 3.142243290106485620e-01
6.887297065683846142e-01 -1.181667735925953089e+00
4.086208087539461298e-01 -9.159976469378541264e-01
-4.170007029662748943e-01 -1.483805700021662843e-01
-8.986142327740902491e-01 -2.471586041230111608e-01
3.405027338533536119e-01 4.317818242357840397e-01
1.251212103939389531e+00 -1.036740376870728397e+00
1.789172295163556470e+00 -3.678293365964463990e-01
6.252891440541840096e-01 -1.429680707891257396e-01
1.620813359325906644e+00 9.603381988864544416e-01
-4.937183962015844196e-01 -1.128503119142254096e+00
9.772865020831466021e-01 1.864052297361404320e-01
-1.230704376967471925e+00 1.012792056091972981e+00
6.759780279911496992e-01 4.831170529409398173e-02
-1.267175209177725081e+00 6.004231292460071590e-01
-1.273787414360624703e+00 -1.361665685460260899e+00
-4.873190851192739093e-01 -1.632518403589119371e-01
7.043766339190635772e-01 1.054364889190908094e+00
-3.246914850992317358e-01 1.475848440606783107e+00
1.089905245255728072e+00 5.056381596976816661e-01
-1.805631943901619962e-01 -1.241880009489178122e-01
-1.407271979173342125e+00 -8.216481751100498387e-01
4.851220016569883775e-01 2.991064471234056721e-01
5.819900415530060434e-01 -5.814300631779303341e-01
-1.647160294347395082e+00 9.853958423330272387e-01
-1.725692796233845971e+00 7.513685007713960529e-01
-7.849001258201526721e-01 2.480700204135812825e-01
-4.350204108760867272e-01 -1.510130696485652013e+00
-7.207415668819351362e-01 2.093179270955155324e+00
4.316112650038399501e-01 6.036375811662303414e-02
-5.116509352914282438e-01 7.510638615922776706e-01
9.988059623666957210e-01 5.083482123384747142e-01
-6.951914399893592833e-01 -7.433578309051659394e-01
8.582068832895167754e-01 1.014124135971667950e-01
-1.474433140797998476e+00 9.304319297381374865e-01
-1.033673987246402026e+00 -1.158667296015521098e+00
1.402073289126054279e-01 -1.005602806977872632e+00
5.660127145343808452e-01 -1.374864060112919617e+00
-2.897985379178314447e-01 1.086554890358552239e+00
1.287758165529062193e+00 -1.273695266488978906e+00
6.176231314416860130e-01 1.312140621339262569e+00
4.084505322204531330e-01 -1.373425259479113425e+00
-3.643906037142914389e-01 -9.671334922969759829e-01
-1.506979672690820893e+00 -9.822469197142054131e-01
-3.979282529315701922e-01 -1.380735721276751260e+00
1.234655008496873707e+00 -5.702163300887039821e-01
1.407974563157139425e+00 -1.319794811918252542e+00
-1.295691370884245464e+00 -3.219581833190419129e-01
-1.363630678548493513e+00 -1.750036842594517861e+00
-1.595065097497220252e-01 -1.819071369168265007e-01
8.385153919138824130e-02 -2.303995059710470805e-01
-9.481500013976466024e-01 1.887049047776984123e-01
-4.490052516284642747e-01 -7.816639625681364167e-01
-2.946806898748782211e-01 -6.772833347212012800e-01
-1.923064083412935998e+00 5.729641225433195206e-01
-1.454917844213153844e+00 7.258176448142324988e-01
3.182473973938466649e-01 3.515898520120226411e-01
-1.294658305749777361e+00 -4.069532963802504066e-01
-9.036423951939674959e-01 -3.977147979037718439e-01
2.860864835954488594e-01 1.044807402220652159e-01
2.204092463606764640e-01 -1.291109522527875253e+00
5.947323822052065223e-01 -9.025433543030724204e-01
9.335309728711264077e-01 -3.797238084584720230e+00
4.053103764281218435e-01 9.721678709872551005e-01
-8.282763624157559734e-01 -2.844921191073374600e-01
-7.093130668468814459e-01 -1.443967699064278243e+00
1.284987452152820397e+00 -1.352367633141140946e+00
-5.216364295139717111e-01 -4.627957739444806262e-01
1.224370331625397601e-01 1.627701439456298305e-01
-4.450841121242211651e-01 6.206875647030123400e-01
1.205986435975107574e+00 -8.788679517922376450e-01
-8.358099544489743238e-01 -1.178802218151574488e+00
5.192475778670442299e-01 -8.543143314532782862e-01
-2.449389935535336793e+00 2.126881940201553078e+00
-7.579502301223499661e-01 -1.227583858799878413e+00
7.408411180470481083e-01 1.062890630265958869e+00
1.638622325473692465e+00 -1.190337518536727091e+00
1.289581519438699697e+00 9.419548509679703807e-01
8.298422423454797636e-01 -8.223752956956097426e-01
-4.287342807908242071e-01 -1.277710147574780963e-01
5.011365877197104801e-01 6.147941207359076676e-01
1.749234233655186044e+00 1.063197634598194607e+00
9.338573541457572125e-01 5.773545743471748537e-01
-1.486562905758574971e+00 4.271542103442430571e-01
1.085283899414558828e+00 6.737348076735549807e-01
-3.468309730859603923e-01 -1.593634388487366937e+00
1.581706910581682557e+00 3.963746535635574997e-01
-1.381259902557967711e+00 -1.214627054092217939e+00
2.536563550147763468e-02 1.760046875412032419e-01
-6.322778987176176368e-01 1.338606574859523501e+00
9.200491644414189318e-01 1.606605818085298232e+00
-1.290183688202550139e+00 1.076883591900074322e+00
-7.830414132396090743e-01 1.232306940943418638e+00
1.491465123511954483e+00 4.262542481419452356e-01
-6.541793730950506980e-01 1.246095284582488638e+00
2.855573453384683269e-01 -1.430158007328186542e+00
-6.233559651001570057e-01 1.285652102712954825e+00
6.283931645111445752e-01 1.671364764858190632e+00
-1.551817992912624122e+00 -1.031184488637304497e-01
9.858314781055931286e-01 2.659825607726391539e-01
-2.137169655680976332e-01 4.572597158473660217e-01
-7.604910394662527384e-01 -1.478824002149476513e+00
-2.777834056925049255e-01 -3.267563512284219485e-01
1.320933324665946873e-01 8.298049229826881534e-01
6.270489565011219124e-01 6.516917330434743860e-01
-1.623814223073459240e-01 1.023287510639643738e+00
-1.097601933641486838e+00 -1.906831745600216788e-01
-2.718071422595191300e-01 -1.672209802869393247e+00
8.449494909582969115e-02 6.028418882772150766e-01
-1.773646068394586273e+00 7.222455561905612997e-01
1.065569128366027130e+00 -1.407832936100517074e-02
3.325470012016296106e-01 7.656383948764047265e-01
1.544382904425520842e+00 1.296424495871777882e+00
-3.298678343141211999e-01 -1.062225351549457963e+00
1.693228354881673725e-01 4.557630646378483252e-01
1.754464151311034170e+00 -8.925369940465243124e-01
3.717945593109251989e-01 8.346769994858170838e-01
-1.510675165563397426e+00 -1.998009251091721894e-01
7.662302441507993223e-01 1.209110699962195667e+00
8.957965893090059639e-01 -1.459775962124397974e+00
1.885345958639976338e+00 8.629560483753645483e-01
-1.575999242996301675e+00 9.009199736176091156e-01
-1.668522587924361256e+00 5.245080109661401924e-01
1.944961523830752437e-01 7.199919901340197104e-01
-6.493268735520754675e-02 -1.669464072832355761e+00
1.490810800278774273e-01 1.451113639849746395e+00
5.459131590497975361e-01 -8.106187942681161163e-01
-1.544050890899433925e+00 1.621543608747256227e-01
3.818302132870111665e-01 -1.064423325220702932e+00
3.112080534507054574e-01 4.827241697422048894e-01
1.140613017201517643e+00 -5.592503613534139939e-01
-1.482373721397395983e+00 -1.246291584982768264e+00
6.261697367747921517e-01 4.578696624686664496e-01
2.880517051680078766e-02 5.279824469184878355e-01
1.210058579114427380e+00 -3.177277349903037118e-01
1.318348200967800921e+00 -4.497012616218059589e-01
1.678646806004632674e+00 -9.992971384095188370e-01
9.655826930080327886e-01 -7.988730201455526703e-02
-2.000737407779481725e+00 3.137792736354697576e-01
-1.737378103106157201e-01 -3.174762569174154336e-01
-1.609567711004825874e+00 6.671302963802048236e-01
-1.770426331428870848e+00 1.184094220759806415e+00
2.806245506050275562e-01 1.031731736773459751e+00
-6.741362351778987239e-02 1.342440913829143767e+00
-1.220950292664054970e+00 8.037505617085135556e-01
1.431126681673924539e+00 -2.844609023253429347e-01
1.572230851396943851e+00 1.418609746234166913e+00
4.081903878650373629e-01 8.925311070666180902e-02
1.398916465251825558e+00 -9.123153309469727024e-01
5.237772132268414538e-01 -1.356064279366290481e+00
-8.672200471222312190e-01 -1.189755068866868548e+00
-1.328915113231882161e-02 -1.675594822001530426e-02
1.348705515719375581e-02 -1.408196434431842725e+00
6.594203250993203591e-01 -3.344680074757714339e-01
6.459250391074989883e-01 -1.991892182807912359e+00
-6.991834449987878175e-01 1.402153503112097965e+00
1.076245125014285708e+00 7.495670173405379888e-01
7.297805235069992902e-01 1.381638082849395488e+00
5.085162740068625009e-01 1.187297480037573294e+00
3.330049830025101354e-01 1.172291083647308163e+00
7.266543974260322170e-01 -1.480708129522713357e+00
1.079182193517612465e+00 -1.112971564516369583e+00
7.547184984757208115e-01 -7.657497382851473633e-01
-7.199130585686783768e-01 1.081031645437745325e+00
-1.053398810831402299e+00 -1.198452429476069891e+00
5.359246792862802922e-01 1.294840427977555830e+00
1.687512385686978922e+00 -9.260623929784833619e-01
2.250866942197413401e-01 -1.417793118315587630e+00
-2.939429386112596410e-02 -1.347449268611133899e+00
7.866396124942900969e-02 -1.073321507472186465e+00
-7.579318989621732783e-01 5.497736003018142137e-01
9.821170480046140794e-01 -1.679420286981069044e+00
2.615764480624862554e-01 3.327588270819301086e-02
-3.351896636058032675e-01 2.432365921175748680e-01
9.329683585583760097e-01 -5.988943826627666223e-01
8.848767593129701625e-01 -8.252225500871045449e-01
1.866952000670028422e+00 -4.006166641591001332e-01
1.018161975451461199e-01 3.212391504717018176e-01
7.715143494316224482e-01 -8.356163106769093352e-01
-9.285987679709862830e-01 7.737329455802317568e-01
1.958220728476805228e-01 -5.494206841443649569e-01
-4.372812783079024768e-02 1.059756095277980759e+00
8.772613110508539203e-01 -1.683745613633165661e+00
9.462095444094958951e-01 1.213837970389326504e+00
6.888477504958464559e-01 -1.117435017864595093e+00
1.131399532804062913e+00 8.250709949755027361e-01
2.847358486417943535e-01 -9.532785654759806659e-01
-4.082601527088114413e-01 -1.176199037530869518e+00
-5.139686142837021077e-01 9.560017741354328580e-01
3.432432114825718639e-01 -6.559906299665948515e-01
-1.152853990120357164e+00 9.470540741898770820e-01
-6.234795623330423586e-01 -1.275436066587990247e+00
-1.691352792127277072e+00 1.166089791630509520e+00
1.515899140992405414e+00 -2.695257198655270359e-01
2.339131192500235878e-01 1.890214950057176879e-01
-1.993870095602220949e-02 -1.944383969300846449e+00
-5.599647390772501954e-01 7.117185688715808034e-01
-1.726585269706168324e+00 -9.285601171732800474e-02
1.630248981984701917e+00 1.162743621826674900e+00
-1.290351051403581195e+00 4.482018622311770839e-01
9.580080752965712820e-01 5.264327209990132816e-01
-1.336197859994191273e+00 1.139947147791288806e+00
-3.776169874061562348e-01 3.604117613706148138e-01
-5.716841842832518505e-01 -4.104567764778740968e-01
8.478808298394074905e-01 -9.471402017218611968e-01
-2.082919309735151436e-01 -9.246177667124293453e-01
-6.762119480499801938e-01 1.996370415497066841e-01
-1.062400701681311732e+00 -1.222064369999203315e+00
1.545160387520643219e+00 -7.260024025476849996e-01
-7.761883122291360904e-01 -1.039412043318335366e+00
5.625503870236028270e-01 -1.069948355036343557e+00
1.156514407687227353e+00 7.667578420741477663e-03
-1.929738861844016440e-01 -1.325965639115742611e+00
1.648284976610704666e-01 -1.616306136352130274e+00
-1.965933677966985149e+00 8.989613375401633855e-01
-5.346089298069695017e-01 -1.487103336756617489e-01
-3.178190600888369244e-01 1.260403533724076652e+00
6.951354322664842211e-01 -6.103942723597490794e-01
-3.535554368579466034e-02 -3.810075007614879827e-01
-7.050201382396917849e-01 7.066261031756740918e-01
1.093496374985068131e+00 -5.123487454809265707e-01
-2.422611135045006636e-01 -5.053562246224072574e-01
7.230926504712028580e-01 7.922030861282672864e-01
1.447719197887588294e+00 -5.288557403073348429e-01
6.689005033488825136e-01 7.507204162589048435e-02
-1.361595811448090609e+00 9.317531743586168202e-01
-1.842591143219932115e-01 -5.846889101142490608e-01
-9.720076195786979678e-01 -1.002979297427355920e+00
1.308585222013386673e+00 1.230867115558665903e-01
-1.316525874312594713e+00 -1.412580135028461914e+00
1.368358817143196793e-01 1.537619182970837439e-01
-1.111296575477025872e+00 8.353377835453447142e-01
-2.265993817917038300e-01 -4.343853360683742615e-01
-8.449660066816808701e-01 -1.511864029726883274e+00
1.572860338252686674e+00 1.340337469427100192e+00
5.956562360633821385e-01 -6.968144499014835569e-01
5.785442427231016760e-01 -9.569995787548967181e-01
4.781279160322337018e-01 -1.571116865603727764e+00
2.637032443767078904e-02 -7.980631009699867828e-01
-1.251242912886845637e+00 -9.440560513056126535e-01
-3.910001924000318652e-01 -3.949451388197748880e-01
-1.173303914381136126e+00 -1.126627057947731103e+00
-1.444340133556738071e+00 2.311594855055554287e-01
-1.697687385923016823e+00 -1.895985614236661287e-01
-5.450543913575298660e-01 8.084982788145195221e-01
1.022279447571269317e+00 1.545178914297763662e+00
1.262386564168692216e+00 1.589550430373043000e+00
-2.356138185331689616e+00 2.216638675598221919e+00
-1.098915503790232950e+00 -9.031689450386737317e-01
4.779289305166330992e-01 1.314411830194768704e+00
7.824180472116068485e-02 1.042391054925104310e+00
6.448240024876342180e-02 -1.303132677094910541e+00
4.571286016070281732e-01 7.811213162664417675e-01
-1.203448424712872250e-01 5.564875893661651585e-01
1.878776741706481290e-01 -1.245146914014523709e+00
1.757609780247324727e+00 -1.639244029970102989e+00
1.435991494934991897e+00 -7.614068982486474346e-02
9.042796352771983459e-01 1.542536825518820987e+00
1.941413545795323270e-01 -1.455855257680779835e-01
-9.783703470222930854e-01 9.793368210266487628e-01
-1.416441168358173242e+00 1.006382895264015254e+00
3.544308108175079353e-01 -9.854162250703957238e-03
4.329155611167129214e-02 -9.572151813075366888e-01
-2.444785191683521985e-01 -6.918028029669488488e-01
1.381310735651255228e-01 -8.966695001096552931e-02
-4.703125403496387635e-01 5.996579294589343689e-02
-7.114191643508951390e-01 -1.343222297706908819e+00
1.734132973613033701e-01 -1.252248973965296219e+00
-2.894629443117862633e-01 -6.343628561414373923e-01
-1.287816370863022142e+00 -7.834711024153674375e-01
1.321340904314913356e+00 -1.576604129158472034e+00
4.077965392153657387e-01 -1.044722932239847246e+00
4.687382486834085205e-01 1.162859848669907326e+00
1.579060441627884837e+00 1.545301555069670263e-01
1.193487020371791774e+00 -3.764518272658778919e-03
-1.095000916677222769e+00 -1.575517665540502876e-01
-1.017882451347474682e+00 8.585988964721258387e-02
1.050331759599025361e+00 -7.069753555632660724e-01
4.364692646661059161e-01 1.322162971433295642e+00
-1.367136341283137657e+00 -7.113634517024931547e-01
-6.896929631497153990e-01 -1.226187324140915802e+00
9.723170591777797744e-01 -9.998981916799343228e-01
-1.696614417351331727e-01 6.397145635219230186e-01
1.081293305557515794e+00 1.169891490974989345e+00
-1.009459368725790451e+00 6.116974304306994625e-01
1.470988121904531098e+00 7.468080772638014952e-01
-5.285995815145351218e-01 7.403709360390023919e-01
-9.770637808647583133e-01 3.348707579161693815e-01
-1.633049697531433697e+00 4.576091109254202260e-01
1.457419227776043380e+00 -3.671317766802006943e-01
1.197391959102780845e+00 -1.277158802175918595e+00
2.016973128366743306e-01 -8.327773823274363385e-02
-3.903152910811891196e-01 -1.453876047797908910e+00
4.827111884511904316e-01 -8.342182779933523529e-01
6.847004660743213345e-01 -1.284600453366465000e+00
1.572085497572365265e+00 6.683222698609186940e-01
-4.975068605014673628e-02 1.153166215543795836e+00
1.248005996116450911e+00 -1.091615243893670151e+00
7.444139654155449426e-01 1.078071794548261852e+00
1.296545453942454795e+00 -1.159616915181608032e+00
-5.250240649190971443e-01 -2.752266223555715485e-01
1.094919305873190973e+00 8.881401308198965117e-01
-4.413724155045620212e-01 -1.732550428560703626e+00
5.111508120336766270e-01 -4.538935792749822506e-01
-1.563720866321274272e-01 -3.150311533169284917e-01
1.608039821785030021e+00 6.523684681305963462e-01
9.220078373563950214e-01 5.095297144209381957e-01
-1.627290257520550565e+00 9.958519210542672306e-01
-1.082156480945430488e+00 -1.144666669317429886e+00
-1.416899455714693445e+00 -1.509350920273752283e+00
-1.360580644740136735e+00 -1.040511119961838649e+00
5.897991865820589874e-01 2.364839370383214900e-02
1.069247345681329175e+00 -7.933713194065393770e-01
6.229830123209568749e-01 -1.033684641157360806e+00
1.163994973920496445e+00 9.995423775315285253e-01
4.251583438309309848e-01 1.351497188341775679e+00
-3.551454814066785648e-01 -1.891806746373038806e+00
8.881153090069776601e-01 9.175325959026351397e-01
-1.454532387664889903e+00 1.260186484111732064e+00
-5.273487115588665342e-01 6.923270753208565775e-01
-1.245050082443619255e+00 1.331508061509202978e+00
1.577253134633298304e+00 3.750108307352402193e-01
9.371852644796488940e-01 -4.641067496424665650e-01
1.978736061297344528e-01 1.238828966663357622e+00
-1.334559389078057601e+00 1.000362504184328483e+00
1.155715077886686704e+00 -1.291202726230757936e+00
5.181634542100042040e-01 1.632089276684620671e+00
-1.230772134914406568e-01 -3.596531807803771130e-02
7.127619340459798725e-01 1.526516185624092969e+00
-4.598445848163900118e-01 5.348799354528911421e-01
7.065800026406157119e-01 -1.064576442852572580e+00
4.914041943459755979e-01 2.769082854740897992e-01
1.303888470807379185e-01 1.127946515305782604e+00
1.295310837387392278e-02 1.541450705710400548e+00
-1.724592932628880027e+00 3.379635396107053547e-01
-8.542027871312196652e-01 1.081068074489535680e-02
1.886560406446697036e-01 -1.309488721759057839e+00
4.568045464840339021e-01 1.124987340278006398e-01
-6.210654523767085156e-01 1.517336153623772610e+00
-4.432193107977968616e-01 3.738586400315817571e-01
-1.452879227927604378e+00 -1.569501608178465624e+00
1.416009132867515286e+00 1.254955609113673987e+00
-6.730511272447611826e-02 -1.585965682319535386e+00
-4.202498277778576874e-01 5.364947822824346346e-01
-1.201725458784648204e-01 1.432685745098029262e+00
-1.505256553075702941e+00 2.569077369519277010e-01
-7.461228468356304044e-02 1.174254113910600861e+00
-1.568626808964841191e+00 -2.659033073610705955e-01
3.541005658317298854e-01 1.292324650192239410e+00
-9.879126461854120800e-01 -8.994148489919404632e-01
-5.443756199082014913e-01 7.528854296711040561e-01
-3.416646231108073639e-01 2.003403718237593889e+00
-1.105893563201069130e+00 -1.285520192528631700e+00
1.416406962551963300e+00 1.210280204795540104e+00
-3.670819390767992019e-01 6.478626177446514811e-01
1.091564394615158751e+00 -8.250629194163687785e-01
2.454712201759423340e-01 -1.063828577590794522e+00
3.422698639994401493e-01 -2.530894062519463139e-01
6.062439933470048503e-01 -1.246407207615766399e+00
-2.243904342640787863e-01 2.202140729889567883e-02
-1.379874525302783983e+00 -4.742845720160710488e-01
-6.512112692722213381e-02 -2.169282729165716295e-01
4.804609787386502351e-01 5.019924954349289647e-01
-1.195230100644875559e+00 -9.258836592123008691e-01
-3.763569685900548523e-01 -3.269358365439865022e-01
1.638226542956983112e+00 -1.248360888919812339e+00
3.502121557058641699e-01 1.343993563784731671e-01
-1.381190870081054678e+00 -8.801981172554150801e-01
-1.690976401186914668e-01 -2.154525846887506979e-01
1.730713985079859851e+00 4.723238419752917583e-01
1.025221131673541120e+00 4.231350484249054578e-01
1.468869071229670809e+00 -8.168622232622470003e-01
9.489012600648426554e-01 3.361820113780018549e-01
-4.875973060027025685e-01 6.691200681376118231e-01
1.172762958057636640e+00 -7.441448498501145314e-01
9.871148271233932681e-01 -8.762437076162866711e-01
6.047321177733336883e-01 1.453533697058928542e+00
-1.425957420704571654e-01 -1.438947037270632556e+00
1.415033557797663377e+00 -1.355675364225247925e+00
-1.666759901544911937e-03 -5.092092192326714839e-01
1.319452651539239074e+00 8.136636762996113381e-02
-2.504957405906870771e-01 1.075939856951956930e+00
1.605157903474024650e+00 3.448839170486980299e-01
-1.680958407405736876e+00 5.713326666236436813e-01
5.585193857779214843e-01 -8.354527506303564832e-02
-1.275173959460058848e+00 -4.040358636790439273e-02
-1.310247344617108789e+00 7.048135182754746708e-01
6.576207743523362348e-01 3.403286207135388652e-01
-5.553682126079466652e-01 -1.788949180639804126e+00
-1.400408374897148978e+00 4.827877482758012873e-01
2.228253169782437315e-01 4.947583363218743813e-02
5.359685288223073885e-01 1.136103945812614757e+00
-3.592537907079622617e-01 2.294892962497737887e+00
1.949966063526257509e-01 -1.034904904447326857e+00
9.789844790856184753e-01 8.009103913604826985e-01
-1.432649181389813897e+00 4.853833965801875872e-01
-3.544155129887727740e-01 -2.570605979662102802e-01
9.962935421775928058e-01 1.252457283371928742e+00
-1.730168174234248402e-01 2.261062770866686944e-01
-5.298207368586859145e-01 8.304214490855904574e-01
1.141859111041872987e+00 -1.165340516495384227e-01
4.666754804537102119e-01 1.040200069535345495e+00
-3.513061972354751261e-01 -6.684005492205753463e-01
4.114658871444278887e-01 3.323455490237239296e+00
-7.020496113703261765e-01 -1.845150894637316519e+00
1.314606285652510087e-01 -1.628365482064487058e+00
-1.820863242010299921e+00 1.140884766375953596e+00
1.045029316501186578e+00 -1.243521142592453610e-01
1.125155946565365328e+00 -3.919616003645018387e-02
3.037259336586211500e+00 -5.140472885207344467e-01
8.813598524599640660e-01 8.853717190931981174e-01
-1.277111084722164724e+00 -9.396807831975854119e-01
9.653947241345993691e-01 -3.974171395558793174e-01
-7.130206432496243307e-01 -8.288459411351545292e-01
9.634564587744939290e-01 -3.158682027555426153e-02
-1.067101020341943318e+00 -1.535630523834276007e-01
1.372523809573965858e-01 8.240009898403982680e-02
-9.221211415253840471e-01 4.878195555034521291e-01
-2.616411837810414531e-02 -2.163895847951979867e-01
2.190051026613157314e-02 -1.378237349716640914e+00
-1.449184292332673429e+00 2.512980478468025414e-01
1.065868223553638527e+00 2.270018119609268914e-01
9.184109537957806380e-01 -8.781343020333433058e-01
3.445280298246348183e-01 5.762153853153345606e-01
-6.610735892803127900e-01 2.615019328937838727e-01
7.769649698608754873e-01 -1.430259627504272935e+00
-3.302781543985282564e-01 -1.274051560231005631e+00
1.817518149703581665e-01 -5.830111118666013725e-01
-7.140506001303692507e-01 -8.376630293940034999e-01
1.120624160104668920e+00 -1.024132572205198044e-01
-3.624598436471189178e-01 -2.021459856826772761e-01
-7.017641185223141842e-02 -3.728073332987794086e-01
6.299719787177122665e-01 -1.205266275020036471e+00
-2.348109054240207771e-01 -6.417330270408219128e-01
-6.775579177666866126e-01 1.710178789009409339e+00
-9.249346643668941992e-01 -1.495146670681392731e+00
5.197819023983037967e-01 1.016113804969993151e+00
6.101865795332876985e-01 9.205633923549504383e-01
5.297229755486196345e-02 6.570930443323300674e-01
-9.882065009977701875e-01 9.428486323100283562e-01
-4.824593424908023565e-01 1.581048504228629081e+00
1.400390845421931152e+00 1.820868187581527464e-01
2.043409868880566305e-02 1.089964089888875165e+00
-1.205605640802903666e-02 5.761774947579085815e-01
1.740273986031666276e+00 -1.152428200331984787e+00
1.216920244461091372e+00 1.412578715797826234e+00
-7.388524067814072893e-01 -2.672008977544361730e-01
-9.707956724132096316e-01 -1.546051419206516897e+00
-9.263684497949142838e-01 8.709781085634941133e-01
9.430691394111120340e-01 3.222500893937085831e-01
6.155809039849778896e-01 -1.620996599709624952e+00
-2.448634742157707600e-01 -1.287735850121656256e+00
3.517874373788414388e-01 -9.640052794126431346e-01
6.439424817134371537e-01 -1.043772557374734289e+00
-9.055729911410638211e-01 -6.740872521039803500e-01
1.128392646116274101e+00 -1.008272511302621188e+00
1.058712974377178595e+00 1.023373537701842029e+00
2.127827667133696254e-01 -4.468624464285754216e-01
7.972372567528476228e-01 1.439222960085866920e-01
9.565709157949643382e-01 5.878793787098195445e-01
3.032039444889801372e-01 -1.266563923858783358e+00
-1.228630396322863527e+00 -1.442957937297185911e+00
1.449334946754072151e+00 -1.559942998819467685e-01
7.524093042680083387e-01 -1.622500736204211869e+00
9.985315653330576469e-01 -1.066507181490713441e+00
1.799000123970788234e+00 -5.752309623133680105e-01
1.601457931336458973e+00 7.861394890398337720e-01
4.856838166039204596e-01 -2.852389572290786601e-01
1.533235481163530922e+00 -3.584449882633123918e-01
-2.709791881460748564e-01 2.568434393711216401e-01
-2.829035131299489358e-01 7.944077764416545007e-01
1.477001557695631684e+00 4.522624648513000611e-01
7.871572110466071859e-01 1.243568670908470342e+00
1.186118312920332041e-01 1.487350909966012491e+00
1.394882570962814594e-01 1.984913978528926592e-01
9.532165053066020688e-01 -6.177527677936540673e-01
-4.586376508747620484e-01 1.369440015722322102e+00
1.081895080530653974e+00 3.445277228486332000e-01
-1.985701978464757267e-02 -1.447444878172274407e+00
-2.177953367813634244e-01 1.381491735793197950e+00
6.827242636924722996e-01 1.496914656564793500e+00
-1.524763610774468203e+00 1.044534968792536933e+00
-7.261112305126722344e-01 1.467316950710440437e+00
7.576014347796252713e-01 -3.013399352829569944e-01
2.109149731379146964e+00 -1.507959575815439823e+00
1.132479495598663455e+00 -5.667353415128572047e-01
-9.014093710339984300e-01 1.581518686190008793e+00
-4.771995228593126637e-01 9.969580359265336478e-01
-4.745790599260819587e-01 2.153345543564685549e+00
1.123411974746200803e+00 -7.181615218684156421e-01
-8.355550628433472404e-01 -5.114028003548676260e-01
2.595517349953864183e-01 -3.452937802027995495e-01
8.522606474959512068e-01 -1.500565270859794520e+00
-4.057666376452622181e-01 -4.954131950659083627e-01
-1.652872339402267965e+00 1.346213625507860279e+00
9.527470980915729859e-01 -1.321455476285426922e+00
9.693588183085252163e-01 1.286893557917530018e+00
-1.115637326101283966e+00 -6.233062903737789373e-01
4.260710892556839324e-01 -9.159951198260540828e-01
-8.408933895750505538e-01 -1.241238485741754438e+00
1.436956064526968280e-01 1.396079662357705864e+00
1.648288762289081388e+00 -8.246910081244732682e-01
4.605439641615327595e-01 -3.559404568950411130e-02
-8.609823995341602254e-01 1.341725826088297158e+00
1.431229252208097602e+00 -1.109674444655269487e-01
3.693975136583388386e-01 6.030017339622150141e-01
-3.916141456328235959e-01 1.575245396621546501e+00
-1.335548236269537670e+00 1.677038109447787639e-01
-1.261203475143665820e+00 2.802911000969031119e-01
-8.240503972321455706e-01 1.325999593489901152e+00
1.301884754727467675e+00 3.655347819094897366e-01
3.551998366989177480e-01 7.105141502504440654e-01
-4.015278556273109700e-01 1.163336502908354220e+00
4.750440758477011416e-01 6.019820490598288831e-01
2.485717342126811114e-01 4.310120120124821819e-01
-1.484221009667263946e-01 -8.821376906749048841e-01
-7.997977421847215496e-01 -1.577300308590702027e+00
8.920263086557281840e-01 6.671938624466655643e-01
-1.420709631632209202e+00 1.093721392581374019e+00
1.675704510308385908e-01 -4.556029289298036411e-01
1.390764964975582940e-01 -1.803519938817694790e+00
-4.287156629661341700e-01 9.713425850279736595e-01
8.441003412933872907e-01 3.824390274901650066e-01
-1.087801951800051459e+00 1.334032229565662586e+00
-1.452960639799257547e-01 -1.053215928580053085e+00
-6.039072805354618323e-01 1.518516774694999238e+00
2.591623594749576931e-01 -1.476656069099599122e+00
-1.155692123911396113e-01 -5.839244513863104391e-01
6.466246205433876515e-01 -1.061892856905351845e+00
-7.418900201577626197e-01 -1.313465278376806378e+00
7.863214307184333007e-01 -2.756311418386170886e-01
-1.862651891339567767e+00 -1.276053882689733854e-01
7.272995472761654145e-01 4.732365977587044137e-01
6.915912209045499415e-03 2.579569724402522302e-01
1.800890111313437014e+00 -1.145166519754091450e+00
3.383252773348913167e-02 -1.961484440217351743e-01
1.066407362285613780e-01 5.316467930781367812e-01
-6.202645010072579401e-01 -2.342090285952888262e+00
-7.842966140285606569e-01 2.548505442588308578e-01
-9.327835410421919660e-01 1.118110384482463360e+00
-1.684132247558518092e+00 9.040781880530167625e-01
5.269426814302465845e-01 1.111488427304547777e+00
-1.899667235939939136e-02 -6.320123991485001591e-01
4.574536582708280674e-01 -5.236819897192732665e-01
-3.429853374251303766e-01 7.358790178951063465e-01
-3.852327051956339066e-01 1.280855782370726725e+00
-1.296975343199306963e-01 6.167293544672387551e-01
-1.459084534118481491e+00 -9.666580260386267165e-01
6.412332871449938354e-01 1.510468283168024950e+00
-7.419620105839349611e-01 -8.444972024843783176e-01
-3.324405925510252047e-01 1.768908444796587265e+00
1.671507685840380564e+00 -1.594484684293374421e+00
8.370244724838394879e-01 -1.008102483343623845e+00
-1.039076595568973138e+00 3.320108664043036617e-01
-1.839077467256136356e-01 1.420622119450218435e+00
4.164640836826251080e-01 -8.291671853447309948e-01
-4.910951074185804233e-01 -1.223574183705747220e+00
-7.226320777219381597e-01 -3.468420039005233324e-01
-1.819532988971611642e+00 9.432462990639708389e-01
5.057770164171108140e-01 -1.145072327234036624e+00
7.608473526652216323e-01 5.065297592525735970e-01
6.899753572132213408e-01 -1.485101237288408260e+00
-5.147253026784636143e-01 1.211695916328097589e+00
7.191325265422896518e-01 1.802068685246356772e+00
1.237888414100904777e+00 2.706614112795414639e-01
-1.132862958131747755e+00 -2.218126888443308631e-02
-4.472113975010377773e-03 1.333640716999048514e+00
-9.102675233098660446e-01 1.599413381591034078e+00
-1.661645772113768738e+00 1.116780633512519660e+00
4.757087867516791579e-01 -1.009118073624998502e+00
8.694382771645571273e-01 -8.774872354961720244e-01
1.615734946018972107e-01 -1.174185035235580266e+00
-1.781529076924937005e-02 3.875439261603879082e+00
-1.692018073896790264e+00 9.651062056609470696e-01
-1.621762710117051531e+00 4.492527737511183838e-01
6.859340182112257933e-01 -1.512900539192183924e+00
-5.215367648207291928e-03 1.422986213261619781e+00
3.566448086843705401e-01 -1.462665101272892176e+00
2.881824123663842552e-02 9.477196852275010519e-01
-6.472392768592186152e-02 -7.723594059538099188e-01
1.995506940213209457e-01 -1.606253276629099336e+00
-7.459930450783518463e-01 1.185589775402704049e+00
-6.281955173199393894e-01 1.253844148343350895e+00
-1.107322730164444158e+00 9.478236565945675762e-01
1.614526027253521567e+00 -5.487983745303939842e-02
-1.308779818356099911e+00 -3.891623301452321604e-01
8.411333109390163321e-01 1.493409095275967324e+00
4.330051999638090399e-01 9.013236959840514873e-01
1.485476956814106853e+00 -8.576102959771859657e-01
1.088672143004548287e+00 -5.128610522348935330e-01
5.465025812788456561e-01 -1.389741833635748103e-01
-8.345089316341988139e-01 2.330837787412554096e-03
-6.258810005496268092e-01 -1.039865535387214379e+00
1.064279182815113689e+00 1.076485977712120068e+00
-8.095030941012540948e-01 -1.523609729039571814e+00
-1.158979392298953304e+00 7.985709641214363552e-01
-1.728307786874304197e+00 -2.204674745789303447e-02
5.396346997767672571e-01 -5.323584513485641878e-01
2.891763645173094366e-01 -3.343836481708432617e-01
-1.451161230174921046e+00 1.326631797600513085e+00
1.289128757964943084e+00 -1.493812255212263018e+00
-3.617356122964998644e-01 -6.956190117810135964e-01
-7.198459083547883441e-01 3.360096484189789567e-01
-1.360414350808092587e+00 -1.602832526823522841e+00
8.099331481836075097e-01 -4.673412781808852223e-01
-1.118248089673399059e+00 -1.415136913133362651e+00
-1.467073218270299684e+00 1.195034526714877199e+00
1.748874993033153968e+00 8.575024505015776954e-01
1.504495010771360830e+00 -8.670467775919062925e-01
1.570692131371524691e-01 5.060784807243354777e-01
8.091632807952128248e-01 -4.466802436351303141e-01
5.281877322671584274e-01 -9.882698464440882180e-01
1.043987494035068853e+00 6.282262888731684480e-01
9.494229482460073699e-01 7.617122118674271025e-01
-6.755653238787693304e-01 -1.326499222889144569e+00
5.101398797217012726e-01 1.495974723901090986e+00
3.152903623835230373e-01 1.262848184262690410e+00
-1.207781128517745328e+00 6.951017874107651151e-02
8.278714253357996045e-01 -7.929817531689596632e-02
7.005183108792492619e-02 4.708269273146796774e-01
-4.393229174327198394e-01 6.793272595602262154e-01
-1.460805862789772203e+00 1.352085757328918558e-01
3.047284784049963946e-01 -8.536961115134388267e-01
3.008027477162800167e-01 -1.064112582793999451e+00
8.920384260509642838e-01 -6.340641633118013765e-01
-1.229613964714417751e+00 7.704572926183090864e-01
1.469165754410014069e+00 1.138627527960281771e+00
-1.670683921168355512e+00 5.267342698237025278e-01
-6.373285361459081200e-01 -1.435737129150029823e+00
8.470337464092916879e-02 -5.416652416588527696e-01
3.800687679104559624e-01 7.878342040654584544e-01
-1.517894098593042251e+00 6.667759440044480623e-01
-1.382298606311957556e+00 -1.726278781980847277e-01
1.540977039461331799e+00 1.861245203458330999e-01
-2.616411962183540219e-02 2.256460259183817874e-01
-1.359250483616408101e+00 -1.341245301685721092e+00
2.667586706747446801e+00 -5.623385208284781278e-01
-5.851236397395062072e-01 3.244195892297232486e-01
-1.194881844884289945e+00 -1.242958273711706418e+00
1.783627297568077141e+00 -7.265636153055010649e-01
3.195861604254141008e-01 1.342702556741464992e+00
6.808749013587922505e-01 -1.407600258500254053e+00
1.611599075472625930e+00 -3.066212336283110629e-01
7.550583565769233285e-01 -3.612012037942938791e-01
-1.147149687991550204e-01 -7.383291626321341061e-01
1.136932578165688046e+00 1.560320378591316448e+00
-8.907589673347414694e-01 -1.491171675738337310e+00
-1.205528417147250453e+00 -1.616762360010409516e+00
-6.395704898875195776e-02 -1.214994856995587735e+00
9.425747917820049837e-01 1.210001603597201214e+00
8.452965889557632062e-01 3.342808606069734845e-01
-1.820642015601192654e+00 1.016268370058421411e+00
-9.489987021225052555e-01 6.291791322112592066e-01
-1.141091756461428908e+00 -1.290037375246626539e+00
1.601959813406591104e+00 -3.340443677383523324e-01
-5.973601473068327339e-01 1.355650516305941800e+00
-8.672642101969014750e-01 3.411212251092515801e-01
-2.169890591414682657e+00 -1.938567473721477974e+00
-1.277349838158405859e+00 -4.295620116647275721e-01
6.473871000717802415e-01 2.505847857700962966e-01
1.715955792288954840e-01 -4.061318739498702701e-01
1.173272529792268815e+00 4.620916465779428828e-01
7.060805559798022379e-01 9.888112886943237756e-01
9.258154577866919976e-02 3.644726921426318933e-01
1.163172173019715760e+00 1.429711689673839992e+00
2.042328448787296413e-01 -1.305853590082433513e+00
1.733710772202933015e+00 -6.895998837024621686e-01
-4.506402401273390534e-02 -1.258769268251851425e+00
-2.037256795816907162e-01 7.901518359047264850e-01
-6.020413887849601631e-03 -1.369985254345028824e+00
-1.221227707705074383e+00 1.070899246244820802e+00
-1.343114621286706223e+00 -2.166281625858712534e-02
9.272932034922461986e-01 -1.192955876892940026e+00
4.189560028108998968e-02 1.322361866654837126e+00
2.616663909677651167e-01 -2.962608529133390345e-01
2.351768758002320825e-01 -1.624754941345249448e-02
7.436671439678912421e-01 1.248906364580825379e+00
6.798580246052445819e-01 1.798641365665445413e+00
-8.527846192451450369e-01 -1.448640861526855783e+00
-4.612647041162561967e-01 -1.094503444197098663e+00
5.769149951875487958e-02 -3.398890878977307572e-01
4.833833753902219144e-01 -4.397079319489203275e-01
-3.505809310588153260e-01 -9.110748760058381968e-02
-2.942931656233825355e-01 4.783609807975820472e-01
-7.282068352785175946e-01 4.600524703673180005e-01
6.347578810504631019e-02 -1.350913494513858115e+00
-1.270392842512457543e+00 -1.045036166238567876e+00
2.501637244297788554e-01 7.905251124049684774e-01
6.862796352366024033e-01 7.953348645403498507e-01
3.248031944309454078e-01 -1.334679238937634072e+00
-8.208926130623639406e-01 -1.242717933169521949e+00
-9.520682693992655876e-01 -1.053051165461960981e+00
5.795118858097433323e-01 -1.122391105449133120e+00
-6.206497740652905382e-01 7.668534224823646550e-01
3.358271228368884254e-01 3.134338664006366959e-02
-1.249111134745592100e+00 -1.756909999192763028e+00
1.625241544637964219e+00 -1.593362460485242771e+00
1.034174858385422446e+00 3.968051135555674680e-01
6.098158980765989723e-01 -1.000335349368774773e+00
-1.761295013856046809e+00 9.791906030182032650e-01
1.599244672300270398e-01 -4.931052707574258287e-01
1.606928190571578208e+00 1.420420262438407133e-01
-4.011068788910471250e-01 4.999668633541596297e-01
-1.037642187594758791e+00 -1.034319634319523118e+00
1.507614886498439111e+00 -7.563960936549259106e-02
1.354109097798561923e+00 1.495475843251068415e-01
7.624121973656315943e-01 1.450403399894629075e+00
5.574160486226037436e-01 1.087263766524502739e-01
-1.308590644002711079e+00 9.209007503930138894e-01
-1.425661476953903994e+00 8.711766728763624679e-01
1.630486990343886333e+00 -1.426539751194242367e+00
-1.468316976255651607e+00 -1.321822914036300922e+00
7.179952841956118714e-01 -6.051265531732616387e-02
-1.173896124131041274e+00 -1.065494989513293828e-01
-1.244869035736041463e+00 -8.552830300143494657e-01
5.594564241186094078e-01 -2.065687685905041704e+00
-2.325240353834195917e-01 1.325559756017402613e+00
-6.830796081921592933e-01 -1.503568552079191711e+00
-7.547190687351795768e-01 1.189536232819858430e+00
1.328490167276252520e-01 -5.204631566929228681e-01
2.216674948246567245e-01 4.469488317828045343e-01
1.882846851141561084e-01 9.611242170383450523e-01
1.670818797472095607e+00 -2.580110253617587945e-01
1.035856901567359545e+00 2.263776339076286059e-01
-9.778183992133043789e-01 2.358150729400683709e-01
7.243654039622784424e-01 -8.477644823739783897e-01
8.283608959980616193e-01 -1.127830421045465714e+00
-8.232059079456252038e-01 -1.715858594399122694e+00
1.205840428689950672e+00 5.191249391528654500e-02
1.551062606673742961e+00 -1.449400536044372245e+00
7.008689512010357614e-01 9.408013573736494495e-01
1.223490417112642337e-01 1.004311449945121115e+00
-2.406218482936753333e-01 -1.035738784090977749e+00
1.116970113398001452e+00 -1.183855348911604599e+00
1.414893925767778393e+00 -2.937326283351135436e-02
-3.970671882872907066e-01 7.260961890397292784e-01
-4.274473834421986806e-01 6.351618392146743952e-01
-1.497361874571033313e+00 3.139874162073753361e+00
8.439513508749144077e-02 3.999611709106107860e-01
1.145864430394252453e+00 6.454624001217339480e-01
-3.376206835731594413e-01 6.581750807663139247e-01
-1.891442827463372944e-01 -2.145618968996318543e+00
2.385995014946396264e-01 -3.920468029380238528e-01
4.434725317685533907e-02 5.476370289686317561e-01
-5.802247076870342690e-01 2.308813847223636917e-01
-5.072973636082086513e-01 3.810849304697295770e-01
-8.547381123097749223e-01 9.825684306701926163e-02
6.067417412582927216e-01 7.070637099741772236e-01
-7.379852516931538764e-01 -4.030809403318175721e-01
-5.635603645752101931e-01 -7.314832799023518461e-02
1.600731428807695034e+00 -9.655251866901408686e-01
9.190533256928704597e-01 -1.243434229464640772e+00
9.118182854374173862e-01 1.430971411359555745e+00
2.596391216488763698e-01 -8.562038049270576101e-01
2.624128303724571065e-01 1.824290725743487940e+00
1.167794586247081767e+00 1.345417491222903328e-01
5.762241908956359238e-01 -1.156275959899807804e+00
6.481744313806278579e-02 -1.492072569399503390e+00
-1.329271238826557067e-01 1.315227176182782731e+00
-4.198415357553989535e-01 -1.132992299345910170e-01
1.417215254801291735e+00 1.390666565475856542e-02
-7.024065849396462502e-01 -1.288356951280511531e+00
-1.360981089938053890e+00 8.810593280021049578e-01
3.011277707443019702e-01 -4.602749754553674966e-01
6.072665002355239761e-01 -9.181354647584105688e-02
-7.822901180349198791e-01 -1.634833379848857682e+00
-1.909968434764828249e-01 1.065581519449008141e+00
6.547638711511015730e-01 4.318407734718499036e-01
5.631398356512334891e-01 -6.300344409369480481e-01
-6.442907003729125837e-01 8.124007517113979171e-03
-1.576158776689726038e+00 -1.074424401664694440e+00
1.061980076865645328e+00 1.051798277184541330e+00
-8.025675318111769041e-01 -8.985319454704505659e-01
5.253243666322637839e-01 -1.511550925910473353e+00
1.176747494139761541e+00 1.320645341960966945e+00
1.221370928487440333e+00 -1.167489950112832409e+00
-4.205264815129324818e-01 -1.418488389600506938e+00
1.583903162423636379e+00 1.076210179034894354e-01
1.140810354501707868e+00 -9.754940062648721488e-01
-2.641379708859471487e-01 1.423410719287753867e+00
-7.389711641382255003e-01 -6.798578895566891322e-01
4.218076551944793806e-01 -1.118914994728509527e+00
-2.189556694497251654e-01 -1.888903076926886082e-01
1.250432878511904544e+00 -1.565239207867575200e+00
1.693566599161184572e+00 1.113996523993822763e+00
1.269371656965018857e+00 1.189762271449127162e+00
-9.129299336811881327e-01 -3.854404350061384488e-01
-6.306132770271312138e-01 -1.133304645516389542e+00
-8.435617570075264471e-01 -2.226818394106422350e-02
1.174690143505591866e+00 -9.179691079544806120e-01
-1.189181333130921336e+00 1.266835574291332644e+00
1.611247829081813299e-03 1.347797573203562305e+00
1.741092259023455879e+00 6.985636861110899876e-02
-1.010807522435080763e+00 1.296567646164731080e+00
-1.475231231958960221e+00 -1.153475349976804232e+00
7.672994260064122107e-01 -2.514986132873304303e+00
-2.140573869267439755e-02 7.566343470158621853e-01
-1.226629545269291022e+00 9.895190063046118700e-01
-3.548397912333384197e-01 1.032999212619104545e-01
7.691912166947554308e-01 4.796218676408064985e-01
-6.429815371086047837e-02 -1.218486707109821765e+00
-4.587743387668486994e-01 1.457651930213994529e+00
-3.790135013196568314e-01 1.769002137361209481e+00
1.654615354199047594e+00 -1.505284641451207772e+00
-1.633005823331868944e-01 -9.139690828223174801e-01
2.593083847485138094e-01 -1.835662320879591913e+00
-4.616015108087284657e-01 -9.889927687437256587e-01
-8.379155121494775704e-01 -8.237175007524766279e-01
-7.937606284361073961e-01 -7.988462913594139847e-01
-1.647961433214473637e+00 1.275781668705529448e+00
-6.022811787092802183e-01 -1.345030022202054365e+00
-3.872724150278412658e-01 -1.325998852467399125e+00
-1.496900282755613931e+00 -1.834184735763121576e+00
-5.454815350503592342e-01 -1.364727983385384924e+00
3.354702695416662550e-01 1.438217816106561298e+00
8.934331443001472528e-02 -4.330962652079171638e-01
1.657818184264955308e+00 6.359667603037786332e-01
-6.254440078094180011e-01 1.173229522951878767e+00
1.594551529308839921e+00 1.323863599892545651e+00
-1.311048612322543550e+00 2.608276049832150556e-01
-1.657732958850941074e+00 -4.036462171802689403e-01
-9.678591049352117670e-01 1.172494224983265276e+00
8.082196127895652227e-01 -8.514121675319913374e-01
-9.192280665978014298e-01 6.067581428134309895e-01
1.343153609537721005e+00 -1.179119726076244545e-01
-7.599444272859940952e-01 -1.172189292180195519e+00
-5.746899748914033879e-01 -5.029504028470688226e-01
1.102363484463136256e+00 -5.705043172963522591e-02
-1.484650144049180609e+00 1.105435774716475361e+00
-6.034890787302561455e-01 -1.246559294668977191e+00
9.500152766473987653e-02 -1.432078267993807774e+00
-3.989822707242113298e-01 -6.092111762188252566e-01
1.021313982229002271e+00 -1.163740747005246989e+00
-5.424133778840677378e-01 8.315410648048288111e-02
-7.976774302057794142e-01 -1.136865300920531840e+00
-6.750345124184224943e-01 6.826228933632170204e-01
-1.183665982628745894e+00 -3.024923662439085170e-01
1.350838868332330911e+00 -1.210563459755664262e+00
1.602205693335998493e+00 1.092059166369369727e+00
1.700282722717439299e+00 2.162425198688224248e-01
6.897860272064663123e-01 -2.416506637245408318e-01
1.037175258677085488e+00 1.030173403986811564e+00
-6.659824572323771452e-01 7.546143426395519604e-01
-1.219960473517381683e+00 1.374186781644280320e+00
1.590152944333203200e+00 6.775036147325511626e-01
-5.568358082750569649e-01 1.326782725451372436e+00
-4.101907428603194794e-01 -7.543934939016647689e-01
-1.410255921278188218e+00 3.469859115768658686e-02
-1.076781914384732086e-01 1.100186960353028542e+00
-3.536312193035143769e-01 9.652066828256636866e-01
-6.781750914026227761e-01 -4.064003428666160822e-01
1.043443430553930851e-02 1.063494672468534130e+00
-8.589536075383060743e-01 1.519306329136004496e+00
-7.804890095360361713e-01 1.927333273521116275e-01
9.168962508500223541e-01 -1.760221353927144072e+00
-1.026216555698450605e+00 1.034553173299448847e+00
-3.374109149796947205e-01 -1.179302051759830938e+00
1.695347266668906006e+00 1.119828992698192138e+00
1.485223297792774844e+00 -8.424732006357990022e-01
-6.996154531779920083e-01 -9.633773363154685132e-01
-1.385088494096590184e+00 -1.665855817327648758e+00
-2.052011823373391108e-01 -6.165878614750961439e-01
-1.350073950150020741e+00 1.056712029448698242e+00
-3.168798638231748455e-02 1.444809358228877905e+00
-1.333010371849222775e+00 5.243681981032937145e-01
1.954308307550832458e-01 -1.775132771353721051e+00
-5.502075176437604132e-02 -4.635804188021088179e-01
-6.241595307074376819e-02 3.951669469265284285e-01
1.135148908945363022e+00 -3.247803722989789366e-01
-3.542987843640948986e-01 2.127064099931697871e+00
1.191570828717696706e+00 -1.462485869509678960e+00
-1.229893615731175949e+00 4.199352805441659564e-01
2.039848159480420475e-01 -2.618437193906809624e-01
-4.443218251991685186e-01 1.791495902258794626e+00
