1.511797032348692060e-01 -1.098893577241740749e+00
1.608130554103679000e+00 1.219669397422697754e+00
-8.417101051758310026e-01 1.601408386610060131e+00
-4.594602341310474181e-01 1.100241578911150153e+00
9.407181396757566261e-02 1.347163660811866004e+00
1.021681539607510292e+00 5.989833511927746823e-01
1.419962882776679258e+00 -1.607420414859499491e+00
-4.233068307840183730e-01 1.544012678543351225e+00
5.179059843477330505e-01 -3.640986931608665156e-01
1.814708237916701439e+00 6.289797576370450560e-01
1.128787418828653966e+00 -3.451903784587955215e-01
1.562773714259013236e+00 -6.755519841227231037e-02
-3.939824179006914950e-01 -4.185160525325392067e-01
-4.817772253923583436e-01 -6.226474219058293347e-01
-5.895780948590451098e-01 -7.641345344051241328e-01
-5.939216366822446247e-01 -6.633925693556846914e-01
-1.023766161547624787e+00 -1.780253033482158687e+00
5.325109506054227504e-01 -9.831594894996114053e-01
1.059010941728628641e+00 9.306658783493758635e-01
1.154570482359382477e-01 -9.089052071662035992e-01
-7.250635537139076270e-01 7.318235310601205468e-01
2.441438884553599031e+00 -2.185574170393416615e+00
1.255684400184387428e+00 8.877993306970933807e-01
-3.534358180025434226e-01 -7.449757734448722024e-01
-1.057945264398447272e+00 9.175053850344151718e-02
-6.012292393064428975e-01 -7.442371997737385891e-01
9.114655498185163518e-01 -1.090716443717361539e+00
-6.612229727865915896e-01 7.360972234324938412e-01
-8.946888469653371811e-02 2.336379573819256650e-01
8.089978244832104481e-01 -1.126856402378092759e-01
1.004997474031858129e+00 1.901309509549479471e-01
-1.530127996088908870e-01 -1.531073596857662755e+00
-8.912642444113320073e-01 -6.052740456027457805e-01
1.255165991167847661e+00 -5.175473989953568998e-02
-5.931744482951077924e-01 5.287434187219197668e-01
6.724078407342660713e-01 -1.559188739441340177e+00
1.569942241925129434e+00 -7.651000426281560074e-01
1.568643844028516199e+00 -1.112472592298193508e+00
-5.394655546944108343e-02 -1.328425534430390798e+00
1.199783628663942281e+00 9.092295100144420772e-01
1.018997829973186775e+00 -4.177525561452428704e-01
-1.776691555070679218e+00 1.018593837253768841e+00
1.527272029021523370e+00 -8.178747287135025301e-01
-1.532048932714830780e+00 1.186590613388134541e+00
-9.184370851789956935e-01 -1.375964084847271396e+00
-2.619330062053917274e-01 6.985727020013635657e-01
1.130254278890914232e+00 -2.520812765200024508e-01
-2.117918613642262304e-01 1.032836170032720990e-01
-1.497892264897587644e+00 -1.213628772918391718e-01
-1.324709182242430838e+00 -1.220143809025264758e+00
1.476298164416684600e+00 1.175223521629453760e+00
-6.533077444239454579e-01 1.673481910142498919e+00
6.125369199852473412e-02 9.258292419014154673e-01
-1.013649888038575364e+00 -1.740387455944188533e+00
-1.560051313067793544e+00 3.984709602267182404e-01
-6.131342531537461310e-02 9.206511993270216632e-03
-1.126777768985907979e+00 -1.135489263173312002e+00
-5.461464807867391080e-01 1.587091458604211081e+00
1.351927710164277097e-01 -1.339051003120032446e+00
-5.515260151984772152e-01 -4.850571657999164232e-01
-6.410027026952745954e-01 -1.270724473341911409e+00
4.872482676701686000e-01 7.564401228009421940e-01
-4.664541431824626994e-01 1.433766865009737268e+00
1.641631162560625690e+00 -4.414392547146008816e-01
6.981439474836976800e-01 -1.002627158547386932e+00
8.151652627359865511e-01 7.993057615601706356e-01
-1.169218556504773687e+00 1.057191127859148372e+00
-6.959012413531131536e-01 -1.808191641105665048e-01
-9.903603177998053786e-01 1.457757992856464124e+00
-4.674021400513528324e-01 4.508048059790839002e-01
-9.381786098301173604e-01 -6.162580304640399298e-01
-1.433683205774108682e+00 1.283504016547120985e+00
-2.870052254957654592e-01 -8.059950816931933382e-01
1.500999081817951719e+00 -3.002873386157918212e-01
-1.179972198517016846e+00 -9.279363005770147055e-01
-7.123168140039922713e-01 -1.259322924644696196e+00
8.227471962379617754e-02 -6.617509604802317424e-01
-1.845663140185642148e-01 1.187182424334978670e+00
3.342297789224255022e-02 -9.120431531935020431e-01
-1.347222956130353477e+00 -1.233945537869351572e+00
5.237053947884888760e-01 1.002297122288883457e+00
-9.795525295623943585e-01 -6.833699454965636022e-01
1.355272937788150056e+00 -3.361452926428099008e-01
1.037151424678738554e+00 4.577406589400346837e-01
6.636010486435629518e-01 -1.329087756789608443e+00
-5.731625534227366980e-01 -1.384124712993009876e+00
-1.573889872577028726e+00 -1.087116017420488578e+00
5.092590709474595911e-01 -1.036325187880129395e+00
9.630680932758542423e-02 1.303287909167455849e+00
-9.414828337400544811e-01 1.367326850649536851e+00
8.746801679768695381e-01 1.258574572751297582e+00
1.463280100131105765e+00 -2.894355898148637252e-01
1.187562534908753076e+00 -1.319422570747891044e+00
3.671676035650709990e-01 -1.139518422631958794e+00
1.025887102614761126e+00 -2.476648281929409168e-01
-2.417712818862037261e-01 -1.314660083267749302e+00
-9.889774823034338525e-01 -1.212738297341906746e+00
-4.309800731665143214e-01 5.230235442056369033e-01
3.795893239378429485e-01 2.331728907029554376e-01
-1.311511692635178861e+00 -1.183462297573969702e+00
-1.592082717616701615e+00 4.889959209971070364e-02
-1.421993089384273379e+00 -1.163126128846926066e-01
-1.529598799501191930e+00 9.074574093563233523e-01
1.617103508716236870e+00 -1.303769381577659203e+00
-9.551137036009255121e-02 1.929193609103613816e-01
2.043528578254506733e+00 1.254870525268825032e+00
-1.300998137831759216e+00 6.939959431782835031e-01
-1.276282142252019192e+00 1.200589244343318179e-01
-6.437946311778631747e-01 8.907937105731825733e-01
-1.632456174888474443e-01 7.754016788781089575e-01
-3.898999798909203451e-01 -1.038578237650570779e+00
-8.020535872954105416e-01 6.721702428206284274e-01
-4.683975882471985153e-01 1.167073241381210602e+00
5.043457984881836165e-01 -7.304113537160158431e-01
-6.289454107794467674e-01 1.710766899651877226e+00
9.609281517428963637e-01 -9.061730554702884799e-01
-8.994885845993638718e-02 1.426683836932052529e-01
2.592687114651623936e-01 1.467588713354567309e-02
-1.615056111732722233e+00 9.852958512068721308e-02
1.037570915974829422e+00 1.590650426547845830e+00
2.468761269478230158e-01 4.988095228632216660e-01
-1.940550505253931246e-01 1.400206797211397847e+00
2.397164415985061359e-01 -1.039374842318613990e+00
-9.352873157559467021e-01 -1.052342197326970652e+00
2.199710490796514262e-01 1.102791198751263968e+00
-5.526967479622266755e-01 -1.016449793391069445e+00
1.262876467274227366e-01 -1.098908298675940420e+00
9.444034485946634083e-01 7.384247617426507038e-01
-3.650634684520759343e-03 -1.219037545072297002e+00
1.792559321137256467e-01 -1.647849298762080528e+00
7.594056596221337996e-01 1.385148211032809051e+00
-4.690422707409983016e-02 -3.023989016661514651e-01
-1.359400608216501383e-01 -6.092532324384603015e-02
-8.098963794754547862e-01 1.627168884117390579e+00
-4.128412115883159372e-01 -8.281908180407829834e-01
9.631479743066965193e-01 -1.229306271801239303e+00
1.094457477678543622e+00 5.959507774381714862e-01
-3.322103370495601560e-01 -1.223877298371054689e-01
-3.322620132107445556e-01 9.851161763209104194e-02
1.681045996185229541e+00 1.251188943708435808e+00
-1.726018382274475904e+00 4.287958984977419119e-01
-5.436424513852118334e-01 9.092048009661383157e-01
-3.416291286221875279e-01 -1.809945370991818125e-01
-1.030816508991459601e+00 4.976178383016779394e-01
-2.490506583977881050e+00 -5.728129754474355906e-01
-3.854630567971542021e-01 1.437999008368434861e+00
-2.182385176696986506e-01 2.094916979999418283e-01
-1.242672332037821015e+00 -3.605820834655694140e-01
-3.751680549823100952e-01 -1.269126518949592830e+00
1.151528416320141357e+00 -1.622941717364742686e+00
-1.118084074564732244e+00 -1.175977515250093086e+00
-1.005275807623930096e+00 6.594194770489489876e-01
1.213713181264461038e+00 1.133433485552542086e+00
-9.182776418614826408e-01 -6.886177616497796139e-01
1.243201601403869372e+00 1.420888572813042039e+00
4.680841447016711454e-01 -1.282267070806025755e+00
3.258186107506190754e-01 1.122394817854417193e+00
1.276899282579746053e+00 -6.497199232800062729e-01
1.288896672704217927e+00 1.243243828329281930e+00
-1.444942416849580580e-01 5.335692718428963754e-02
-8.636572357252723930e-02 -9.065045024806666074e-01
-1.239994964582452397e+00 1.421047953357375881e+00
-1.227073995737772094e+00 -1.313984709201768020e+00
-1.179420254509665478e-01 8.136066369899369599e-01
-1.677266322453031311e+00 1.266796805952334903e+00
-1.123007063408596018e+00 -1.309855098124405037e+00
-1.564088145127044083e+00 4.718644434956000833e-01
1.394440240738854531e+00 -3.889389817948374350e-01
2.878855940438644900e-01 -1.328293944157064477e+00
7.659299439999296411e-01 -5.601583129612238698e-01
-1.505527671644384835e+00 1.174560931988555712e+00
-6.197023050015280088e-01 -8.563733257407969424e-01
-1.573134665473498117e+00 -2.032149677685409994e+00
-7.153852741787525282e-01 -8.402129301550170792e-02
7.338477518663154564e-01 -2.968548285729555314e-01
8.373904160731727719e-01 -2.658061683918474527e-01
7.913985721163870890e-01 -1.421245487451994194e+00
-1.184752038605029867e+00 6.426701432662070834e-01
-3.122715383152286917e-01 1.573324186070278241e+00
-9.678663212355279599e-01 2.510088115957703758e-01
4.380994402508375796e-01 1.000396096689724290e+00
9.537736194091034347e-01 -2.005370056496190989e-01
1.134608789261823514e+00 -2.750155252145548568e-01
2.042597853788912787e-01 -9.217075529668765643e-01
-1.346194237381104664e+00 8.526230949539310711e-01
1.665723378768120266e+00 -1.240015608641692912e+00
1.625673081649575913e+00 6.880441579128980800e-01
1.708954416858765146e+00 1.453660068801809091e+00
5.689685173921266159e-02 1.401516284955999003e+00
-1.538741829244312243e+00 2.479354793977818217e-01
4.642202293471678898e-01 -7.757128302517285467e-01
-3.713885269108783138e-01 -4.988717510460866089e-01
8.389633066418661356e-01 -1.115970928344398372e+00
-2.164947404162892997e-01 6.265037942669618998e-01
-1.921705270001298871e+00 -7.358270046550546839e-01
-1.066067493313090697e+00 7.847065664232866222e-01
-1.530647582986794042e+00 -1.119178600427016335e+00
1.181912926500694017e+00 -4.431833521114029173e-01
1.250473461079030901e+00 -1.461109079871161454e+00
1.138266988872636887e+00 -1.519554347641753622e-01
6.042553086640686244e-01 2.963142935168316949e-01
1.954097728743906526e-01 -1.655789072322492839e+00
6.001115122485033426e-01 -4.786135614935481675e-01
-1.212399959619327561e+00 6.260161240620660816e-01
7.405056903351170394e-01 2.200059410954639527e-01
4.685684049170707466e-01 6.219167084282136715e-01
-2.446029587774396219e-01 -5.061564212403878438e-01
-9.559561729262432139e-02 4.504053611242870847e-01
4.754295816019368792e-02 -4.200571473332369576e-01
8.037681481528416993e-01 2.101601710288053537e-02
-1.028552510452337865e+00 -1.238784880295716428e+00
-1.677141510510563871e-01 2.034494364898132845e-01
4.185176932806471406e-01 5.152513400407577882e-01
-1.650199668002042763e+00 1.404107915103088633e+00
1.334207002441269996e+00 -3.543388589367996167e-01
-1.937618053357433645e+00 8.967130443758799530e-01
8.768776583964046356e-01 8.800679629838867868e-01
-5.931925857288549153e-01 -7.811101649297866878e-01
4.326672126682111763e-01 -1.973798973229356157e+00
-1.841053782647943948e-01 -1.232477084313224669e+00
-1.568428045731664167e+00 2.051294745066723213e-01
-9.980334082144217689e-01 3.266447686184378307e-01
3.590044755078389271e-01 1.565674503099795833e+00
5.191592154142568583e-02 3.130409702449397091e-01
1.391618365724774709e+00 -1.185912085061993526e+00
1.082700046649478498e+00 9.262871067244808909e-01
-7.980014728140661928e-01 -5.981562944629909007e-02
-6.939554891399345449e-01 -8.670587539918295228e-01
3.499418127466667472e-01 -1.864856075825559178e-01
2.139303022945157617e-01 1.277447677547616234e+00
1.112404905008915090e+00 1.245703080295261778e+00
1.175194428770817368e+00 -5.677908558991278110e-01
-7.463081327297487189e-01 3.753087417898108846e-01
-1.269061052812212043e-02 -1.134803730119636089e+00
-6.421740177613848299e-01 5.394297613259942947e-01
-6.555233431527701660e-01 1.090733509324156802e+00
6.981723786883897720e-02 1.166672969354193956e+00
-6.167266189928655162e-01 1.311669743003597288e+00
2.263271652478828777e-01 1.365413064185286851e+00
1.146016316391951673e+00 -4.067895454676039302e-01
-1.606054878377786377e+00 -9.672085951907405388e-01
1.627797243086551493e+00 -6.477524182500069561e-01
1.616772490491606540e+00 -2.691830967281049203e-01
-1.025765910964856920e+00 7.385642982876137186e-01
-1.135745525367174658e+00 -4.450524566674284310e-01
-2.257280695761426648e-01 -2.739995395617267349e-01
-9.364091620567957519e-02 3.161486239180837376e-01
7.100485733127099852e-01 -7.937186126328690250e-01
-1.289156761565555698e+00 1.537434764755021277e-01
-4.707131858753674236e-01 -3.951437032123826798e-01
9.060563351147538080e-01 9.866037524498676436e-01
-3.161760283735450816e-01 1.296741630402614254e+00
3.376723323583447067e-02 1.240914009501019155e+00
2.698520394241965548e-02 6.097376368434165306e-01
-6.922730678457472697e-01 5.153209643568051890e-03
-6.093535310617620437e-01 -4.884953425843993058e-01
1.963093478052966856e-01 6.157843441004980933e-01
1.559986868677681215e+00 -1.377286737249481030e+00
-1.564471742524220055e+00 -1.639225245162764910e+00
4.210575684317066081e-01 6.594935817089235819e-01
1.476910627283435584e+00 1.021457792930382524e+00
-1.161736914957862687e+00 -1.427366141007944400e-01
1.127714757450576144e+00 -1.177256371418864189e+00
-1.161785547552394604e+00 9.303580885556971269e-01
-6.346821472844409451e-01 -1.211834075587118420e+00
6.350441522067777900e-01 7.867506869904627997e-01
2.917574566713475037e-01 1.538841223769920497e+00
1.181881469796222994e+00 -1.191215953892587498e+00
-1.059335200554084366e+00 -1.043805407077093017e+00
-1.985844448959637742e-01 1.988511300238843260e-01
-2.550903153180369420e-01 2.755814973161143655e-01
-7.175339977968880900e-02 -1.442214725769262795e+00
1.174843780191462628e+00 -1.156950702621627691e+00
9.449508439295312145e-01 1.818004494066459698e+00
1.708895213001316193e+00 2.863945815228934322e-01
-1.422353861891221261e+00 -1.580731330190801309e-01
1.295728802452269512e+00 1.436019695807299268e+00
6.970166903563908001e-01 -5.429172810010057804e-02
-4.563533164795352537e-01 4.068997493544405097e-01
1.282469757740043459e+00 6.798129131458204855e-01
-1.449736341479079371e+00 1.037801875322061695e+00
9.514026754558601029e-01 -1.105770486866149538e+00
1.650883609956573572e+00 5.397519799065830792e-01
-1.020047935397215610e+00 1.595409337959478702e+00
1.355912524625278337e+00 1.161302679843967400e+00
-4.902245212095530658e-01 1.032209191477871102e-01
-6.904548117544582198e-01 7.775076324579773823e-01
1.456176085068627390e+00 1.485803638924078907e-01
-1.183453786662724827e+00 -4.608788462795782026e-01
-1.224258878015845653e+00 -1.424424353503671803e+00
-1.904614812094969523e+00 -4.496367969367357498e-01
1.423068590679902545e+00 9.888236925631590513e-01
-8.982309781211644806e-02 -1.562527020769605146e+00
-1.754126366443379048e+00 1.560007758696734248e+00
1.669060813400488619e-01 1.647856449108362487e-01
6.860302798812060177e-01 -1.333884919102936495e+00
-5.957285025715557403e-01 -1.051797365866669498e+00
1.563518303376082663e+00 8.798382734456360321e-01
-7.671602634585638070e-01 -1.552480591665222232e+00
-7.272340201602698340e-01 6.060201895509405023e-01
1.619816917307533632e+00 1.525140787584328361e+00
-2.066400873096024604e+00 7.528449090604596439e-01
-4.933642991548419787e-01 -2.200584897934006190e-01
-2.056185979159739663e+00 -2.367643594614794733e-01
-8.324823926340972902e-01 -1.329441522700132605e+00
1.510458905031127674e+00 4.045314247004144770e-01
-6.606349497383594560e-01 3.546801799432004465e-01
-1.302702140270477926e+00 5.406951749193558143e-01
-1.261167707605254762e+00 9.590000497946143954e-01
-7.773667914908022336e-01 1.852590493439061625e-01
1.431154798916080217e+00 1.224218069359980010e+00
-9.656985173858414484e-01 9.562810749811925248e-01
-2.454786727264256507e-01 3.668668752866486304e-01
-3.722157815648195478e-01 -1.014142030158325047e+00
-5.182096503783683028e-01 -3.660940178740523798e-02
-7.936415975496745601e-01 -3.212015695384600189e-01
9.350494012084925588e-01 -7.206080127943993441e-01
-1.047369307359079516e-01 -8.181944741231406137e-01
-6.026303133093082742e-01 5.935145742191642038e-01
1.172012718249447527e+00 1.350917093559503623e+00
1.038277044064308985e+00 1.443950205322657165e+00
-2.282367161109948583e-01 1.408530854675099864e+00
-2.229406609655170957e-01 4.403461384224477415e-01
9.020537153028348465e-01 1.109220010899776065e+00
-1.355051698082965217e+00 -1.196897873668559154e+00
-4.589643409713161648e-01 -1.110300496663853220e+00
-1.473450114977450820e+00 -1.086554988641442732e+00
8.241392550925654703e-01 -1.419648320164472732e+00
-4.640164049203125696e-02 1.644490763172160142e+00
-1.426895420768109268e+00 1.313744273128975903e+00
-1.166878124690384766e+00 -1.066583176920835596e+00
2.230511108972234036e-01 5.961006104184870535e-01
-7.515451873854409603e-01 -1.260974476575734471e+00
4.493405232356233459e-01 -9.084590992238421592e-01
-5.965364145628839765e-01 1.275922180391486194e+00
-8.931674436512369031e-01 9.706146640558719341e-01
-1.186506715555084579e+00 3.809317723378931042e-01
-1.821650795982066029e+00 1.179179125449781429e+00
9.524488547381992909e-02 -1.383581039793039258e+00
-8.993224684198802832e-01 8.139236226806623176e-01
-2.500167992605897838e-03 1.833130190322546094e-02
1.385686412846373727e+00 3.563054006419080766e-02
9.517491461401247355e-01 -8.673881330095428721e-01
-1.529738429094364527e+00 -8.713820964726051166e-01
1.485594519582840611e+00 -1.545679093638656854e+00
5.515316273286074988e-01 9.157897113708964865e-01
7.267588330585074141e-01 9.448647124643667627e-01
2.331559006004055856e-01 3.996441027066539586e-01
1.499210018217429052e+00 1.282453153306593929e+00
1.523487734450328368e+00 -5.843799012360058054e-01
1.324146632337392937e+00 -1.115954441247095419e+00
-1.513297057792878153e+00 5.326337934918685679e-01
-1.694210369252739046e+00 -1.688733843290986858e+00
-1.525744649550661247e+00 -1.019164582389131324e+00
6.671605191326276385e-01 6.999337963579688182e-02
-2.065989452722060693e-01 -6.599114584695704444e-01
-6.494239414751028505e-01 6.303349788344024818e-01
-1.201994717351234865e+00 4.438132709912854246e-01
7.455848127821150806e-01 7.729039477090193788e-01
5.503671461289106892e-01 -1.573654770352902688e+00
2.952893468934722487e-01 7.161056003798583758e-01
-1.704847877864402506e+00 -1.263041658571766979e+00
1.889952241491722251e+00 6.382058443644089696e-01
1.476399419468605423e+00 1.209463119489172955e+00
-9.912027524559665626e-01 1.531010403570766565e+00
7.224307834860090871e-01 8.784104869030473495e-01
-1.096570779225891190e+00 -1.704156179244938896e+00
-4.668605724459343742e-01 -8.798552679826021627e-01
2.004856359657258280e-01 -4.812158452023934663e-01
2.747171771961593456e-01 -1.195961189995001117e+00
-1.014817037834548241e+00 -2.202675693251359978e-01
1.015889813237146111e+00 -8.006874595230645264e-01
1.954785393092814405e-01 -1.519503127969088263e+00
-1.690762610900214735e+00 -1.312019852282805710e+00
1.248151617391902946e+00 1.475095023529669813e+00
3.573556329409241172e+00 -4.141594200595294373e-02
-2.313321625379426150e-02 1.358002798879000439e+00
6.838688687388886356e-01 1.758272864130572932e+00
-1.759394027794156656e+00 9.754458158102253806e-01
4.705328952909093587e-01 1.245207540782267419e-01
1.513659064553271705e+00 -1.296376639409739129e+00
-1.144100706933405487e+00 1.218090731321029851e+00
-1.090391198584389265e+00 1.520853651990510036e+00
7.363105501672206898e-01 -8.975741297514114869e-01
-3.469251606662673293e-01 -9.449996846909245463e-01
-1.474082658582350991e+00 1.478767923825360819e+00
-3.114487443351576235e-01 -2.342524942131436916e+00
-5.891596101496799909e-01 -1.057391438594783573e+00
-1.630954767079739742e+00 1.196520078610597171e+00
-7.423012281698535553e-01 7.333918093079347944e-01
-1.099061535229314934e+00 -8.357328111493349532e-01
7.322557484911811354e-01 -1.623982867231984262e+00
3.863600295833400367e-01 -5.323787665542135672e-01
-1.645979327894568467e+00 -1.849454068791080319e+00
-2.196249199369358918e-01 -1.741045200356556022e-01
-1.224585503576343104e+00 -1.482472602141614582e+00
6.388860788746772434e-02 4.713605146751480568e-01
8.043665482028646840e-01 1.696267440676661575e+00
-1.818139212165323926e+00 1.256562350357824265e+00
-1.185785757426338627e+00 1.286948746121060472e+00
-8.862536801515167317e-01 1.167687697236906574e-01
3.100301848175547326e-01 -1.626733499259958915e+00
-6.421733389110385604e-01 -2.942200259301065435e-01
-4.459231341776165869e-01 4.901443708921021658e-01
2.118695861096432931e-01 6.071033323998251685e-01
-4.935206092045794635e-01 -9.227165280337341624e-01
8.001980172662215285e-01 -1.221882154695668632e+00
4.454313566046445017e-01 -3.076391612124036445e-01
8.492016991142492532e-01 -2.033603773605975051e-01
2.228956900674856079e-01 1.037204456758062943e+00
-1.538853501171582483e+00 -3.579183831299284080e-01
1.625714834641985185e+00 -1.156899430621602498e+00
-3.509280747303516468e-01 -9.581108705771379519e-01
-6.547733028616982143e-01 1.697508671259484903e+00
-8.172745961633067768e-01 1.648800172096215322e+00
2.051246702282166767e-02 4.465868763518225926e-01
3.204547421401057750e-02 1.708918781441286783e-01
1.411439242066403033e+00 9.506744590463869216e-01
-6.814626672937877938e-01 -1.479624936981749073e-01
-2.207091227349704254e-02 -2.176741650276629303e-01
-6.386985277600698563e-01 -5.372866578791462011e-01
-1.661409030527056796e+00 -2.811374618417271654e-01
-1.283771587224769917e+00 -1.680247206436687346e+00
7.298284372921229335e-02 -3.094582516372972325e-01
1.048840480875359749e+00 -9.748423852582679405e-01
-4.965964659544609971e-01 2.932453332731028706e-01
1.001447907847148766e+00 -9.582987922439791806e-01
-9.999142170992320056e-01 -9.429621733079640578e-01
-3.648807374987372842e-01 1.636224897057732219e+00
4.388301052435518157e-01 -1.656653690702598603e+00
-8.248237254533922203e-01 -7.751031772236336437e-01
1.435721273788317098e-01 -9.363596774384335131e-01
1.115789871285742141e+00 -1.458742568941372664e+00
6.384323185889315688e-01 -1.509412005147663161e+00
-3.389278837144416578e-01 9.398691586932358399e-01
-1.417422495183336739e+00 8.410948059536389465e-01
-8.078259528580944426e-01 -1.778741661045406319e+00
1.337494856050213343e+00 -2.571540091797971384e-01
-7.561625719746785101e-01 -1.736034817292386734e+00
1.665503888406463684e+00 -1.068666060104709326e+00
1.334621230944814663e+00 3.130326685481990001e+00
3.459281142575977852e-01 -1.861934971462695154e+00
-2.842856910006442694e-01 -4.108124928881027316e-01
-1.657510422704258080e+00 -4.410723535343724633e-01
-1.784090026555582131e+00 1.376135435798255147e+00
1.159704318357261510e+00 -1.499882130752540510e+00
9.663234921905535790e-01 1.595318498668917007e-01
-5.406746226978347281e-01 1.023741069438408369e+00
-2.119759073506375935e-01 3.389673811056026498e-01
-3.953230203623953054e-04 2.010516687406909142e-01
-6.719770820782945409e-01 7.417811473371120901e-01
-1.229673383930496300e+00 -7.904419714580676048e-01
-9.970729864530329944e-01 -7.887147125585874941e-02
-1.210760966467999467e+00 -7.605328215535287484e-01
7.193165194088340098e-01 -1.447430339767352026e+00
1.924915762232027650e+00 -9.808586882479636282e-02
1.020723615593743805e+00 4.487950852546054303e-01
3.788576090614746983e-01 -2.808826730099793778e-01
4.039413519445751444e-01 -3.848209861551724620e-01
3.815408779240714310e-02 -5.013366834806094463e-01
4.546891761744491500e-01 6.333743273302601395e-02
-6.561615763926630374e-01 3.390448814312549963e-01
1.198232460839308011e+00 -1.105206174272279851e+00
2.766861386085340824e-01 -1.447018584860763069e+00
-2.402813159389609154e+00 1.023346392862785947e+00
7.197229914429369435e-01 5.008566571360145714e-01
-1.608315978775538113e+00 1.273009539666767553e+00
-5.850253922135006945e-01 5.549221882460878552e-01
-2.172457733514745470e-01 -2.266198508537369261e+00
5.694987404422555133e-02 -1.160098843379578470e+00
-7.940540224746173159e-01 -2.318975667876344904e+00
-2.508549849067294724e-01 -4.706339797450203033e-01
-9.289176222604660360e-01 -7.584932731378521975e-01
1.400926667855721508e+00 2.531684863627553517e-02
-1.045138351957858092e+00 -3.040386694465143647e-01
1.165848042195124779e-01 1.261439201931715992e+00
-1.753271999782297086e-01 1.166257302563249665e+00
3.754153378154012621e-01 -1.352937031998139306e+00
1.573222356951392564e-01 9.538173551583806198e-02
-1.454988144450821697e+00 -1.610614980093438176e+00
-2.554837088554922087e-01 -1.327809847661245657e+00
-7.348134431011291712e-01 1.123995170035894997e+00
-1.275469253961987626e+00 5.779242441090780558e-01
-1.271616444650002897e+00 1.206770642005995597e+00
1.493099521370100380e+00 2.959396043765982753e-01
8.331833384669095066e-01 9.473455233487505511e-01
4.021896364984905992e-01 1.189932176240211303e+00
-1.295209744467008317e+00 2.318758750156960091e-01
1.790130248777986655e+00 -9.645435101242663123e-01
-1.411254512365867964e+00 -2.875187493177802089e-01
-7.801148758801121907e-01 1.487968061634544537e+00
-1.389812028443789815e-01 9.305795711720630248e-01
-7.155178833430041463e-01 1.740345088732265788e+00
-9.192907589983002614e-01 4.764848695077279483e-01
1.444877217193685226e+00 8.777083062200033980e-01
-1.594586962359741733e+00 -7.340429789830625884e-01
2.000806883294497518e-01 -4.936935873032384237e-01
6.515405092589495739e-01 -1.529192163090244527e+00
8.468926871477319707e-02 -1.519383387905822502e+00
-2.179279564578040784e-01 -6.842316650059475647e-01
-2.737808671602114940e-01 1.007356421831688609e+00
-1.303544875765581867e+00 -9.728614873193481838e-01
7.139359718506236296e-01 1.087569412323076273e-01
-3.951512596538983568e-01 8.845846313152794238e-01
1.425160535004617479e+00 8.333031913315890327e-01
5.296133261667090864e-02 1.552855568836442879e-01
-2.561026609878948035e-01 5.541278830479992035e-01
8.914089691117788039e-01 1.535361705804648702e-01
-1.544756419719651497e+00 -3.467987413986020062e-01
6.634905521948133988e-02 -6.569213493927648084e-01
1.288084365262727737e-01 -1.840729787809659124e+00
4.757065753845052258e-02 -2.233155230563439175e-01
-1.560074205074669873e+00 1.039792046374304224e+00
1.407585192110345051e+00 -1.339447238248398175e+00
4.575159905687957718e-01 6.815529635775230410e-01
6.099802745334167442e-01 1.234945546226783986e+00
-8.605072269741858015e-01 7.158953028084209524e-01
1.306609451497167118e+00 1.963323045817493007e-01
1.035576594720155064e-01 -1.262421432556077860e+00
1.444542835700793337e-03 1.189931604569057111e+00
3.728430147284758633e-02 1.130930165551560673e+00
-5.244193468272220215e-01 1.042119143965247741e+00
-6.631489084635060482e-01 -1.207095078235983054e+00
1.125189216005033632e+00 5.464127192709369307e-01
9.334256724303747754e-01 -2.431783081877161024e-01
5.668488178441414282e-01 1.316347038471999742e+00
3.184887372999645194e-01 -1.278145714563728441e-01
1.375964092981892539e-01 7.874342618428874507e-01
8.490166719292477904e-01 1.050256167663394136e+00
5.790459781413571649e-01 -4.886669829006287658e-02
-1.241701256809519260e-01 8.131813576587422210e-01
3.905755330141665316e-01 -1.059204507981842402e+00
-5.795019943095063297e-01 -9.388327160259637427e-01
-3.089039191064490986e-01 -8.012073834803812300e-01
1.096923188230235269e+00 -2.144954220054338390e-01
9.288119751395053081e-01 9.370722948116813611e-02
5.363171931279869797e-01 8.539023875303043409e-01
-1.473189671597425754e+00 -1.190660143443583951e+00
8.709583336040008228e-03 -6.312775689452718719e-01
-8.673281791550794262e-01 1.385851545762082138e+00
4.897931013542339285e-01 5.821728434939960062e-02
1.382513781164254052e+00 -1.431280800613982995e+00
-1.679931025072719741e+00 -3.482959260728304418e-01
-4.770602164784309429e-01 6.002601102999868266e-01
-5.436206918469432825e-01 -1.665013750228036216e+00
8.445115113611969537e-01 -3.753341471746732827e-01
-1.730029563305765183e+00 3.908165423529099680e-01
-5.110351325292395996e-01 1.383907894578720599e-01
-7.599270293949617061e-01 -1.038462756442371848e+00
-1.847519954846927881e-01 3.797131269016540411e-01
-2.618145745517121425e-01 -1.777633129332963691e+00
-8.014384821120797975e-01 -9.608749194342087740e-01
-1.341989976871963641e+00 1.204389257122258527e+00
1.094216524198688756e+00 1.684410730933892264e+00
1.177898518318501786e+00 8.661506844463306987e-01
-1.571930479099485467e+00 2.128179677150404681e-02
3.434342485608499751e-01 -5.601809760873152078e-01
4.884114765555079840e-01 3.745140767688860395e-01
-1.460982912960640534e-01 -1.106627921671121451e+00
-1.293800979690741038e+00 1.361649820994712101e+00
-4.125438684899753738e-01 -1.188752504850306035e+00
2.630382642121641412e-01 7.795339394823342927e-01
-1.859802764073791970e+00 4.291041521501880451e-01
1.482182382610219562e-01 3.021417880169932624e-01
8.246470494658074690e-01 4.850666691989473644e-01
-1.358015870923328539e+00 -7.791209034157537960e-01
-1.284273594496158299e+00 1.509897444138421196e+00
-4.505829806976276442e-01 1.137755349837526575e+00
4.775565940862515069e-01 -1.240867674313276492e+00
-5.558126184618896737e-01 8.070399866241888542e-01
-1.573948953002716422e+00 -2.996403281839721267e-01
-1.326021111712011535e+00 1.255526499016385911e+00
-1.905339164280725139e+00 3.393671491434783749e-01
-1.020543281408324621e+00 -8.204770590179006895e-01
1.043468923494229816e+00 -7.421056007861491777e-01
-1.773135077106373192e+00 1.095779067972049159e+00
1.481455213378973568e+00 -4.631682872655925598e-01
-1.809486270434284561e-01 1.390617211444793666e+00
-8.921092407552247971e-01 1.299613086410200125e-01
7.473639152421547305e-01 -1.000161048724844681e+00
4.758595108438826715e-01 9.709203620944326651e-01
1.640720994588217851e-01 -1.058421411787922040e+00
-1.832526119746685556e+00 -6.692949099436495963e-01
-8.339000360406120249e-01 1.321148943783360341e+00
-3.316904681844514702e-01 -2.336009467926110916e-01
-2.228122488457720540e-01 -1.359789146617268740e-01
1.247725936149969961e+00 -1.016179031954342893e+00
1.024919346161599076e+00 2.656244394204499981e-01
7.064883173794539450e-01 8.381071657229684224e-02
-2.392037245858855410e-01 1.234201819346613938e-01
-9.459560728649998307e-01 -4.300253749204141496e-01
-3.215075335826335090e-01 -7.736396173765077711e-01
-3.418795791768875492e-01 -1.669278038516768536e-01
-6.286876034705300986e-01 3.932999579206369889e-01
4.118194732653218670e-02 3.563791459535848860e-01
-6.790057582839033046e-01 -1.713554007067863649e+00
-1.215388589149688503e+00 7.719523332690131356e-01
1.791114839060678476e-01 1.045214249604089707e+00
-1.457369407004867945e+00 -1.120467414239546766e+00
1.065713572679726773e-01 5.792464031604251939e-01
1.268456469747917925e+00 8.439488743757118661e-01
-9.796055269241685237e-02 1.241027333338791117e+00
6.597913232543304307e-01 -4.559398099355219669e-01
-2.218398668998423640e-01 -1.029646111581116186e+00
-5.139250412200875306e-01 3.789511109627365926e-01
1.229001434870462539e+00 4.896728746544271038e-01
8.447058349637518448e-01 -1.392141875979836074e+00
-1.086189113121078353e+00 1.144080858030466219e+00
4.037239239097419885e-01 2.253270026908109902e-01
1.097519143298548716e+00 -1.402656189315246937e+00
1.005010524079219092e+00 -1.393319029660404551e+00
1.316058115610298618e+00 -6.978692184008588040e-01
-3.052708141782710660e-01 6.414917908240839184e-01
1.319557988532416459e+00 1.051727297588995524e+00
1.183277677680344642e+00 8.527292799696483128e-01
-1.022128841478892713e+00 1.181795081922818458e+00
7.187839821370964888e-01 3.741703616574011682e-02
-1.700197710547282637e-01 5.388799735048300787e-01
-3.150380031855178342e-01 -9.578073831692937024e-01
-3.291379254299537926e-01 -2.698871945045141496e-01
-2.125520346524816695e+00 -1.680290555512263362e+00
7.210700087825587801e-01 1.149194077164501948e+00
2.468003639784060455e-01 -7.989361719928025352e-01
2.942662973978621976e-01 6.992607073898340353e-01
8.154065321054875248e-01 -3.218612377863636631e-01
8.398683529369146417e-01 5.213560969809922785e-01
-5.017933445102400192e-02 3.276278639236601675e-01
5.449322772990379260e-01 -1.183750171648662031e+00
3.313135739616967501e-01 -9.591043605864444377e-01
-5.091403365376798718e-01 -6.759400213314170625e-03
-1.061350693915099175e+00 -3.264395313559361744e-01
1.985824560715479525e-01 4.285082016824357520e-01
1.107056571240371934e+00 -9.439593749511985266e-01
1.735035680255370139e+00 -4.226233693942518244e-01
4.004024466083131450e-01 1.902526577981911438e-01
1.654820137061203678e+00 9.339294224445358061e-01
-6.201483930913015419e-01 -1.095631768073712653e+00
9.673862674476773060e-01 2.684471371427393782e-01
-1.362253554591450477e+00 1.019406080096815215e+00
4.942061106322933606e-01 4.493260829486354080e-01
-1.309612131900878662e+00 6.273836132540363542e-01
-1.392317657984328605e+00 -1.388628876203180651e+00
-4.252342289240182982e-01 -2.852648151645751362e-01
7.758970309054323833e-01 9.875607759764924998e-01
-1.571215483940672231e-01 1.383127850659976676e+00
8.884223810557487777e-01 5.602817167019823463e-01
-2.754778878909359685e-01 -9.077231314118230920e-02
-1.439879563293577913e+00 -8.209862881423856118e-01
-9.666660752269918833e-01 4.357110423796941578e-01
6.193389262625313973e-01 -6.083619765863321760e-01
-1.487197685653371071e+00 9.010989538614989636e-01
-1.704525393836894942e+00 7.139988799106741224e-01
-1.772309799036298372e+00 4.693854018226523150e-01
-8.814738330850423187e-02 -1.339474077858868517e+00
-2.326789187646565171e+00 8.776798909851888375e-01
-2.878045720104692728e-01 2.926957473698538204e-02
-5.541395542930903639e-01 5.960437773167277520e-01
1.149148247888829300e+00 5.067665994505559102e-01
8.062635330661263033e-01 -1.722700599219274264e-01
8.170859764318872953e-01 1.344973568442177358e-01
-1.460559250264992670e+00 9.725720051818770306e-01
-1.236969302721043551e+00 -1.205608920376774362e+00
4.780236678598101530e-02 -1.043447434075611913e+00
5.092122453051103337e-01 -1.310114712006531956e+00
-1.116996050819241831e-01 9.891428392046951457e-01
1.169675693071924538e+00 -1.248888943124736084e+00
6.508107532669058504e-01 1.318018093585023642e+00
3.311702178042729705e-01 -1.417138704769519864e+00
-2.270691929948484011e-01 -1.310160031127956648e+00
-1.491384675217070743e+00 -9.008654547786649758e-01
-5.951158004597694173e-01 -1.241253347261273232e+00
1.266744378457404618e+00 -6.383139532354639156e-01
4.093596293407240072e-01 -1.254465195391987642e+00
-1.233056669120815574e+00 -3.477930571869654042e-01
-1.426665257716536850e+00 -1.752374899043105394e+00
-3.775615463381893910e-01 -2.822666055013085540e-01
-7.312037030348378375e-02 1.854105051983910568e-02
1.379097914601918606e-01 8.449219086817231217e-01
-5.221750680865316907e-01 -5.620144834755512742e-01
-1.872617123340934997e-01 -7.552660788773234435e-01
-2.015538496143995495e+00 3.390204328349455953e-01
-1.506110897250490410e+00 7.135802568686088199e-01
2.570762642473692350e-01 4.115853361110524133e-01
-1.315222539502978627e+00 -3.509305347733743252e-01
-8.391895090418165504e-01 -4.023519706162705933e-01
3.359797868127902265e-01 8.237080587791131836e-02
2.769962733933776788e-01 -1.287916922565739419e+00
8.034325722976963791e-01 -9.659548809596121277e-01
1.920942459695221260e-03 -2.195731017367637872e+00
-6.261059988142497756e-01 4.483934995600277751e-02
-9.000742170806692588e-01 -3.644447076431353016e-01
-8.101356578880759551e-01 -1.475099689991147711e+00
1.243916432778064518e+00 -1.355896502176300533e+00
-7.697053377258036289e-01 -4.077531720073352961e-01
1.170523821034263889e-01 1.660500652291694856e-01
-6.228496236032821098e-01 5.991852799340270375e-01
1.132184862411387272e+00 -8.738784872871949716e-01
-1.068130565122881848e+00 -1.100025884901205675e+00
6.670380929036479056e-01 -9.648998040751735061e-01
-2.077371872456999391e+00 -1.875375022471790498e-01
-4.724845237996658232e-01 -1.203663111554074350e+00
7.475766794270557458e-01 9.964526607462055319e-01
1.410515840708072677e+00 -1.239039671388164399e+00
1.266978371685017812e+00 9.783225609794609090e-01
1.234953378923347778e+00 -1.028173734815235107e+00
-5.336644937964769575e-01 -1.376182867549071986e-01
4.172520884578315714e-01 6.227570916571304460e-01
1.748977402562942096e+00 1.103497572817941252e+00
-5.036649241611621669e-02 7.809091243982179131e-01
-1.688014423345867598e+00 4.162114707772998079e-01
7.176044318476286765e-01 8.346095547186893615e-01
-5.684458613094378610e-01 -1.781460623216180261e+00
1.671455421504293604e+00 3.989200635950076457e-01
-1.448336516197570756e+00 -1.193896504756802646e+00
-1.671605311036166164e-01 1.761425063127912694e-01
-4.086255307853277619e-01 9.679998951497619242e-01
1.265614821868468187e+00 1.526680252408697758e+00
-1.208275946598451611e+00 1.044837047961614696e+00
-8.349801151029927482e-01 1.266893582399277518e+00
1.429212784840747208e+00 5.227260189927059875e-01
-7.475810316162452285e-01 1.212068764104153651e+00
5.660905978689007023e-01 -1.449314235820697183e+00
-6.689534608577654140e-01 1.301625841187594945e+00
-2.340100584547383511e-01 1.058824649447058563e+00
-1.689417835082422048e+00 -9.553159574623606987e-02
1.263716277673728072e+00 4.091588184577785725e-01
-2.577336815057972297e-01 4.778309878729548599e-01
-7.838071964224654353e-01 -1.506141402577949151e+00
-2.196629065585276042e-01 -7.257142516190573378e-02
1.277310707078233021e-03 8.291900917766397150e-01
5.995292792401366588e-01 6.718286508283873859e-01
-1.627556690995440036e-01 6.817759321796094119e-01
-7.832121978178712141e-01 -2.051899222553858204e-01
-4.344438513910965916e-01 -1.693953877118198781e+00
-7.921418665469573406e-02 1.153857031495873597e+00
-1.397636348476451129e+00 5.955468995236810059e-01
9.884517240321665232e-01 -7.241336880838608603e-02
4.125801668592132820e-01 7.456519316100682637e-01
1.371687887877993006e+00 1.342622203519297841e+00
-3.776767351633224523e-01 -1.047981897856973710e+00
2.794423998843831303e-02 4.832794361169076014e-01
1.681423452561889409e+00 -8.605697811475332415e-01
4.118909100734837736e-01 8.571461742124802941e-01
-1.662615769390819231e+00 -1.696226399123815509e-01
7.031967463817354602e-01 1.227914354181743883e+00
8.522695484386161313e-01 -1.419089357090677961e+00
-2.877419549592070691e-01 -9.733066285163967102e-01
-1.506539981112565929e+00 8.621864398206114943e-01
-1.739644392498967740e+00 5.039539939203681040e-01
1.397845767514807880e-01 6.659919326659331507e-01
-2.727386320950448972e-01 -1.662288872536509476e+00
2.844562343246352931e-01 1.434113861503341525e+00
4.071020114357134512e-01 -8.299005306631841439e-01
-7.362563642768064076e-01 5.774471264219551703e-01
3.891346323308721433e-01 -1.030774894967980249e+00
2.136063479739446769e-01 5.420188667428033069e-01
-1.138687621415641171e+00 8.276646397657796417e-01
-2.160294565288499502e+00 -1.220297011694932987e+00
5.581209411453649238e-01 5.231165748370473212e-01
-2.533964483703047832e-01 4.604069606721578056e-01
1.098424479725012226e+00 -3.178926109970349190e-01
1.120628957635668499e+00 -4.511529275379947412e-01
1.468998955390303340e+00 -1.035109159969193726e+00
9.600428798160945965e-01 -7.690986382043255021e-02
-1.794843841463474199e+00 -1.090519755412566960e+00
-3.055678701796545882e-01 -3.606170404030866194e-01
-1.620075927316992015e+00 6.933246698026698240e-01
-1.969278875907608750e+00 1.268238594527611118e+00
2.670628740056963379e-01 1.031464681061891042e+00
2.678883178666605414e+00 1.117576134665510423e+00
-1.156067094471635137e+00 -1.409704751002272827e-01
1.380672438539103819e+00 -1.377836624687287737e+00
1.490780386289856096e+00 1.337803153666441869e+00
3.779273586952572317e-01 6.458527150341289436e-02
1.382399702264438091e+00 -9.313166176675578001e-01
5.034812730156298377e-01 -1.367629277405748800e+00
-1.073600624873323195e+00 -1.155138766120978211e+00
-1.333677799143879183e-01 4.509879896234131325e-02
-1.479477054860379170e-01 -1.415485438771680204e+00
4.676466181521683474e-01 -2.584987229586120927e-01
-1.757643368761765967e-01 -2.336193721044958593e+00
-4.286541097361433184e-01 2.402043458568161594e+00
9.302596927540766059e-01 7.710444691304974008e-01
5.889847116634930879e-01 1.356169123065216864e+00
6.296362570143581028e-01 1.118365879760499615e+00
8.521253930152228317e-01 1.499404236180912120e+00
1.100647413930920138e+00 -1.576522154665337627e+00
8.826222373013248301e-01 -1.036684454046897130e+00
6.380152393874622962e-01 -7.249122088334561953e-01
-5.894186132357022156e-01 1.239340506472363934e+00
-2.088963590982150897e+00 -1.255501077925006870e+00
6.106165219512069697e-01 1.257539324147156856e+00
1.568074953523507009e+00 -9.022809279037899977e-01
2.308064319020117217e-01 -1.378215734917139557e+00
-1.132760986525658264e-01 -1.333762861480050743e+00
-4.051340875787228651e-02 -1.078346533016244280e+00
-9.694334804328231803e-01 6.067692961213487779e-01
7.330725218079543470e-01 -1.579162393125375319e+00
1.374269387524658659e-01 1.132179879320507343e-01
-6.892584210848451409e-01 4.538199841269640045e-01
9.421559281909807071e-01 -6.063520234223174210e-01
8.888096838843677627e-01 -8.547890867392021752e-01
1.764484984805264833e+00 -4.306530051786230384e-01
1.705603947276959631e-02 3.334784364684462155e-01
5.900727354675850966e-01 -7.652444118410040019e-01
-3.166628865923644676e-01 4.439015636277834354e-01
-5.745658750720277624e-02 -8.949419187614187088e-01
-4.870929100861274424e-02 1.042234056497589156e+00
7.446370269379612994e-01 -1.630105179184156539e+00
5.894228868698442314e-01 -1.434341603013450650e-01
7.671364909785198805e-01 -1.123927898735885833e+00
1.223730078446341185e+00 7.925295971580597065e-01
2.777743315926921586e-01 -9.895258243529152509e-01
-4.692585445636514030e-01 -1.210115651786700219e+00
-1.748349150301377719e+00 -2.152843258635244450e-01
4.158962712251900173e-01 -7.368374565233621887e-01
-1.212793328962934236e+00 9.338153001514741813e-01
-1.106359174325770134e+00 -1.510702299161968076e+00
-1.731064577840506935e+00 1.138879971711360906e+00
2.945628136354795146e+00 -1.044420992107979007e+00
1.173580236023733514e-01 2.578102524997342715e-01
7.565909100440900703e-01 -1.740300064154685522e+00
-5.604535967500723359e-01 7.019320437999969631e-01
-1.802560203627960878e+00 -5.590569048544583031e-02
1.695059240279411128e+00 1.090371374326226661e+00
-1.324111878514153684e+00 4.467686732187570176e-01
1.082032066565235873e+00 4.396286785406003927e-01
-1.338839205469414928e+00 1.054823713244275707e+00
-8.058642316128275529e-02 7.455544119275970827e-01
-7.571555272797300118e-01 -5.014385598615765938e-01
1.278322546109291746e+00 -1.792476191652669470e+00
-4.762777084263019045e-01 -1.682988665271031969e+00
-1.717008839338200143e+00 2.528213874183810050e-01
-1.334750114785956399e+00 -1.212165807156789787e+00
1.799482241287511552e+00 -7.122898131215633644e-01
-6.771015041509671484e-01 -9.584501066628621224e-01
8.040681577992651041e-01 -1.121711806786056309e+00
1.226006249210339405e+00 3.959079940424367616e-02
-3.236537068290206709e-01 -1.304507569292226554e+00
-1.132297714508522235e-01 -1.613598472260024286e+00
-1.948969262468795538e+00 9.251832685008416490e-01
-5.736891764893590206e-01 -1.179112479471512154e-01
-4.090054604537813471e-02 1.254843330730671447e+00
5.554398801427654631e-01 -6.537227716651099474e-01
-1.317153955033330270e-01 -4.239533305308614830e-01
-4.499123609536442303e-01 5.700108864360841077e-01
-2.318869827369337555e-01 -1.113507409453995844e+00
-3.018216051938592548e-01 -5.048070534159736500e-01
5.274374329824205176e-01 9.029113876525444171e-01
1.264399251835290894e+00 -4.627077384490773104e-01
6.288230421937628378e-01 4.545275978959706364e-03
-1.417832147133559317e+00 9.292709965458006982e-01
-2.995285910066968205e-01 -4.452771870477797433e-01
-1.074911208882981306e+00 -1.007817840201610027e+00
1.419329764169438235e+00 1.888794230070438562e-01
-1.462483376382898381e+00 -1.312414973467489254e+00
-1.136721964441070321e-02 9.606999190632500851e-02
-1.104448948514332951e+00 8.015317136172861456e-01
-6.504964102306253215e-01 -7.024105306575576524e-01
-2.061905808876634549e-01 -1.543423737363290860e+00
1.635198095368652460e+00 1.095121235917449587e+00
2.977130069603268758e-01 -6.960052218285840420e-01
3.979135047707730855e-01 -8.401801135514748164e-01
8.141197255399549304e-01 -1.590098758720628780e+00
-7.087065499511040478e-01 -9.305601562541703231e-01
-1.312986146139673238e+00 -8.831638663395828814e-01
-6.508535146665815896e-01 -6.257209806856212087e-01
-1.258113053082718480e+00 -1.131129949052184891e+00
-1.421518295045741009e+00 2.487581021415070093e-01
-1.110775036946140659e+00 -2.985687484332948394e-01
-5.331163263160341170e-01 7.685908762564237495e-01
1.049381520924281386e+00 1.529904462305227586e+00
1.510176906315151779e+00 1.584508622615447226e+00
-9.881771669074513875e-01 1.020013451152554040e+00
-1.179826143778643033e+00 -8.931167804839947877e-01
-2.626653435641640444e-01 1.069905124015344100e+00
-1.412648822804074833e-01 8.628280796814579157e-01
-3.137017694741062179e-02 -1.322001027090753178e+00
2.765200185031091440e-01 8.676532449844739370e-01
1.285698713287963368e+00 1.657552070219048712e+00
6.002714970584763221e-02 -1.189449527965658504e+00
1.753822396829360475e+00 -1.570064325439394448e+00
1.260500669993796841e+00 4.950508392471861252e-02
1.150269790637493905e+00 1.431969606821668073e+00
-1.224477265627363365e-01 -4.557755711179208857e-01
-1.006374801104474859e+00 9.569434798310164636e-01
-1.369960954271587816e+00 1.254174286840906261e+00
2.835709166197523667e-01 -2.966489830668969652e-02
-1.253047713251928819e-01 -9.463481623422582700e-01
6.515784252391012554e-01 -1.353853369707379128e+00
2.238713771595079449e-01 -1.096248084570848880e-01
-5.065972824137794372e-01 8.771022647466605870e-02
-7.563884049243604357e-01 -1.347479501615145514e+00
-6.426250526050947265e-05 -1.219677689882225913e+00
-3.932214062518468722e-01 -5.640154819651607143e-01
-1.212012146361387543e+00 -7.750346515968343786e-01
1.431253324062753851e+00 -1.514355201714014720e+00
5.603650766639599601e-01 -1.398365884458170783e+00
4.951435164253269461e-01 1.121668760431459910e+00
1.386305465857662789e+00 1.846270880318777452e-01
1.067787556086516876e+00 3.968073259134739794e-02
-7.949637294355731409e-01 -1.700954960766884350e+00
1.588598011526406673e+00 8.200769518684294934e-02
1.088666329313118020e+00 -7.088456342440045965e-01
3.667191282305963251e-01 1.335857018423495468e+00
-1.470679642182490365e+00 -6.404102639945130626e-01
-7.999243342223570918e-01 -1.191915804935910428e+00
9.122275089793684399e-01 -9.920132835764443602e-01
-2.022085412125185500e-01 6.493121621739441629e-01
1.071475485920941217e+00 1.174178488298420531e+00
-1.026717271137240761e+00 6.151361899110815434e-01
1.481448402688229304e+00 7.287051767465808627e-01
-5.064003001899599621e-01 7.313615743025154714e-01
-1.103914699644092501e+00 3.542611903316057465e-01
-1.716393313703313606e+00 4.344403263551568362e-01
1.327179970519265506e+00 -3.858727359273163016e-01
1.021631936121428996e+00 -1.269671870253393120e+00
-1.162196880934189824e+00 5.080535449959245886e-01
5.571309938399565675e-02 -6.023295326896337398e-01
4.700317718242025267e-01 -8.355637411233040046e-01
5.601118320615674495e-01 -1.276232011566797553e+00
1.561679778193233226e+00 6.372702925051585421e-01
-1.095821489569388379e-01 1.199481284367836853e+00
2.882026598473991230e-01 -6.900188729233714957e-01
5.966630452980756782e-01 1.070006560924731343e+00
1.326520161447035218e+00 -1.161309300858579086e+00
-6.840554771098467102e-01 -2.745053379409375660e-01
1.291088523154011014e+00 9.890758226152499555e-01
-4.148546804066310378e-01 -1.669685258613197609e+00
5.875839815979707614e-01 -5.407612361891035446e-01
2.913114957201259902e-01 3.478424687969536855e-01
1.575076296144620969e+00 6.330329645555009543e-01
8.113550035566179375e-01 5.141344220107585405e-01
-1.544824606508387266e+00 9.753435410261761529e-01
-1.239701722442912768e+00 -1.205893995815001674e+00
-1.409324920764627898e+00 -1.530491850261882059e+00
-1.337755936748975749e+00 -1.046504295656601302e+00
4.036579571767775487e-01 1.554128018498336095e-01
8.719226339960199912e-01 -7.666981213285034569e-01
5.878125942000662629e-01 -1.037122710244383184e+00
1.011558942675628181e+00 9.826472928789703465e-01
-6.409695609837154917e-01 -4.413091054380635647e-01
1.593618814496817193e-01 -1.663416234542577810e+00
7.389173643663415891e-01 1.009147673905702147e+00
-1.559959823808333201e+00 1.212266319865973108e+00
-3.224683313245234606e-01 -1.145888244130936373e+00
-9.771279467107976124e-01 9.334558048441473632e-01
1.481740740014700464e+00 4.060019618626844462e-01
9.266559233601850964e-01 -5.099012101664381902e-01
-6.185215730513563687e-02 1.766973930967237871e+00
-1.183216064864642370e+00 6.504113370875311828e-01
1.069785057323028532e+00 -1.247800481701731856e+00
5.175478661407022507e-01 1.558562344650537224e+00
-2.979402576220540055e-01 3.303940187352737146e-02
6.194875103253538740e-01 1.509826272394482638e+00
-7.197393405532696020e-01 7.105535441359931426e-01
5.927872868785531990e-01 -1.055059696496921662e+00
2.017249965225221264e-01 1.109117953568425241e+00
-4.481180592162476578e-02 1.151360047965463984e+00
6.198140905828977698e-02 1.519174354418541428e+00
-1.790446192141414983e+00 2.690816502080329298e-01
-7.835555671665226374e-01 7.996726930991904236e-04
7.871957374095872595e-02 -1.307044093724731626e+00
4.087436974530996858e-01 1.482405804168973329e-01
-5.790981627623043027e-01 1.397134663545668731e+00
-5.328816394254443090e-01 4.800461338596194727e-01
-1.523599315569533541e+00 -1.568961672608244040e+00
1.690531675951403745e+00 1.242091938169315846e+00
3.437327200881715172e-02 -1.717991533493164358e+00
-5.257104686249935988e-01 5.576909590015434182e-01
-3.355068037376855994e-01 1.192507088666353576e+00
-7.107797888982166912e-01 5.467717955783214512e-01
-8.447225826287473038e-02 1.164513599500472951e+00
-1.838347499223184744e+00 -2.623150824984695761e-01
2.036239867291531169e+00 1.365015402837315373e+00
-1.057741199867931581e+00 -9.274099896970435797e-01
-6.036193863262481196e-01 7.670994963905429787e-01
-7.026951068225370522e-02 1.479159158500393145e+00
-1.063490321099272329e+00 -1.309031834377849535e+00
1.325063556505006623e+00 1.163815287015345312e+00
-6.563447598894452950e-01 -1.364008675320626807e-01
1.010129030660753990e+00 -9.093081101484337125e-01
-1.869430900955103780e+00 -8.430082015537408990e-01
6.725491473217423133e-01 2.896800601060268709e-01
4.177158022091387313e-01 -1.147807198685195429e+00
-1.429810067879871971e-03 -5.695651949891814558e-01
-1.432493196333521013e+00 -4.257260307628916163e-01
-4.844911347588299888e-01 -7.195845628783045789e-02
3.432274828248425003e-01 5.426263568704645657e-01
-1.236687543381925103e+00 -7.816575167519596024e-01
-2.584165462339139685e-01 -3.730226641886604799e-01
1.648925975035501423e+00 -1.263168749369277144e+00
1.753644217279043960e-01 -8.939677158192776973e-02
-1.510869741598020788e+00 -8.054197465615956508e-01
-1.051786672982296250e-01 -2.617112511339664271e-02
1.674550974116311597e+00 4.377509289079273280e-01
1.053584030223173595e+00 4.064187222054761461e-01
1.403685048620478160e+00 -7.957897512409080054e-01
1.142159327346368158e+00 5.827099205535719584e-01
-1.147617947968676333e+00 8.135889255723826041e-01
6.186563737103285554e-01 -1.951638589192978390e+00
9.602122670759477563e-01 -1.352941786161061755e+00
6.912445060181250378e-01 1.464214504779257631e+00
-2.754157434445242969e-01 -1.408843974112765851e+00
1.243295810215394148e+00 -1.347365039060523406e+00
-1.573832854141076210e-01 -2.075152067051214411e-01
1.199186790372282374e+00 1.792602345303713762e-01
-2.949994429204372270e-01 1.076823614548360286e+00
1.558577966917341850e+00 3.284852430388881528e-01
-1.673064273507714361e+00 5.883017301368088647e-01
5.484583721494994402e-01 8.499992607433934366e-03
-1.317386191017476449e+00 4.599327319883189658e-03
-1.594972996992805037e+00 7.404951421399661449e-01
9.362424019007485887e-01 4.779406869871128949e-01
-9.826279320799642392e-01 -1.778996418226541421e+00
-1.468903249279138290e+00 5.137895572776741693e-01
1.114567266568126935e-02 7.060281228270812726e-01
7.255827247624327958e-01 1.095937829526148377e+00
-1.490778263469821674e+00 1.907198111202430324e+00
5.256322303197087376e-01 -1.508505360993308120e+00
9.664699856802890787e-01 7.510728224867752045e-01
-1.489955310400922439e+00 5.940361466701885584e-01
-4.059942773237260605e-01 -2.460481604636392261e-01
1.057100299059923643e+00 1.266324475984498044e+00
-4.082331091975130444e-01 2.467342817302214109e-01
-7.757417293561263971e-01 6.396769504098868131e-01
1.534218659196573853e+00 -2.374157707108256188e-01
5.386628792800329801e-01 9.730440545317347034e-01
-8.652903717729321098e-01 4.050607392093773240e-02
3.106648104229432494e-01 6.188635480733145622e-03
1.132412485511782752e+00 -1.133093485534156120e+00
4.600523868508274439e-02 -1.565767654057896863e+00
-1.713742268903308830e+00 1.209128641141957505e+00
9.460605860373997311e-01 -7.039074262761368939e-02
1.006220532687680524e+00 -2.564422475142644209e-02
7.310597692236091572e-01 8.810924840725943286e-01
9.281047431350232246e-01 8.085208370554092250e-01
-1.319494081748150638e+00 -1.009396289159586013e+00
8.861303353347833589e-01 -3.356770551497685329e-01
-7.839195149063084012e-01 -8.658521365137139547e-01
9.262722511090973887e-01 5.590854035579907733e-02
-9.590789988130556942e-01 -1.486468487876010658e-01
7.543385658907146851e-01 1.305120660208274330e+00
-9.716738852289944495e-01 6.880201375887390336e-01
-5.995106404509235182e-02 -1.321178528727343926e-01
9.323923272024914333e-02 -1.286472547111072728e+00
-1.433288749167880738e+00 3.204013744030757005e-01
8.579151017465561635e-01 7.100299426658129853e-03
9.569166899993427622e-01 -8.411997533577280084e-01
9.150044227251100115e-02 5.353408838185157448e-01
-7.792009206727497084e-01 3.034605520377224308e-01
7.360842776090844586e-01 -1.430252089269107740e+00
-3.962493713624292146e-01 -1.149475331589130400e+00
-2.049306701639115325e-01 -8.727236554311466055e-01
-8.566194943726429534e-01 -8.862132541584937240e-01
1.225517334764709698e+00 -1.423987528130055968e-01
-5.161762842745186708e-01 -2.321468676162447842e-01
-2.303120802253874611e-01 -2.844744130189464926e-01
8.630636877559655362e-01 -1.278533221233573602e+00
-2.020159517563897555e-01 -1.027712984176802014e+00
-6.277687136099968646e-01 1.799993686266855075e+00
-1.031194403318380637e+00 -1.438650052356969633e+00
1.743432898324278058e-01 4.012575902070898426e-01
5.933992590132113332e-01 9.386254768951088900e-01
2.413800941980394077e-01 8.356747968206643673e-01
-9.079443322605964539e-01 9.318274953116820747e-01
-2.358528856686611108e-01 1.535900597048747152e+00
1.316505026337063899e+00 1.218840352915527975e-01
-2.908886045219820360e-02 1.055325217932599147e+00
-1.232266475231463820e-02 6.085801443671490230e-01
1.606561562501400253e+00 -1.162919548808300618e+00
1.336324049420628768e+00 1.416932663725315011e+00
-5.796700842532664932e-01 -3.484415769513061756e-01
-1.011482635624026294e+00 -1.484051841056213350e+00
-1.053959249950585431e+00 8.933619657033172734e-01
7.089915646718976117e-01 3.685768340495370055e-01
1.144564776651031845e+00 -1.506005805214274185e+00
-2.988912022159363469e-01 -1.314841091067016521e+00
3.159800249803970673e-01 -1.008099359839123910e+00
7.749175279173888820e-01 -1.048779635190864701e+00
-7.317286850682842569e-01 -6.467381454823277753e-01
9.945026418240624499e-01 -1.078286279865064978e+00
1.056173607811955240e+00 8.958018264848635059e-01
6.556560531394264868e-03 -4.569966945616558140e-01
8.671834613316560247e-01 5.424910330070549236e-01
1.055787832803041226e+00 5.666165901510804570e-01
2.733030051349595313e-01 -1.283850108191851414e+00
-1.604662751112481800e+00 -1.527536299596012892e+00
1.476915504628938614e+00 -2.916281099638525776e-01
5.777127771569553483e-01 -1.574629039834061217e+00
8.629697463391312606e-01 -1.045571879946410432e+00
1.888312682947252075e+00 -6.729369711405374099e-01
1.328300469233579584e+00 8.387627566369069143e-01
3.624974918687399739e-01 -2.859843542677312778e-01
1.307268459572418884e+00 -3.801174000162043098e-01
-4.371901332839939758e-01 3.028375379543317147e-01
-1.087362241829795462e+00 8.678912720256798385e-01
1.530163547536479207e+00 4.686694216891933440e-01
2.593442334233655444e-01 1.543002720740420219e+00
-1.357853014941733161e+00 1.188093725073084833e-01
2.178564671984572487e-01 1.899230154156651140e-01
1.127660116063429641e+00 -6.544171946777452842e-01
-1.675829466164402981e-01 1.288125991997728814e+00
1.014422486737647233e+00 3.586093851759321049e-01
-6.037909443983104779e-02 -1.501242607812666607e+00
6.376481592397389986e-02 1.349465853659534753e+00
6.289263590424509776e-01 1.476972258600046439e+00
-1.520557009306791496e+00 1.083491240188883875e+00
-1.178998180109800842e+00 1.505744577811191975e+00
-1.686643104463892984e-01 -1.336646908903208697e+00
5.648844340695721167e-01 -1.167889859705047551e+00
1.069895306595248119e+00 -4.996808603927953563e-01
-8.721816965366853136e-01 1.604133435368548577e+00
-6.246385439494817060e-01 8.600797287480902442e-01
1.540187114231780008e+00 1.963046654952578018e+00
1.117727369966603934e+00 -6.821817007145394296e-01
-1.041055090741363376e+00 -5.597542643978621335e-01
1.374591989897359923e-01 -3.370502152905565652e-01
8.510839421481183331e-01 -1.554266360992549778e+00
1.045209863444020559e+00 -1.420750881866721604e+00
-1.671400575545906264e+00 1.313960367427345011e+00
8.044013092358912598e-01 -1.869885792765107357e+00
7.321400128440256339e-01 1.227358373384061396e+00
-1.167103221033144678e+00 -5.843447234017576930e-01
3.952615801818389341e-01 -9.049462205633660439e-01
-8.253809939840711651e-01 -1.157381206215553737e+00
1.671650612500204525e-01 1.351327454831785513e+00
1.645245076522770855e+00 -8.256162779372985261e-01
4.114787785070169734e-01 2.071438037075142014e-02
-7.198744952181563850e-01 1.231379349395641976e+00
1.415445448255683747e+00 -2.037568784301777292e-01
3.058921738096393450e-01 6.209780836624131384e-01
-5.466380655221458884e-01 1.548591466724684951e+00
-3.450139726345683444e-01 8.516741896688442282e-01
-1.440545490913927917e+00 2.889311968513910145e-01
-7.782711324025819444e-01 1.202880526439179976e+00
9.613420195457201833e-01 2.002217782892544706e-01
2.260179659488766313e-01 7.623062105517428577e-01
-4.521306495635150635e-01 1.225267721423538569e+00
2.025783272280279879e-01 4.597417761089463983e-01
1.816725667324252669e-01 4.337815444021613231e-01
-3.123504090197027905e-01 -8.837716357762717134e-01
-9.310230678783497638e-01 -1.606138384192239199e+00
1.169567291739432857e+00 8.807553604457871721e-01
-1.339893681591254104e+00 1.074884042131303952e+00
-1.478255075927248363e-03 -5.026498488591144564e-01
-3.388394073437036802e+00 6.871122794487324326e-01
-3.327266550075463347e-01 9.016301652011461387e-01
6.672971220900495437e-01 3.638824927592451131e-01
-1.117007465338930139e+00 1.358130124075411560e+00
-1.074506738626516689e-01 -9.929428681092957731e-01
-2.896145144928178317e-01 1.520842592137629623e+00
4.595750329972364545e-02 -1.445317610723726443e+00
-1.082300691056694575e-01 -6.000458068961822544e-01
6.277437946742905339e-01 -1.081322161386459202e+00
-8.199364792603907048e-01 -1.378471614617326146e+00
6.208792749502427544e-01 -2.592466214646511613e-01
-2.041039080954493823e+00 -9.237583486609540762e-02
3.283557892263624378e-01 5.091594089120250466e-01
-3.733415985549262128e-01 3.212794698227418588e-01
1.661405290410206792e+00 -1.146652579221709933e+00
2.143799836755767019e-01 5.109740985084347820e-01
-1.446513374573515920e-02 5.764797207815728353e-01
-4.461958843743682457e-01 -1.684339481390132676e+00
-6.599889527915775433e-01 2.475889214463573018e-01
-4.896367885655520946e-01 1.112305714240189314e+00
-1.358616450661770614e+00 7.873499337183692548e-01
5.018657975052177589e-01 1.089015904440646887e+00
-4.180588461902084441e-01 -4.963097589021358003e-01
-1.426196519796224527e-01 -1.029868280539619763e-01
-3.621301550892013776e-01 7.031016070921385364e-01
-4.123231176114764973e-01 1.286320206570785718e+00
-4.122849912554064911e-02 1.113788468718124092e+00
-1.370247191248978869e+00 -8.062444840907184718e-01
5.835530256257089876e-01 1.446142432180757220e+00
-7.513635115785695096e-01 -7.750404131735890711e-01
-5.701156668220340729e-01 1.784792485713908139e+00
1.466820201727912387e+00 -1.537513028860679531e+00
9.047610397151449879e-01 -1.046976232720131517e+00
-9.273703735528292524e-01 9.438126161818588544e-01
-2.455864628974353259e-01 1.391707768757780572e+00
4.635342315401416169e-01 -9.670590478056564354e-01
-5.779809015087165047e-01 -1.090186588008095425e+00
-8.299699076575579593e-01 -4.901438930961412588e-01
-1.779689869636420951e+00 9.580700897509858427e-01
3.712294047518795437e-01 -1.064616758261098139e+00
5.568629307108466930e-01 5.816740654089000984e-01
1.085542519335800815e+00 -1.918383773537103654e+00
-5.303217987922529408e-01 1.314321734047799062e+00
8.807460979185841587e-01 1.714554381342204836e+00
1.132142690288422848e+00 2.866342088114873787e-01
-1.109237756903399763e+00 -4.251113264969164085e-02
1.210956991131311167e-01 1.314114573579594270e+00
-9.711032352013657665e-01 1.611255193481140102e+00
-1.710376625969545650e+00 1.155284998611405101e+00
4.953076352168080954e-01 -1.233802769006206779e+00
7.142652053449702887e-01 -9.080874956457491987e-01
-5.338313265424807219e-02 -1.131686346882420535e+00
1.605867997482721132e-01 1.005639224952373345e+00
-1.736844375470171009e+00 9.556816982896476631e-01
-1.634350400640151246e+00 5.242297166516562967e-01
6.742922435185383367e-01 -1.599133878721295865e+00
-4.904075816730897597e-02 1.422007170776783402e+00
2.295208426567723614e-01 -1.463679872040321905e+00
-5.293259257155345787e-02 9.228387445179720983e-01
-3.264533415118148207e-02 -7.856969709569076032e-01
7.164342523012234842e-02 -1.601036013005307401e+00
-5.484368828087339276e-01 1.136115139684319209e+00
-6.785656732937908053e-01 1.237880060747404531e+00
-1.013267571482697527e+00 9.100019735628416262e-01
1.499181560039049010e+00 -6.773293250148818001e-02
-1.303832259631908741e+00 -3.601183766192123104e-01
8.873605604975802752e-01 1.428872356254130116e+00
-3.074589418958095788e-01 7.445671505944945201e-01
1.541257876288617545e+00 -8.662430872897061152e-01
1.409533511623770163e+00 -5.341090066453673124e-01
1.326644217306578000e+00 1.138013675722720081e-01
-8.864217904907352175e-01 4.476335028863638599e-02
-7.199357291569797868e-01 -9.948498321552843304e-01
-7.153315201445628602e-02 5.815938667252639194e-01
-9.920620071885170033e-01 -1.554385369710534981e+00
-1.092900098621925054e+00 8.547758541512241459e-01
-1.865953006656921875e+00 2.134163208158103286e-02
-3.144195798978778322e-01 -3.087092828065590489e+00
3.609814239419652515e-01 -3.365001416131702117e-01
-1.467473466304096696e+00 1.352522799022787492e+00
1.130029382558768170e+00 -1.475855705210327606e+00
-2.723618990142417373e-01 -7.081574501450144110e-01
-9.123792421229366401e-01 2.852313277475792552e-01
-1.541907324911987676e+00 -1.595164698716050600e+00
9.588696442990251034e-01 -1.487328128349145295e+00
-1.182870899092564709e+00 -1.422371491781925235e+00
-1.564722653148634013e+00 1.188260740291390061e+00
1.775916731509830981e+00 8.489300161404593759e-01
1.477466474093210635e+00 -7.810850815293913785e-01
1.423721974474237428e-01 5.335063025565607298e-01
5.965146837469764707e-01 -3.840476225380898834e-01
-4.972417819831149721e-01 -1.235850121176032657e+00
9.066050993098696553e-01 5.950519501970858993e-01
8.597793100705053426e-01 7.995427679008799693e-01
-7.541564017978426016e-01 -1.249879008495926813e+00
6.440761141335360485e-01 1.479767092027498565e+00
4.377719218682831759e-01 1.224070350153899200e+00
-1.233704678886105022e+00 8.178432539571546533e-02
6.904953897483706582e-01 -9.413296277544411228e-02
-1.633551619116787035e-01 4.492637899180940142e-01
-3.592468168004617213e-01 6.437230032000768043e-01
3.897721420829647343e-02 -1.368526463547484195e-02
6.871010244992231675e-01 -5.300687115495908985e-01
2.445934881196064059e-01 -1.114041682185175963e+00
7.010133825325185475e-01 -6.359844776248529952e-01
-1.234921314229076472e+00 7.702406615623358377e-01
1.500227943794067098e+00 1.122077058455392518e+00
-1.673219095363965625e+00 5.956443220415104101e-01
-8.362073621371480803e-01 -1.461064154215054423e+00
1.949676125346884725e-01 -5.822920842193548552e-01
3.774272560871228532e-01 7.709637591169072879e-01
-1.297191938520656063e+00 5.002019553435611554e-01
-1.494147209154205402e+00 -9.077311719185865435e-02
1.518947716008048232e+00 1.918137412726459989e-01
1.856053391187817425e-02 1.880696616334784632e-01
-1.446042870193466001e+00 -1.329335584193241271e+00
1.561000561184680446e+00 -5.819821334775183708e-01
-6.289826284904322939e-01 3.478257129095541078e-01
-1.107206563535029886e+00 -1.292050722553167885e+00
1.910378052497808454e+00 -9.919545059309522461e-01
2.863303120654386302e-01 1.337605595866200536e+00
4.823443126658467639e-01 -1.300647779976130236e+00
1.311715484773884555e+00 -3.326249196280142151e-01
7.610479336105894221e-01 -3.430076136114599272e-01
-2.333255421649158834e-01 -6.812160379978564606e-01
1.344923812676022568e+00 1.518065290525159483e+00
-9.399355704261745936e-01 -1.511833236715068196e+00
-1.335239546142383826e+00 -1.633747262528785216e+00
1.615320013048091585e-01 -1.353450213887727571e+00
8.724855064617403899e-01 1.216205345288180473e+00
7.989209770921797960e-01 3.498160138282475629e-01
-1.614293650379057699e+00 2.000281329545382292e+00
-1.031863877776837413e+00 6.876924795229908405e-01
-1.295260174893084315e+00 -1.314792353210222364e+00
1.519598105876637018e+00 -3.067022864146554673e-01
-4.038903889633374544e-01 1.347207256921530094e+00
-9.570061501167632656e-01 3.235363055174560465e-01
-3.490177257384787790e-01 -6.238357455015871578e-01
-1.311109592012765557e+00 -4.051530100985085703e-01
-1.078434243990964436e+00 1.148225719680037171e-01
7.044749795660582015e-02 -3.931454395988971395e-01
1.082815122371465044e+00 4.194943172258303044e-01
6.272627851488085104e-01 9.407133188962415460e-01
2.053363083399392663e-02 3.742688461181638004e-01
1.218238332195524798e+00 1.435286941592470722e+00
2.163227850795780283e-01 -1.300684030661311885e+00
1.448001201379863989e+00 -7.022053214117300879e-01
-1.357933615084092605e-01 -1.259990909431770723e+00
-1.683370101760862103e-01 7.462382948178016839e-01
-1.288924033759772936e-01 -1.451858735503847475e+00
-1.304179031710939629e+00 1.082279976760191831e+00
-1.353985077273467397e+00 -4.158299713077565074e-02
9.313947707612363347e-01 -1.200992956898548680e+00
1.199179736009213237e-01 1.278339257607728374e+00
-6.960242125301820126e-02 -6.310255541919865818e-01
1.344714215425357295e+00 -3.276035460022538315e-01
1.089405965362673090e+00 1.194519256504188442e+00
9.340823065364479705e-01 1.694342265603645981e+00
-9.935282770019048248e-01 -1.402480381602202897e+00
-5.529831700963209196e-01 -1.057415014572103962e+00
4.769629569081442755e-01 -1.705722112564216630e-01
-8.176008624844594008e-02 -1.037310248384020195e+00
-4.541176597165383355e-01 -6.719137577630002189e-02
-4.332700174190334819e-01 5.588088711161695032e-01
-8.969939899887335866e-02 -3.633725572174965057e-01
-1.330035180618882873e-01 -1.410589554198274920e+00
-1.481476022296279726e+00 -1.122598857633605451e+00
-1.757839392774422471e+00 2.065039282535438836e-01
2.341297530609708910e-01 9.951983522761173040e-01
3.069961634870213008e-01 -7.981942628339379064e-01
-7.363976301737727992e-01 -1.238320921671482777e+00
-1.077285655102776962e+00 -1.028793108163495562e+00
5.693768490765929169e-01 -1.045311800662872992e+00
-6.374304813812028403e-01 7.835625690617602501e-01
1.297758556146520192e-01 -3.853488204487706681e-02
-1.445486106245007729e+00 -1.751658588251989945e+00
1.514017114462007374e+00 -1.591039747024949769e+00
9.596820505126791856e-01 4.637235063020025416e-01
7.230899212797109454e-01 -1.004982675518300006e+00
-1.904031462724534496e+00 9.912440481116033819e-01
1.698593855753392778e-02 -4.474326766208688300e-01
1.592326137063368119e+00 2.062365321421404107e-01
-4.289129849502099634e-01 5.810117353308354993e-01
-1.150707583640846465e+00 -1.030440691373994078e+00
1.362176865994244590e+00 -1.090660830257693115e-01
1.282191995051586542e+00 1.631054197572762987e-01
6.399287881006560097e-01 1.490152011158458967e+00
-6.741125858493736134e-01 -7.905754349350219146e-01
-1.243519028088005740e+00 8.354523140287906102e-01
-1.254415768776614648e+00 5.181464212536551761e-01
1.228950319531248336e+00 -1.433394743552357964e+00
-1.559119802473848626e+00 -1.312277109691409649e+00
9.106925962576987166e-01 -1.133428501046495340e-01
-1.310699359618877846e+00 -1.077209445790328068e-02
-1.281442900398521711e+00 -8.548960609461578875e-01
1.338758425132759111e+00 2.471698098525580423e-01
1.341643159784582651e-01 1.232827386401066816e+00
-7.661449427656741307e-01 -1.475583101636522398e+00
-6.867094048180650834e-01 1.115589588847843983e+00
9.345320948477336964e-02 -4.695748359240582426e-01
1.446079030800876186e+00 9.393858244229810195e-01
1.812711298163723339e-01 9.149010164641768750e-01
1.649070742128627476e+00 -2.364694608814733312e-01
7.413082541984865603e-01 3.252196692355611152e-01
-1.117121175509976361e+00 2.276905990117115142e-01
7.050518225825150864e-01 -8.654524570850495868e-01
6.901849035902855034e-01 -1.102943283035497490e+00
-1.060800196989553967e+00 -1.790992617262959108e+00
1.149533651900488174e+00 5.721031342796911723e-02
1.301970670853801693e+00 -1.412395582295323582e+00
1.404425243011197810e-01 7.885132072539122738e-01
1.554688068869269357e-01 1.047427338074574665e+00
-3.714953487359519135e-01 -1.079193588859578501e+00
9.503443812626023446e-01 -1.170617754533408439e+00
1.309671694163816458e+00 -9.368888942375580564e-02
-3.222834497748252591e-01 7.092846774738097437e-01
-4.682291395253654898e-01 7.333740561509956013e-01
-1.328749857826860392e+00 7.174009689360876241e-01
-2.239862142974541337e-01 4.350558582226377036e-01
1.797393569526397616e+00 -1.429391500136649451e-01
-4.646450733939443967e-01 7.123747409672025466e-01
-5.995971119687706352e-01 -3.049824939861759621e+00
3.842947037595430548e-01 -4.082898873532789796e-01
-2.910329470365427551e-02 6.214638315391572965e-01
-3.605154226084176239e-01 -6.070150066392665522e-01
-3.257748381917804359e-01 4.045837761034176694e-03
-1.304483516425161582e+00 1.039808878856486873e-01
6.073839065172251805e-01 7.638872165173036244e-01
-9.235452264740680040e-01 -2.945941725173483183e-01
-5.310561703398826161e-01 -1.292567309139072418e-01
1.546467255349935677e+00 -9.723439336125698773e-01
8.022854953839997361e-01 -1.295868586493533092e+00
8.286185276609049355e-01 1.488936558581963832e+00
2.628372382455276268e-01 -9.045569127476726923e-01
-4.308009639478076885e-02 1.489367379576687744e+00
8.537831363484517100e-01 3.416606630060838867e-01
2.002732439382238216e-01 -1.972330489232524631e+00
-5.670913670857009869e-02 -1.499301676609967604e+00
1.832857541097678400e+00 -7.867111363335927976e-01
-4.387870725894370549e-01 -1.171687529959764551e-01
1.380615111866537514e+00 -2.688556949011172703e-02
-8.093005576810261559e-01 -1.330770729692159149e+00
-1.381863228219990525e+00 9.156692365219581964e-01
2.330870826210140190e-01 -4.253521441270049497e-01
6.812847813883828874e-01 -9.393109608633962160e-02
-9.142620713726211379e-02 -1.359346690867685892e+00
2.693248218510122527e-01 1.297234599656787335e+00
-1.695605326574773919e+00 1.038886641763261676e-01
4.210009202052364952e-01 -5.505498493586942210e-01
-7.433201203170233251e-01 7.410082575881299372e-03
-1.661039398273989942e+00 -1.041933535303379177e+00
1.047491600471984530e+00 9.990248655366720243e-01
-9.249747478173421245e-01 -8.932117337264380286e-01
3.845881620830075565e-01 -1.457990197170691227e+00
1.258169751744999232e+00 1.271727477240343518e+00
1.222182678808350076e+00 -1.160279283122902738e+00
-4.751674946053116022e-01 -1.404220463138979635e+00
1.484656139077684678e+00 1.056544019004774237e-01
1.067771756575651931e+00 -8.783084065945561125e-01
-2.550854617187113815e-01 1.391836880692255640e+00
-7.357657414444314092e-01 -7.043115874761325390e-01
3.305606529787948333e-01 -1.098588770452705088e+00
-3.949524996761036300e-01 -2.009580302682818786e-01
1.134628910582156980e+00 -1.533246230945628730e+00
1.837888899344599203e+00 1.048612502377327393e+00
1.273621400391215186e+00 1.145092623323189063e+00
-7.967092737722770712e-01 -3.534894020742689325e-01
-6.640000374153275375e-01 -1.125869915024472867e+00
-9.469961724025449668e-01 5.637965655547669264e-02
1.166331966678669119e+00 -8.838893672279013458e-01
-9.721149220935380031e-01 1.281461188536836993e+00
-3.184150087359033376e-02 1.386105448189184353e+00
1.509003150381389435e+00 8.363945372386771826e-02
-9.798489145969762060e-01 1.262800480675974946e+00
-1.476960522814336318e+00 -1.152631881402058411e+00
-2.911180608167753814e-01 -1.831024630970099931e+00
-1.552848098537014665e-01 7.865750975896990127e-01
-1.187239368116434601e+00 9.976696452011176719e-01
-5.430920543413484403e-01 1.724788113573487713e-01
6.707360427081223708e-01 5.356818722809107980e-01
-1.234762798683689961e-01 -1.208021818435982553e+00
-1.386093724353942847e-03 7.096326685781380039e-01
-3.044373197802736630e-01 1.690972505651628932e+00
1.548445483984068893e+00 -1.548113602776005848e+00
-2.680110455617746856e-01 -9.018566833355396994e-01
6.176693177219974018e-01 -1.658040915302048557e+00
-6.715591500518940382e-01 -9.578847141830968415e-01
-1.420875916453860022e+00 -9.068747775767591612e-01
-8.924572922589709689e-01 -7.618948077915613792e-01
-1.608490389698197021e+00 1.235883892021250263e+00
-7.563565981130327964e-01 -1.353547369537226430e+00
-3.699893845201533971e-01 -1.543808155903255486e+00
-1.378820720166757940e+00 -2.102036634515035196e+00
-6.130319098401318945e-01 -1.375140347993038858e+00
2.966676868181676863e-01 1.400791546197053705e+00
1.425284516552272507e+00 -1.484826739400628925e+00
1.753342563954116695e+00 5.874667144211455083e-01
-5.065831055501225366e-01 8.826219570466721231e-01
1.627746673116389875e+00 1.356627994985304175e+00
1.254970241835487776e+00 2.180883704132815515e-01
-1.474446575428670414e+00 -3.054311697222351629e-01
-1.033384849217760415e+00 1.169265608828712777e+00
1.686492474455638657e+00 -1.182180700639472892e+00
-9.391228887053856278e-01 6.429095023216200300e-01
2.122112428839419973e-01 -4.810703299028777913e-01
-8.274852003809388679e-01 -1.153015082490067789e+00
-4.165055558495092680e-01 -6.640222688350312374e-01
9.928396728811835770e-01 -2.909561874484950517e-02
-1.442426904569095392e+00 1.144972319308060094e+00
-1.085698508199570422e-01 -3.755401917488188079e-01
-3.824122424200146475e-02 -1.475214626010591834e+00
-5.464061857225246399e-01 -4.369325837459094863e-01
3.627825771574462732e-01 -1.435524961302824476e+00
-7.341108210172494486e-01 2.281083276230437829e-01
-9.276143151199521819e-01 -9.664135542309459925e-01
-8.488849084827593261e-01 7.223623953219178162e-01
-1.209122636354917457e+00 -3.298299306338171588e-01
1.301082232150758689e+00 -1.152994056499120790e+00
1.598347568339599789e+00 1.059189460833085183e+00
1.608565128505647923e+00 2.877830102314231642e-01
5.461451225947342447e-01 -2.286648173853601251e-01
1.069958213090861587e+00 9.873252555988623058e-01
-5.245527558235147936e-01 6.962181989491176282e-01
-1.154843579978972468e+00 1.319762912762706852e+00
1.462530480775392050e+00 6.757938049812601822e-01
-6.202335077620917403e-01 1.291233790120569935e+00
-5.084513510169135220e-01 -6.912774404879415968e-01
2.733514923802787822e-01 -4.033719753859041912e-01
-1.499614754911078596e-01 1.118498871523643245e+00
-3.192718709929489584e-01 8.861717093921614996e-01
-8.026477222184899007e-01 -3.573426260346366234e-01
-7.119767046854880155e-02 1.039611985109362813e+00
-6.623170312756041511e-01 1.495802926646640163e+00
2.544230267175733307e-01 1.004996224084475420e+00
9.324145046059139075e-01 -1.660592537685280368e+00
-1.113624377092985895e+00 1.029940060496999932e+00
-3.638505696619118157e-01 -1.172902680696083833e+00
1.857141958866593612e+00 9.976578508949144330e-01
1.532559204670042252e+00 -8.151537508628597939e-01
-7.580829689873854749e-01 -8.379213979135158308e-01
-1.514070704389074873e+00 -1.617015219521950931e+00
-2.211489474974586422e-01 -6.278862060541625656e-01
-1.441423433547056820e+00 1.190530202207437993e+00
-1.487767998488302990e-01 1.516941087123652609e+00
-1.153532734569542750e+00 5.227711529422321979e-01
-3.770695772872758589e-01 -1.249367598773721610e+00
-3.223074439645002842e-01 -6.058972424033296500e-01
-1.943214242533853331e-01 5.025043364186549955e-01
1.220881038900660798e+00 -3.715682345628147365e-01
4.627605001425499909e-01 1.322897208511469858e+00
2.709774658261110414e-01 -1.387161738316418536e+00
-1.282908633517717334e+00 4.532291264997428959e-01
4.837261223447946179e-01 -1.415497677463197490e-01
-5.835637575818313216e-01 1.799647447337421990e+00
