1.055231245649991267e-01 -1.106467439949852194e+00
1.573632971428857719e+00 1.236004656144675140e+00
-2.747848322887662231e+00 2.269623851758651778e+00
-3.331718535914842683e-01 1.206423790812562569e+00
5.813299671525259948e-02 1.337758050709346280e+00
1.035172679303927978e+00 6.524991767401135956e-01
1.517836087521033051e+00 -1.579924008286511361e+00
-4.446373343712444193e-01 1.596394476723780098e+00
7.288448656575383655e-01 -3.748821756222279755e-01
-3.639496031237969831e-01 1.745781001367182894e-01
1.213446554406234057e+00 -3.905712382161005691e-01
1.639182459406800962e+00 -1.257829602083304632e-01
-8.556635305760354471e-02 -3.864022047036317908e-01
-4.355358654558159071e-01 -6.366695243120512604e-01
-5.197899321041757892e-01 -8.246645421032897660e-01
-6.311599515912640346e-01 -6.584848672979086714e-01
-9.191812665088776590e-01 -1.843909103310477970e+00
4.613540540876140961e-01 -9.276958674829390850e-01
1.031109845440056683e+00 9.429120719116801386e-01
2.044250729690759993e-01 -9.117555077579099221e-01
-7.024887599583565789e-01 9.093042790118164298e-01
1.344136372665694523e+00 -1.216842730723837862e+00
1.342373156647129084e+00 1.004870371731671597e+00
-3.838848882265757378e-01 -6.789874983225661076e-01
-1.039654179282233137e+00 7.120501025162101483e-02
-5.858339716364180383e-01 -6.659172025711889153e-01
9.603262530997893620e-01 -1.124331100822902885e+00
-6.754813144990190477e-01 7.131323678445372627e-01
-1.031843475849931469e-01 2.885246312710450511e-01
1.300236528407698600e-01 1.879622372670559094e-01
9.761535592560955932e-01 2.176062306429945581e-01
-1.607082898805863580e-01 -1.445005215163972956e+00
5.528825566953009529e-01 -1.003763884155267627e+00
1.818952911617054191e+00 -6.349719308554313546e-01
-4.663174992024465837e-01 5.480147197395155434e-01
6.479116197964733814e-01 -1.526646930531767365e+00
1.672275116416554352e+00 -7.923945313686781011e-01
1.530375183205057832e+00 -1.079721745977637815e+00
-3.514010190678665269e-02 -1.322748027358806366e+00
1.166861392198531577e+00 9.214350375570705687e-01
1.017428182325403441e+00 -4.043726884105762198e-01
-1.734823870655276101e+00 1.040480983765008638e+00
1.557100462757508685e+00 -7.875235094977395267e-01
-1.497459179277350172e+00 1.180273821280612978e+00
-1.031005152322031382e+00 -1.299392569933057073e+00
3.547634360817980559e-03 7.531540413408022161e-01
5.174470815104037502e-01 -2.894541203386684636e-01
-1.318903197680312556e-01 1.175825116296151940e-01
-1.556677342857687663e+00 -1.113253963180502598e-01
-2.966975263445025268e-01 -1.152280455593259756e+00
1.440500793712130578e+00 1.228312913888343960e+00
-5.602601367096475826e-01 1.677465350745804384e+00
1.765629584710312339e-01 9.022238918071793234e-01
6.953746299419287791e-01 -1.493014469279268619e+00
-1.294819616438152687e+00 4.240482839820651773e-01
2.390202582537662157e-02 2.017311448885865388e-02
-1.147143653590004142e+00 -1.092022933615431235e+00
-9.637677782370139834e-01 1.560422777959946217e+00
1.347774576027532811e-01 -1.295754710399801057e+00
-3.939188303108269729e-01 -4.569678711803058513e-01
-1.155178775205627062e+00 9.736507255239251757e-02
5.230271058956261765e-01 7.780910436930368324e-01
-4.873958460780126734e-01 1.514083227175171409e+00
1.631307323812416055e+00 -4.264789350847883465e-01
7.109967255447253720e-01 -9.851133941862714183e-01
9.069028221708521631e-01 8.477065222981154946e-01
-1.171613382478123855e+00 1.061575492503370910e+00
-7.506877548400714417e-01 -2.173598045339094620e-01
-1.008774573739189995e+00 1.411387572785557376e+00
-4.143019559727501022e-01 5.034419189588398291e-01
-9.348202552142781396e-01 -6.102191245408143949e-01
-1.349792191712684719e+00 1.297830264389443489e+00
-2.644773185341888766e-01 -9.057271934015392878e-01
1.519507948109327433e+00 5.234189544017443796e-02
-1.077580041226674723e+00 -8.172531678107611830e-01
-7.437774864062668412e-01 -1.177211493151447907e+00
-7.485610699125793133e-01 1.908920059951091375e-01
4.227680842798506311e-02 1.173520427815794465e+00
4.245528291871810689e-01 -8.478338796507594033e-01
-1.327768649775844523e+00 -1.271993400836242794e+00
5.138471354388438606e-01 1.047845281188680477e+00
-1.064478183857178628e+00 -6.377960837705510810e-01
1.246841490821681830e-01 1.056245834720401566e+00
1.046524097443912504e+00 5.083551376397519306e-01
6.690719800765790870e-01 -1.324004654813348392e+00
-5.677365989763341059e-01 -1.352309235049688585e+00
-1.603311907251207424e+00 -1.067487230842719237e+00
9.056061647180672081e-01 -1.248126544247812220e+00
1.536129448185767910e-01 1.256477729967824475e+00
-8.701608013257147167e-01 1.402759034195827592e+00
9.036634882217484677e-01 1.237274118797170308e+00
1.420964811943037809e+00 -2.621572042767705835e-01
1.355187787678025613e+00 -1.279398120560554242e+00
3.527800306050919987e-01 -1.113729974672271972e+00
1.059936880522269975e+00 -2.425027909705717577e-01
-2.390785866364304735e-01 -1.299762997354239946e+00
-1.073142885591028106e+00 -1.199716669920640744e+00
-2.022957548219947443e-02 1.109527492193208148e-01
3.703732245654816069e-01 2.707593992051994802e-01
-1.345346767140782829e+00 -1.170369020542976868e+00
-1.509494200636019245e+00 1.202662326556584310e-01
-1.416535242830523122e+00 -1.067351508867035587e-01
-2.038874739730856422e+00 6.604406961223759920e-01
1.594436750334302877e+00 -1.333764359282611389e+00
-9.876501801269210734e-01 -1.184450655270953556e-02
1.902777350328374251e+00 1.207308235876417557e+00
-1.337744524193426043e+00 8.486706468661269209e-01
-1.274481426037677334e+00 1.202590602460596736e-01
-5.795252912553390257e-01 9.920463338214866589e-01
-5.865036821991318483e-01 7.476033265262730376e-01
-4.090605923946731837e-01 -1.004200636780922862e+00
-8.068241133004329102e-01 6.887526862705273256e-01
-5.448542299613133855e-01 1.225633719987255565e+00
5.146125018776137594e-01 -7.528669987520378859e-01
-8.666190013905621381e-01 1.750148741772552308e+00
9.585177417170162029e-01 -9.424114561252833200e-01
-1.257157825662274186e+00 4.304272314348247530e-01
4.562987270881379009e-01 -7.184221884037958472e-03
-1.647174560173426228e+00 1.355184111210584463e-01
1.083988283657939533e+00 1.531362230098573196e+00
3.537810102840190929e-01 2.119961279443831059e-01
1.139005576262942077e+00 1.826744108466662686e+00
1.080376960295727773e-01 -1.039745817765132641e+00
4.146294612208782926e-01 -8.324518278839351249e-01
1.567669969366882743e-01 1.076949171339236955e+00
-5.055199522204292251e-01 -9.397070278373437224e-01
2.943979019272123243e-01 -1.089158374496579373e+00
-2.500226416020507880e-01 -6.213617279737704280e-01
-6.243042105843471523e-02 -1.212606917806438700e+00
2.218239810679512314e-01 -1.642145990574515935e+00
7.710028261465295962e-01 1.390340234418840915e+00
-4.245531456182118912e-01 1.355251801442586945e+00
-6.236723284323263394e-01 -7.615201750165192518e-01
-7.544631128872000270e-01 1.625373350825288554e+00
-7.607167767535450986e-01 3.517756777104736332e-01
8.908772743757448209e-01 -1.245849857376664760e+00
1.185061136120808323e+00 6.631759721973690125e-01
-3.262760130924947655e-01 -1.298202219609633778e-01
1.462744465996682619e-01 6.156017105650533894e-02
2.163850341960912971e+00 1.144409370297317485e+00
-1.601445055422426655e+00 4.814205088782282371e-01
-8.572860880268881600e-02 -3.381245976115455631e-01
-5.279562090620532055e-01 -2.166599034655825595e-01
-5.493610712071030910e-01 9.359981976770682666e-01
-6.501918827094907982e-01 -5.045556182759310948e-01
-3.882751361783172150e-01 1.410350599279682760e+00
1.577530236634128169e-02 1.128109092870329122e-01
-1.148472352052660295e+00 -3.568079497913022591e-01
-3.557451380040602684e-01 -1.215717171493785553e+00
6.829150821723326548e-01 -8.608242287158454076e-01
-1.176392925599751837e+00 -1.147676197703437095e+00
-9.723772606291669618e-01 6.631713957336525800e-01
1.186846890790609343e+00 1.072325691896957034e+00
-9.342329329744447630e-01 -6.949508013210158319e-01
1.226798240945431218e+00 1.458738483157427046e+00
4.758571852904762700e-01 -1.248524188806969359e+00
3.855399465761306099e-01 1.168549361414028986e+00
1.361144504370399133e+00 -7.007326616401307051e-01
1.229544710014016440e+00 1.247146270038916649e+00
-4.127462020423144917e-02 5.091929237619997883e-02
-6.884902271661785811e-02 -9.152547998933212581e-01
-1.377030823395700043e+00 1.442787624684032988e+00
-1.217161967107393439e+00 -1.287328836553812916e+00
-2.645159975476467640e-01 8.812502935454875619e-01
-1.786234619070461438e+00 1.252921611680216651e+00
-1.152043532173239626e+00 -1.335086176529534097e+00
-1.513186224544797120e+00 5.104918459389219398e-01
2.139888808137353771e-01 -2.306319039657602210e-01
3.562192430393009146e-01 -1.165520039176613620e+00
7.169939710276644895e-01 -5.866718405577308060e-01
-1.003921616478762990e+00 9.281435479015446299e-01
-9.619983712029633871e-01 -9.233553776853690165e-01
-1.285775654864036222e+00 -5.421938344672387888e-01
-1.757402832072420262e-01 4.166743297559119541e-01
7.805127822361203060e-01 -2.685790772797325143e-01
1.715894167498875689e+00 -2.018628560923246829e-01
7.590424665082324829e-01 -1.282304966070643149e+00
-1.210737097495178549e+00 6.807124727368689676e-01
-3.610281705388910245e-01 1.581829150037800780e+00
-9.287541310675933026e-01 2.606162680159235800e-01
3.513953644142048249e-01 1.021842584528323661e+00
7.026653181737005927e-01 -2.561634967208361591e-01
1.367696728927904948e+00 -3.069585702678437333e-01
2.904520199974236494e-01 -8.974558149994270595e-01
-1.528568348132637977e+00 8.993915062535100535e-01
2.074422904033963455e+00 -1.381899447340968257e+00
-3.213616173887047012e+00 -1.021235468278265168e+00
1.649358734997381282e+00 1.455107627129055281e+00
3.782030317264395425e-02 1.422933354507820214e+00
-1.535044950474132142e+00 2.987666917217702278e-01
5.653815768036063449e-01 -8.997488845352296094e-01
-6.076638491736419123e-02 4.346191545170335901e-01
8.422771408528797465e-01 -1.046558745556766423e+00
-2.350988495099148035e-01 6.769153330877701880e-01
-1.218364212855058692e+00 -5.972161867063870977e-01
-1.112626943924657441e+00 8.212000079619308224e-01
-1.507963044271573017e+00 -1.104782876411961601e+00
1.627728080743172656e+00 -4.248699982789590490e-01
1.310075918279458573e+00 -1.463865921114572810e+00
1.142789815932650610e+00 -1.713336776077007406e-01
6.853602014861064351e-01 3.533585201465134218e-01
1.257455058773035095e+00 -6.917624252828935560e-01
5.783427769719420297e-01 -4.113675317121979202e-01
-1.141862008555084351e+00 6.441551412860512249e-01
9.545569917287894945e-01 3.404188262142927579e-01
5.046311876888270875e-01 6.750215785857771600e-01
-1.501207293219339045e-01 -4.580043130595131129e-01
1.396029499247724681e+00 -1.621155356116251722e-01
3.844910615279178989e-02 -4.148996841039836458e-01
-1.348110492080508427e-01 -1.974578695658876781e-01
-1.030091735473804837e+00 -1.236612450281594278e+00
-1.791314834161781000e-01 1.082756264231827387e-01
1.087979904123056896e+00 6.482481938415877165e-01
-1.608763769705702229e+00 1.432931175298945981e+00
1.318527289209080244e+00 -3.593378061767907306e-01
-1.925603700457417133e+00 9.369481313072203221e-01
9.659443755102551377e-01 9.125484044286873431e-01
-6.867853810374076051e-01 -7.704913935805427494e-01
-4.113185578336637782e-01 -2.175212995367300284e+00
-1.980026511249143029e-01 -1.151113531908188659e+00
-1.523744998179302534e+00 2.450414811046470742e-01
-9.573895492652668704e-01 4.560234717542623328e-01
1.529122408832608027e-01 1.593370977005937217e+00
8.240677336452284507e-03 3.481538831642408405e-01
1.349701822026895259e+00 -1.169551967175458840e+00
1.021779863218839735e+00 9.333095464698698551e-01
-8.446798786571947382e-01 -1.747208263420192698e-02
-7.838547775014521601e-01 -8.371650456014315678e-01
4.069529776167570834e-01 -1.589135789497336249e-01
1.340724172592610286e-01 1.307941030607847610e+00
1.287678478827788631e+00 1.222264476318036142e+00
1.272982143258234222e+00 -4.513765562057039937e-01
8.525325850166891317e-02 -1.731515279208489244e-01
-2.072269753696578953e-02 -1.037050166941136942e+00
-7.792174404908017715e-01 3.085820748941496272e-01
-2.596647994959642158e-01 1.739150996092778678e+00
5.653547773042486013e-02 1.229363793717869191e+00
-6.160103904447410406e-01 1.292527953353662218e+00
1.762934274704640591e-01 1.258270107048175435e+00
-2.733840250214858880e+00 1.623326812721318069e+00
-1.638481998325884703e+00 -9.598670017844538327e-01
1.219277046741302994e+00 -8.248391501635680967e-02
5.706816890735270098e-01 -5.722336867209150135e-01
-1.034647509925364472e+00 5.911041383073681876e-01
-1.150627639411473835e+00 -4.412725872582569653e-01
4.883528599873049325e-01 5.632502294613411786e-01
-1.008311014001481432e-01 3.322032134442174933e-01
7.558775860024670168e-01 -7.905872353271030661e-01
-1.182163970026022914e+00 1.725718910704558129e-01
-3.797164576451882434e-01 -3.573098086137714291e-01
1.261355767708179698e+00 8.375586806164885267e-01
-3.745327798033036837e-01 1.332755341787380754e+00
-7.467636189444468164e-02 1.256471321929203411e+00
2.022877823480379034e-02 6.266664911177753927e-01
-5.528260341007035228e-01 -1.745801054284108755e-02
-5.649570112488110363e-01 -8.585743881095320162e-01
2.381486924677876371e-01 6.198270514448078750e-01
1.562971272512245324e+00 -1.357846633936484304e+00
-1.631144865581297676e+00 -1.606702849215403406e+00
4.834989846410764347e-01 7.023139920894441168e-01
1.481169072416948618e+00 1.035307060922223910e+00
-1.198938534750848994e+00 -8.546644170556134956e-02
1.132039402350766055e+00 -1.178869174428126554e+00
-1.187277889479985138e+00 9.065527814201858048e-01
-5.929348393355325930e-01 -1.206070098681803149e+00
5.818593463426273704e-01 8.879044840990136800e-01
4.557883720569966268e-01 1.460840928971965047e+00
1.128350476178085149e+00 -1.179544469668314610e+00
-1.031866391206903266e+00 -1.046803296433538533e+00
-1.206525926237288715e+00 1.806441837183619670e-01
-1.122717792182550134e-01 2.824941983261228806e-01
-1.560618650820008724e-02 -1.386116746472296546e+00
-5.105666480314862143e-01 -1.636726152643403154e+00
8.828103439510688322e-01 1.747811566647240467e+00
2.087927937304051351e+00 6.808700835467188517e-01
-1.232054625396204139e+00 -1.306521103708876419e-01
1.351664225034614475e+00 1.422901626552182108e+00
9.092630676177066995e-01 1.667175101423369610e-02
-5.485446646200174969e-01 3.252277555042371038e-01
1.356697550354432291e+00 6.926940860243508968e-01
-1.499293250283430856e+00 1.038808625006150121e+00
1.010019952101247842e+00 -1.058661163076281442e+00
1.619461304090369147e+00 5.638856376596417253e-01
-8.806955681523822577e-01 1.542759795414500257e+00
1.494826038062510243e+00 1.125715817355681381e+00
-4.777487765188384028e-01 2.461159317577282235e-01
-7.231488120323817936e-01 8.941475662613957986e-01
1.190584097798941476e+00 7.588194013506546209e-01
-1.065253552438139240e+00 -3.994652981075603182e-01
-1.227454883847500788e+00 -1.359919876090936119e+00
-3.675979007560974399e+00 -3.501602252872740850e-01
1.386330322335267207e+00 1.012413463408762260e+00
-1.301734498724579081e-01 -1.587087263889092936e+00
1.564551151995491052e-01 8.462030778702058775e-01
2.371059096401924304e-01 1.278391126979969428e-01
6.825600546599479568e-01 -1.354122460953381513e+00
-5.854857086344896766e-01 -1.038180536323083603e+00
1.126633834851814786e+00 1.587540300629677770e+00
-7.967563214402397787e-01 -1.500745021411976188e+00
-8.555098224858359579e-01 7.481564213836238153e-01
1.774634380205102779e+00 1.541793012537568064e+00
-7.151536967408148593e-01 2.869702701542145018e+00
-2.679499753943189733e-01 -1.103052102581435628e-01
1.809938489227758129e-02 1.435195293998147381e+00
-8.175131058895724889e-01 -1.303208449469552388e+00
1.610779943233222378e+00 -6.799410316585211556e-01
2.068974898670604690e-01 2.816422311031256953e-01
-1.328251823614597038e+00 5.586002684234332438e-01
-1.267176538248671935e+00 9.843110210465346732e-01
-3.642650045434850381e-02 4.620637260422617576e-01
1.473688801309973595e+00 1.215810922387108528e+00
-9.251452446555186171e-01 1.072292309186731352e+00
-3.323228470780917876e-01 3.565152284589515053e-01
-3.501484630208206994e-01 -9.472369092785580813e-01
-4.434073794044816053e-01 -1.679895183381774348e-01
-8.489571547810081942e-01 -3.948867547928686661e-01
9.448643390616340287e-01 -7.517303458080079048e-01
-4.096679685750098665e-01 -7.729284120015297299e-01
-4.189783204217043533e-01 6.163643277684047739e-01
1.637987443956979261e+00 1.495957852518323028e+00
1.862811047579966628e+00 1.304729221264514072e+00
-1.676915449109691869e-01 1.383272825434266773e+00
-2.196973119324221735e-01 4.947487987110599228e-01
9.186546379224953540e-01 1.123976600026192374e+00
-2.814953336383249072e-01 -1.781004211190560182e+00
-4.926341652356938106e-01 -9.497677805123935224e-01
-1.450531250662707050e+00 -1.083827610532350771e+00
8.306290526024043830e-01 -1.416089902692675206e+00
-4.941222820648866199e-02 1.640097536236492015e+00
-1.391663748774632392e+00 1.338620167856572563e+00
-1.336712022383988785e+00 -1.011386267511517723e+00
6.435277854762407046e-02 2.593865078063612994e-01
-7.798557759196848016e-01 -1.295229122684256051e+00
4.285870732869689892e-01 -8.512614341598920831e-01
-6.906042467921790218e-01 1.302756455109474576e+00
-9.862961477836444946e-01 1.038439946964964555e+00
-1.192809549737682717e+00 3.728519093197082412e-01
-1.816872853100123031e+00 1.222209541914464070e+00
5.360470824983289140e-02 -1.344824533959763535e+00
-8.849303267364805325e-01 7.941542040477244102e-01
7.633462269658081167e-03 6.103131904294965826e-02
1.368562892674605180e+00 1.652052492965133679e-02
8.992030733516362950e-01 -8.486525968572266043e-01
-1.539974600366987412e+00 -8.470617597331886461e-01
1.546130767490746294e+00 -1.499370734481107581e+00
5.963409252446695286e-01 9.568596893620384680e-01
7.884128028825316825e-01 9.747524365409345748e-01
3.085428931701168498e-01 4.290869204327366626e-01
1.514616354615625493e+00 1.317918168568300796e+00
1.536609081841106450e+00 -5.784311833704048889e-01
1.339653644044936254e+00 -1.119779997304293007e+00
-1.489857804271522257e+00 6.175129642942699393e-01
-1.341938202955799131e+00 -1.637900397852159573e+00
-1.506894905769796678e+00 -9.692632720696966464e-01
6.088420801549671024e-01 1.289121367170409926e-01
-6.422758436945733007e-02 -3.256540973256750737e-01
-1.157217582677473044e-01 6.783050767738137976e-01
-1.001346157078216503e+00 4.423749895096669160e-01
1.198434058335637431e+00 3.740031459109796064e-01
6.131391196453822579e-01 -1.608600097454240485e+00
6.722540165709545157e-01 2.257497288072163322e-01
-1.064984338578837564e+00 -1.265656663606425925e+00
1.912243887586189350e+00 6.315028680150237550e-01
1.667462471516702349e+00 1.150817571968805630e+00
-1.062594950521879023e+00 1.492147125468004099e+00
3.806403866465506991e-01 8.762841108740342388e-01
-9.415724846331015030e-01 -1.665186524539202351e+00
-5.939224689884434749e-01 -6.879158978821491299e-01
3.663378064098022913e-01 -2.771996572806182946e-01
2.926946280061742955e-02 -1.253844839986085979e+00
-9.383095395189720023e-01 -1.188939222107163601e-01
9.365017301179078268e-01 -7.989514106840700514e-01
1.850564747138640220e-01 -1.521253098858340591e+00
-1.696328502526271098e+00 -1.243178104365025183e+00
1.255245126363786268e+00 1.474386482248896568e+00
2.889349571537111583e+00 -1.437233896918414799e-02
2.989124828065453654e-02 1.362529644660892769e+00
5.484907435512069718e-01 1.743319317318386519e+00
-1.779668305523051330e+00 9.836483320166544697e-01
8.068362292821732451e-01 1.314435308739075048e-01
1.485265684291227739e+00 -1.293402436383105591e+00
-1.126991872747616252e+00 1.224651724524529195e+00
-7.632822093024531629e-01 1.490874325105721043e+00
7.293427821494262719e-01 -8.704051045009115750e-01
-4.301496201751711101e-01 -9.293691707839705218e-01
-1.599091496247895927e+00 1.432887122886061126e+00
2.417379699577823504e-02 -1.971135509408428188e+00
4.649224913904402845e-01 -1.058444414004372724e+00
-1.755707630756602411e+00 1.259583450090886014e+00
-1.022529407887427855e+00 1.117078014058928925e+00
-8.894246052183583107e-01 -8.247925405916163299e-01
6.866412723636022841e-01 -1.589767859860053090e+00
4.185863099209986560e-01 -5.292879441860153245e-01
-1.370199021317307864e+00 -1.827004163788253255e+00
1.116036371519310566e-02 -1.921276901906021073e-01
-1.300768749976559668e+00 -1.461202187191526614e+00
1.645220929654636066e-01 5.112381962696559423e-01
7.874050745476547375e-01 1.602525058026530003e+00
-1.776687536245258991e+00 1.296602284879588618e+00
-1.195410433273822903e+00 1.285598776851148317e+00
-4.711081840390936026e-01 1.159800293371853058e-01
3.014158044339192433e-01 -1.580081402867471452e+00
-6.431983350390525489e-01 -2.890461723121773296e-01
-2.080839758219099889e-01 4.849042468128670902e-01
1.744499917801507483e-01 7.473021800000435588e-01
-5.496521087972850994e-01 -9.186971960668813830e-01
4.890969155877180619e-01 -7.263005924997680829e-01
4.434332590322931367e-01 -2.965823153863794137e-01
1.131215283444577002e+00 -2.830955363565730853e-01
2.727043772204925665e-01 1.128616768638714518e+00
-1.634423815369750121e+00 -3.724664931122768086e-01
1.600049897264929077e+00 -1.151319504884338096e+00
-3.536767762223632650e-01 -9.493362016855521057e-01
-5.958455898148983243e-01 1.721047079835840821e+00
-5.310872063865009762e-01 1.298704586159154406e+00
5.249224902271489024e-02 4.698823999018678643e-01
8.726697139389757440e-01 1.556995581675779394e-01
1.391879113967668724e+00 1.034224904885830743e+00
-7.856467225668778420e-01 1.340541539815037320e+00
-1.654944660119223865e-01 -2.714413402674836773e-01
-6.841155377515578673e-01 -3.861532281119626764e-01
-8.381917562999710025e-01 -1.766360049098623652e-01
-1.396184904654292680e+00 -1.708479258757362951e+00
2.763841766165235359e-01 -4.160704938799449359e-01
1.012811916350707442e+00 -9.786331130809370338e-01
-4.403814616131738191e-01 -1.092966109014772202e+00
1.003445681304549808e+00 -9.107584909076297253e-01
-9.766735247796216601e-01 -8.543753860870962891e-01
-3.673199640739926997e-01 1.666450706387636149e+00
2.502378513255034687e-01 -1.662998136330962495e+00
-9.074714623205477615e-01 -1.265020083548595631e+00
5.705742132320625049e-02 -9.298335590751199975e-01
9.956225098989848199e-01 -1.422032993575585325e+00
9.363794914352175924e-01 -1.524011370899637452e+00
-1.695226244276653860e-01 9.557049977517072525e-01
-1.424383065957343319e+00 8.488415365522158362e-01
-8.241316650552219514e-01 -1.701628608381598795e+00
1.299203385594908999e+00 -2.281583644145495082e-01
-7.519087734338552043e-01 -1.686210792129145375e+00
1.681807335324068342e+00 -1.057277428484128423e+00
1.695742025965151001e+00 1.523937607131311989e+00
4.231228249824845467e-01 -2.441251461520934196e+00
-3.924930677253556377e-01 -4.123692464728653806e-01
8.443269225432861735e-02 1.567478730775946349e+00
-1.738937158370680747e+00 1.396474444398199788e+00
1.234670460954876203e+00 -1.534023685742349263e+00
8.918918191064183487e-01 1.588093630242102539e-01
-4.774183536167230235e-01 1.027556637745122625e+00
-8.212462470756956567e-02 4.899871155709037418e-01
1.516929799101935927e-01 7.113495787515482505e-01
-8.226842781172830632e-01 7.228654008096956352e-01
-1.260434928660362441e+00 -7.137910446366739770e-01
-9.825565157442939235e-01 1.899425289994552402e-03
-1.202050577695593647e+00 -7.440561350263663609e-01
6.799359460903046104e-01 -1.431433419629976278e+00
1.914525682679051100e+00 -1.412408561616961822e-01
1.044658831234104301e+00 4.811485136714956368e-01
3.278096578620529611e-01 -2.186939023827565998e-01
4.047959227994096243e-01 -1.727222964750962930e-01
3.817914838761864438e-01 -4.775055928590598575e-01
1.946550589011213639e-01 -2.298052872481050612e-01
-2.679908125484018466e-01 3.019395966595747605e-01
1.282671723660306240e+00 -1.065678402969761018e+00
4.092712383174014201e-01 -1.502543155634177952e+00
-8.046135199323215526e-01 1.417870850805290406e+00
7.084632883596058139e-01 5.702675870376661127e-01
-1.685508270261559582e+00 1.341394876551428084e+00
-5.236845617854822832e-01 5.823115289309989118e-01
-3.206096724442764057e-01 -1.677864823448973253e+00
-6.125721700151964821e-03 -1.136759233365921551e+00
-2.172532201504620841e-01 -1.066549543674895073e+00
3.760718338906041680e-01 -1.454893682574474489e+00
-7.910690373302197154e-01 -7.783251778664104226e-01
1.456104742397762219e+00 5.596370525166125681e-02
-1.000434025547261019e+00 -3.336409415395942268e-01
9.804341874542700508e-02 1.235474538601230243e+00
-1.429161083034309609e-01 1.235198315298385419e+00
1.160209261112788770e+00 -1.394584680789565434e+00
1.860800384029762944e-01 -6.434625421344122298e-01
-1.296772607556473389e+00 -1.584440050264389166e+00
-3.006191382885484709e-01 -1.269802542505465315e+00
-1.854288554230653308e+00 2.203313823600701493e+00
-1.289704982957666113e+00 5.994519573187210293e-01
-1.237821261446554244e+00 1.204701022996481408e+00
1.472704685409998770e+00 3.867060146344492577e-01
8.277966732380205306e-01 9.743162929960268448e-01
3.670208435442651185e-01 1.192293768648533314e+00
-1.183909386347508974e+00 1.648813869470796001e-01
1.731695297473142103e+00 -8.917373773576687812e-01
-1.522903565114004154e+00 -3.585519030640556548e-01
-5.233087225985371127e-01 1.479819684573052463e+00
-7.962760945791833023e-02 9.818990019137897596e-01
-6.623272559645120294e-01 1.721668203806093977e+00
-6.887305837652258900e-01 3.332851938461077745e-01
1.364195648164508334e+00 8.396481542836353729e-01
-1.591451231481870066e+00 -7.151608557572316505e-01
1.271947034656087938e+00 -1.950817083929722973e+00
6.465646940279773380e-01 -1.475835793680887464e+00
1.345307841104478874e-01 -1.518484433399001521e+00
-2.386976419270110117e-01 -7.647542445576922532e-01
-2.862392422907936718e-01 9.807869187312051595e-01
-1.271727262534084968e+00 -9.788100773025153467e-01
-5.403607170372767277e-01 1.175920771293788025e+00
-4.821683288465152817e-01 8.992361850781368515e-01
1.455608845685387953e+00 8.801946313114432652e-01
1.447879544416418029e-01 1.574290986689395044e-01
-2.261232922231784237e-01 5.404749520343568037e-01
-4.297636130518744935e-01 -3.072946807102834299e+00
-1.617593889985803113e+00 -3.566017256528191681e-01
-1.658486673471098738e-01 -1.536115305026568567e-01
1.048363369619763841e+00 -1.848478571287981653e+00
2.488351051465964581e-02 -2.166365928010516306e-01
-1.606423078988948649e+00 9.640797854872873440e-01
1.386448460570407493e+00 -1.347410138712730410e+00
4.947303806991639741e-01 7.388534107133070128e-01
-6.812056520250752145e-01 -2.238481994898479099e-01
-7.376526190102200564e-01 7.691431244761749442e-01
7.531654250016968088e-01 6.302902733157914050e-02
1.436792637450397814e-01 -1.192486291255544950e+00
-1.546610803568945758e-02 1.190591272744080831e+00
-9.862928547327617923e-02 1.232238449595129293e+00
-5.836411814973074819e-01 1.078339422638379341e+00
-6.851122962075268941e-01 -1.196366466415523577e+00
1.081422811954935170e+00 5.976725789821022428e-01
1.033637030290086578e+00 -1.854557839217523818e-01
5.369319516368723511e-01 1.357577957233553567e+00
1.904016852503754575e-01 -1.188899546089625531e-01
1.851228020419903031e-01 6.399874689146605178e-01
9.221204711185522207e-01 1.076088571428633900e+00
5.761090628634868427e-01 -8.857408199642015367e-02
-8.226082122416997211e-02 8.446674253972910051e-01
6.404919355718351470e-01 -7.552531129518683661e-01
2.033161051681414699e-03 -9.402649456444968079e-01
-2.831601779929729945e-01 -8.504502327186731492e-01
1.057058564666968570e+00 -3.050167392470035099e-01
3.061411591738661953e-01 -8.246507267931753038e-01
3.183248287581300073e-01 7.822466491249084886e-01
-1.424179649308153328e+00 -1.065599193100410291e+00
-7.851310160376512304e-02 -6.695524202576802475e-01
-8.586082060230488811e-01 1.395816100473078247e+00
6.306230821417562193e-01 3.554955659723113559e-02
1.359108953713881185e+00 -1.460909547901780181e+00
-1.371352978047289506e+00 -1.987160684787919740e-01
-1.078841935415164599e+00 2.545283361702785907e-01
-5.367162189705927400e-01 -1.623685733044091029e+00
7.578965436551073909e-01 -4.161346267541608523e-01
-1.678854052073569525e+00 4.583955456747209056e-01
-5.445000893573920253e-01 1.493923992895558328e-01
-7.916070656767941749e-01 -9.798017138267035575e-01
-4.030005013221452104e-02 4.457463942307757221e-02
-2.326969363213835240e-01 -1.727834170060684515e+00
-7.910121808345463856e-01 -9.171290067231906429e-01
-1.408227221439755761e+00 1.377511460532155230e+00
1.063545385689291578e+00 1.607655124927554358e+00
1.175854828478967828e+00 8.996251588636539065e-01
-1.655189698009387866e+00 1.511554693591403153e-01
-1.920408165341739581e-01 -8.894845197271891157e-01
5.934232890530306559e-01 3.952124834855456625e-01
-8.449275437721956439e-02 -1.218382049982645654e+00
-1.407791888680815173e+00 1.292704520260883339e+00
-8.001093759941658723e-01 -1.084978068601439860e+00
3.912354846700654143e-01 8.231061159035085728e-01
-5.427737593657898652e-01 4.093895909504495223e-01
1.240963213137132592e-01 3.816675875412656183e-01
9.252280416099299964e-01 5.480040029129060741e-01
-1.379365828981909736e+00 -7.992119246038198455e-01
-5.644620865538632071e-01 2.143397127100668875e+00
-3.245382083177121846e-01 1.197789657450563316e+00
3.758171451883322023e-01 -1.264340364176994358e+00
-5.715887466153232177e-01 8.055329910018648176e-01
-1.204815619077797439e+00 -2.686968785974316321e-01
-1.176524745696132301e+00 1.213752226757946362e+00
-1.868103373439618409e+00 3.281765067021831794e-01
-9.338672096594820005e-01 -8.438520054776833534e-01
1.361282265534445202e+00 -7.149216661442430176e-01
-1.799080293797525432e+00 1.119171078072954018e+00
1.612749817165638921e+00 -4.377997187023327519e-01
-2.378290943305895466e-01 1.429337798129535653e+00
-9.574306895265289885e-01 1.327472941788148120e-01
7.733137268583379909e-01 -9.673914002567630677e-01
7.667241009815782826e-01 1.003434665720274177e+00
9.630223611559851626e-02 -1.033306165838664858e+00
-1.592878579962614394e+00 -6.292733226819979819e-01
-8.034930719948274458e-01 1.348119058063337317e+00
-2.505233382373428519e-01 -2.219903545427331926e-01
-2.424117965359923466e-01 -4.141234101420986080e-02
1.252775748352720209e+00 -1.000905698881003891e+00
1.024102013510773901e+00 3.090110954277706101e-01
-1.850764504489770534e-01 6.341094807423738322e-01
-1.143121414766760380e-01 1.237217219524603257e-01
-9.515604035749580802e-01 -4.174724531907295089e-01
-2.938813016968383485e-01 -7.744286751830362636e-01
-2.800979575843529634e-01 -2.096373591569227757e-01
9.517578447502240691e-01 1.425530608356063711e-01
4.539408542139657943e-01 2.042892175823719791e-01
-6.633416666667342199e-01 -1.661417146720007176e+00
-1.221566363764689855e+00 8.264567428159751428e-01
1.897341870322014068e-01 9.826762898012035841e-01
-1.445903346041668591e+00 -1.099030906507917571e+00
-5.238544285606935302e-01 7.951136908533799064e-01
1.380875071852716074e+00 8.704686156545407005e-01
-5.940903878060205257e-03 1.235500435004835085e+00
1.063009034456945612e+00 -5.037114924077197298e-01
-3.414218415985851296e-01 -1.098903660689623418e+00
-2.956949263369442082e+00 1.489732108377662123e-01
1.251738769667636308e+00 4.939865752663348264e-01
8.605624887338392259e-01 -1.368942533930004757e+00
-1.126537395409667575e+00 1.157706450293868983e+00
4.188328247434128793e-01 4.246266951035522763e-01
1.036670507823898690e+00 -1.418323621311297078e+00
7.011949454367463197e-01 -1.432274560318817169e+00
1.258814547167007802e+00 -5.071070446757642847e-01
-6.186764452549318172e-01 1.629054992011214065e-01
1.519604375607353619e+00 1.061807422128069112e+00
1.176199948649846005e+00 9.367201778241914800e-01
-1.608710171206495509e+00 1.662283231757770929e+00
6.948971572946600617e-01 4.915950670401648959e-02
4.662390044678680345e-01 6.131226945108326776e-01
-2.957122317834091074e-01 -9.630589744651599782e-01
-3.457545970370353716e-01 -1.408042440158372433e-01
-3.779332231759837679e-01 -1.073411689911295097e+00
7.047217748512072388e-01 1.167791063312636490e+00
3.652662968314495107e-01 -7.701903528938681687e-01
3.351218469138276812e-01 7.169029438325000836e-01
7.692581250513937929e-01 -2.835069176347365660e-01
8.684407339498005918e-01 5.723237435792017935e-01
2.844041680511976145e-01 7.451285999433476803e-01
5.851446891033289521e-01 -1.182223020947060332e+00
2.856195444295270836e-01 -9.578923998577991705e-01
-1.133645547671140008e+00 3.432113610090682387e-01
-1.072765049808021232e+00 -3.111182064532818647e-01
1.633489121098873065e-01 4.323061754353984543e-01
1.054919551862530280e+00 -8.853229044382077140e-01
1.781195223182005183e+00 -4.298709920874363433e-01
2.021026820942131708e-02 -2.367810949759481531e-02
1.641454291675809918e+00 9.460678192628605432e-01
-6.367041407846700807e-01 -1.077398810885048075e+00
1.054595837545196702e+00 2.587747910231797399e-01
-1.316808931350399670e+00 1.032844611845493477e+00
5.510400894072418065e-01 1.854086902965782213e-01
-1.373992190584006901e+00 6.314548319490613792e-01
-1.360186308928123422e+00 -1.327300448102714636e+00
-3.085039241183474834e-01 -2.769147640134699828e-01
1.108585916302743835e+00 9.550080869767155756e-01
-2.236787966537993888e-01 1.354801205628978433e+00
9.929368914775419386e-01 6.015430777683667962e-01
-2.187684459425252304e-01 -1.368275656154567810e-01
-1.485727927195915399e+00 -7.861537299050381788e-01
-8.407453902027099968e-01 8.342281628853399633e-01
6.986600372874963716e-01 -6.741505923581787574e-01
-1.356151804182366361e+00 8.333068935112257769e-01
-1.556326079526947126e+00 7.333688808462122122e-01
-9.062046947849093925e-01 1.156876246386085327e+00
-4.078187437615152788e-01 -9.441016497044322220e-01
-1.838727663832118608e+00 9.590833045323802208e-01
-3.121666370406493973e-01 7.038657542695088420e-02
-6.625490135013213377e-01 6.869657391237297128e-01
1.204869910045015091e+00 5.658769124911948722e-01
-8.248310275565765570e-01 9.579372461407923423e-01
8.047222341147768354e-01 1.872535766519525247e-01
-1.425012294526372791e+00 9.706128409283671932e-01
-1.223599072969107304e+00 -1.159431509092079704e+00
1.103674582703342288e-01 -9.853908843447504173e-01
5.749304806688836367e-01 -1.262470307551730953e+00
-1.545510600322746730e-01 1.015641291661560253e+00
1.169486504227211565e+00 -1.213285471629231393e+00
6.422450111442958853e-01 1.310982527377020146e+00
3.128264280201226155e-01 -1.389553037606477304e+00
2.864952899850513601e-01 -1.025940126226646543e+00
-1.536081667570001086e+00 -9.057200080207424842e-01
-5.440265339600535155e-01 -1.255785011619261926e+00
1.419108636634507148e+00 -6.472644061366545909e-01
4.490169912111334760e-01 -1.523161784225959936e+00
-1.230527787637044623e+00 -3.600182550623561295e-01
-1.539887180324628790e+00 -1.722256766561071739e+00
5.391586847441434127e-01 -4.889095467531621719e-01
-3.053668621880017975e-01 -8.828784833785897901e-02
8.877191741013555903e-01 3.844854049103054727e-01
-5.613427220114270977e-01 -6.935798654471632130e-01
-2.917489669623537507e-01 -7.628149687940262158e-01
-2.040942168535131440e+00 3.648019195313461083e-01
-1.454599780926008723e+00 7.371232625934535099e-01
2.388200442059210449e+00 5.776988957055889662e-01
-1.296577032083636283e+00 -3.175272070577796479e-01
-8.223497143661582243e-01 -4.571312936851666398e-01
1.663559979366562580e-01 1.056926502343438629e-01
3.125608198508798008e-01 -1.321566970706207211e+00
1.030053422692602139e+00 -9.827831747747323154e-01
1.047500456080800446e-01 -2.157248893653414434e+00
-1.904303304554897658e-01 -2.322166578813832927e-01
-9.466871911021423891e-01 -3.663096763507489029e-01
-7.297792524480012366e-01 -1.469302711600002587e+00
1.254046606022161114e+00 -1.324609080980364340e+00
-7.335700038614288987e-01 -3.946904595028081775e-01
9.048489120250849393e-02 1.643591641414760551e-01
-5.751810413470570538e-01 6.501180617197639400e-01
1.135723075169980278e+00 -8.393033519220286509e-01
-8.310000468638181204e-01 -1.022677629631513652e+00
8.076890230344405675e-01 -9.928128464129141184e-01
-1.256597559624051286e+00 1.855309682062365462e-01
-5.927778652916180224e-01 -1.257648935332695173e+00
8.031774837555620827e-01 1.009259072294799386e+00
1.455959258682820723e+00 -1.180752911389957305e+00
1.329332483230588169e+00 9.827158495508433456e-01
1.503081116310078125e+00 -1.017553607060850629e+00
-4.694898297283606192e-01 -8.659803730989050485e-02
4.509907677297017026e-01 6.432093696067960886e-01
1.740132799658537621e+00 1.116399303126621723e+00
2.653685314473303025e-01 7.876435127185114071e-01
-1.153887320175307929e+00 4.443264765669573957e-01
8.339103102232341413e-01 7.618229619607181924e-01
-1.955494814024384131e-01 -1.624993761669440984e+00
1.704510167430890899e+00 3.974883229543237362e-01
-1.529441792787644694e+00 -1.163685843409963283e+00
-9.163286454653671309e-02 2.540005797007414690e-01
2.609953330445929920e-02 6.864399085862293859e-01
1.291765161764961922e+00 1.469979639904977597e+00
-1.271125471830677256e+00 1.003917061720468462e+00
-8.163827699045608233e-01 1.247063535822007463e+00
1.451442722766444149e+00 4.853720333875238269e-01
-7.439571249484726589e-01 1.217319150991422516e+00
-3.751946685454417008e-01 -1.164201297233731003e+00
-7.030730701174923158e-01 1.331025130066468387e+00
-1.539693626966459339e-01 8.025083284105596348e-01
-1.606090314829485166e+00 -6.592441153459559222e-02
1.414598480828609395e+00 1.173303560285004599e+00
-2.518907700248806947e-01 5.071217152986515764e-01
-8.574864014151593050e-01 -1.485869621365129900e+00
-8.823477331312503669e-01 -4.762390114543905706e-01
-2.049828995670507914e-02 8.273704236143537560e-01
5.766450960418445515e-01 7.118290621614845604e-01
-1.691249013148668490e-02 7.261561064306358837e-01
-8.294155438359336330e-01 -2.506373427473486126e-01
-5.746710669850064734e-01 -1.654728770430099694e+00
-4.295637376187225742e-01 1.819216476828720230e+00
-1.244810380632591196e+00 5.852244546142857384e-01
1.425427739629696600e+00 -1.072248888241931902e-01
4.341188888792567591e-01 7.689661953556461427e-01
1.353269143693127230e+00 1.337867537309280541e+00
-2.580778836045214408e-01 -9.920079303699985696e-01
1.128605875191290853e-02 6.210730626803864229e-01
1.697588497223210702e+00 -8.524092960027284116e-01
5.263603059874322199e-01 9.071264882932621454e-01
-1.767588980283622879e+00 -1.369377862116853417e-01
6.202591440490615726e-01 1.216633128646622097e+00
8.034168495963223133e-01 -1.397779426136169345e+00
-1.507801157687933991e+00 -4.514928814563992643e-01
-1.276815652597938611e+00 7.878636944472052761e-01
-1.763177191792206111e+00 5.493022560778239027e-01
1.174196656482711792e-01 6.599354887643434919e-01
-1.796364355450153216e-01 -1.578761501672482304e+00
2.180473827172886292e-01 1.444574223317287576e+00
4.298771540241043132e-01 -7.741564521355953632e-01
-7.757963537457162051e-01 9.087032125611732569e-01
4.319887614262707398e-01 -1.035778151232683353e+00
2.063645220235330868e-01 5.694334012582312754e-01
-1.532652047696269948e+00 9.391243534948623406e-01
-1.077338799221754018e+00 -1.169526687801333731e+00
7.357072484405564605e-01 5.567908687962783709e-01
-5.715384111930067457e-01 3.114216638126076631e-01
1.147938484083000255e+00 -2.977844580715680034e-01
1.299790291314859569e+00 -4.206919455842976219e-01
1.421618226983130784e+00 -1.020438838650938873e+00
8.792172536112309311e-01 -7.780542763983409882e-02
-1.922396037711298966e+00 -2.718949966014125419e+00
-1.847603733430595863e-01 -3.296582202760388047e-01
-1.610211147635429718e+00 7.196374431002531269e-01
-1.772457038215273339e+00 1.340589168198012660e+00
2.625949195935676772e-01 1.053778469488566127e+00
2.360197202993493448e+00 8.782213409022781025e-01
-7.969691897030168892e-01 -2.555878640816890424e-01
2.099252002891325297e-01 -4.012066673241614922e-01
1.534481241403532259e+00 1.345422139213415358e+00
4.015952823548092354e-01 6.521336806725946955e-02
1.276083998956943244e+00 -9.280722676437830332e-01
4.405862305749500551e-01 -1.357723875215752551e+00
-1.114476286306149255e+00 -9.941155336822035116e-01
-6.924585677106029347e-02 7.104832448516959498e-02
-2.161390535854890438e-01 -1.371020003217897631e+00
4.484843584610366252e-01 -2.353743654474654834e-01
-2.921093166927124507e-04 -1.632781200604350280e+00
-2.150768739446026423e+00 5.234948182185961141e-01
1.266448318050848121e+00 7.093264151267397732e-01
6.462638800660172045e-01 1.385859225889741975e+00
7.036230301339945203e-01 1.105866597321498501e+00
-5.769592771121381802e-02 3.342496037219223615e-01
1.016881689683736711e+00 -1.742603428342860639e+00
8.917727961200868636e-01 -1.013658054275243359e+00
5.675436928048960272e-01 -7.129422085586192281e-01
-1.730563542021871515e-01 1.190900451382278513e+00
-9.193919092413083138e-01 -1.274533696675113736e+00
5.597733451200217480e-01 1.284578120612367202e+00
1.550101618302643480e+00 -8.749543897984632945e-01
1.138417017431161693e-01 -1.354417079734280493e+00
-1.468704888074834070e-01 -1.348195629272792573e+00
-7.988631322493752740e-02 -1.000787807894518489e+00
-8.765553293898467047e-01 6.229051375342280483e-01
8.108315505327484685e-01 -1.522814615125081650e+00
2.840431611785053656e-01 1.099199677043520840e-01
-1.081486020952455052e+00 5.439217758790301227e-01
9.952380691568651905e-01 -5.960636869585087538e-01
8.326102866954868675e-01 -8.711179066993129938e-01
1.887982671641425192e+00 -4.716862171439326068e-01
7.499323614231474810e-02 3.520535422308715967e-01
6.326329351469508477e-01 -7.548870120570043696e-01
-7.968209194634914283e-01 4.989431659269161767e-01
9.961368235384154834e-02 -4.955044390386464381e-01
3.724438676449795538e-02 1.086963533672477888e+00
8.475099839298979587e-01 -1.591625867482053369e+00
-9.424698659333999307e-02 -5.095026670355735643e-01
7.193703502576439535e-01 -1.150247159145974862e+00
1.272460692946076888e+00 8.156488503097658604e-01
2.809280041654349525e-01 -9.844129243397840012e-01
-4.552722286549710784e-01 -1.198247628336740478e+00
-1.130813863720922796e-01 -1.194354556303380971e-01
-2.488332324712110022e-01 -1.003776855848634852e+00
-1.195902359751261246e+00 1.001836377622082663e+00
-1.480104591107934020e+00 -1.272000052604138176e+00
-1.653308098955879712e+00 1.133686056786386898e+00
3.136117332411174630e-01 9.945822125786603074e-01
2.790229477037179384e-01 2.516912895646890580e-01
8.477848579928266570e-01 -1.543676406433460491e+00
-6.309785357551430662e-01 6.938814842022655860e-01
-1.799651746544241648e+00 -1.973504388818965449e-02
1.668130592048913563e+00 1.119551651467662445e+00
-1.285231318981960635e+00 4.987144265502689855e-01
1.062152560471858687e+00 4.640364271722234868e-01
-1.378153739224113439e+00 1.075730658147636243e+00
-1.908864411042888454e-01 2.033716170835780379e-01
-5.430838124679699952e-01 -4.845558282341973499e-01
1.113863392875601432e+00 -1.611398304047329200e+00
-8.771788840422464761e-02 -8.835870676135320068e-01
-1.275052054808270885e+00 3.011024551004606309e-01
-1.295166909751771511e+00 -1.178825899370744779e+00
1.731113384455978066e+00 -7.211019323443611517e-01
-5.659666537191258007e-01 -1.110305183967207787e+00
8.900129336930200363e-01 -1.176772302354206490e+00
1.308379394797536621e+00 3.055103670119715953e-02
-4.145632276678228312e-01 -1.263480246850656519e+00
-6.841828792712636997e-02 -1.564147140419899662e+00
-1.911939733869317148e+00 9.569594746803185004e-01
-5.551000685600943063e-01 -5.684223900268801921e-02
3.655519542826021762e-02 1.146403133922190953e+00
6.130957748480611036e-01 -6.501719536778866049e-01
5.653031654077271539e-02 -3.703529213462513625e-01
5.368172601478812811e-02 9.652576193401249949e-01
7.729060326330657871e-01 -4.241861337178856606e-01
-2.977569620334794553e-01 -4.959058127334397548e-01
5.300027858879818865e-01 8.600000122991874330e-01
1.268570486922631302e+00 -3.984070382597771354e-01
4.604249248694930463e-01 -6.610876410461501151e-02
-1.407999708050966747e+00 9.626640449705025082e-01
-3.320652618054755756e-01 -4.146300395554554652e-01
-1.158787124571115879e+00 -9.653234404467448959e-01
1.349181136094478761e+00 1.524512139243027753e-01
-1.462056573492789724e+00 -1.310904907679764086e+00
6.416444247388991551e-02 5.066443074171274319e-02
-1.122399659306404285e+00 8.088150991559096559e-01
-3.559095308618406839e-02 -1.973483782201019832e-01
-9.044467309541506239e-01 -1.527453684724630723e+00
1.713576116701983842e+00 1.215662724183119936e+00
3.271595102836004632e-01 -6.328446104252291038e-01
5.349758144975593765e-01 -8.187107100055210918e-01
7.334601465344260385e-01 -1.719743587454189315e+00
7.727358008709453441e-02 -7.597140821874499572e-01
-1.274754819075581525e+00 -8.708787842199846585e-01
-1.974785501359567430e+00 -2.678223195814516955e-01
-1.291631365344816373e+00 -1.147720941118762106e+00
-1.409175539085873341e+00 2.980609646967778414e-01
-1.195317725043186785e+00 -2.046131650643194799e-01
-5.905100362217218235e-01 8.200743795216043353e-01
1.003660336848108514e+00 1.525824512752970374e+00
1.516091498841443341e+00 1.585675307762771435e+00
-1.900091265821810982e+00 1.966057918859129616e+00
-1.205183282239105091e+00 -8.567795055530627035e-01
7.254763338798867478e-01 1.048370846024298197e+00
1.847724746547592112e-01 8.737800976310867718e-01
5.423780059895300099e-03 -1.335303698795291316e+00
-1.035436747444453021e+00 1.025281243833603001e-01
8.286067698373802415e-01 6.030483527713004221e-01
1.589253619179678556e-01 -1.126007305102515454e+00
1.617954860724799104e+00 -1.561478097267887666e+00
1.236960918862724634e+00 1.376114955014438312e-01
1.152596800978576308e+00 1.391359848093219220e+00
3.858578437863643407e-01 -2.098390127375113767e-01
-1.007909615445234719e+00 9.520002487990157913e-01
-1.234977387952061356e+00 1.190354408748151460e+00
3.245141094995196429e-01 -1.688598883532226036e-02
-8.376007406837623903e-02 -7.131880450816062700e-01
6.639516559380040928e-01 -6.107452833063526931e-01
2.436210540129935542e-01 -9.146024531721262674e-02
-5.931799967285700248e-01 1.720090035279818741e-01
-8.637148447886711100e-01 -1.277422271131931852e+00
-3.630909636818421826e-02 -1.258601137131353465e+00
-5.502069777022006170e-01 -4.806898561255641966e-01
-1.220075298362040872e+00 -7.386601053377294113e-01
1.461590623754782436e+00 -1.453267251746406696e+00
9.552584590673548481e-01 -8.492229773975805696e-01
5.281699038903455712e-01 1.112530417823500484e+00
1.576328780084761183e+00 1.779803451019062177e-01
1.130013749527752465e+00 6.396052574563391990e-02
-2.144241044617515968e+00 -1.982741956350303481e-01
8.258504284744799806e-01 1.029087900922635468e+00
1.019138203080206972e+00 -7.111984963967665774e-01
3.484405338619634973e-01 1.350719962039819810e+00
-1.441526040374745188e+00 -6.410875850221026129e-01
-7.842928161963756972e-01 -1.156542792901206651e+00
9.276897619366205605e-01 -1.006896421567569533e+00
-1.566872752492120824e-01 6.779101284872286470e-01
1.043909242986205799e+00 1.161231816730020405e+00
-1.029922631346063433e+00 6.216782247392002025e-01
1.463408046395110018e+00 7.811030835033625497e-01
-5.363433836871939198e-01 7.764194312649987939e-01
-1.100224617687594941e+00 3.509250395385101751e-01
-1.644439970965620557e+00 5.307673325752179094e-01
1.388354237326053564e+00 -5.193245151220641231e-01
1.096445098207014635e+00 -1.209291776335769342e+00
-6.317618877606442362e-01 6.230667153887476939e-01
2.209249232106750560e-01 -8.232064033426919059e-01
4.607892166363627418e-01 -8.168002069524763487e-01
5.638783268206170041e-01 -1.242623777883668845e+00
1.548161767609392170e+00 6.501587335434487747e-01
-7.670546902337008199e-02 1.233431679218983446e+00
7.798346891609245768e-01 -7.202581152321080316e-01
6.599753071254477188e-01 1.146949147031912641e+00
1.300038759334770866e+00 -1.160229443840061991e+00
-6.846995893198360994e-01 -2.402617697975483746e-01
1.342139197328609423e+00 9.367829582004866262e-01
-4.548959533158497548e-01 -1.672137075586108912e+00
7.015174498666748581e-01 -4.873014927309836097e-01
4.603969853807060586e-01 -2.142658806381939063e-03
1.606898113671417772e+00 6.633769236711640760e-01
7.562223855729613975e-01 5.586808340086852898e-01
-1.501614923263111967e+00 9.182968250073226812e-01
-1.232234313050976526e+00 -1.173188179301670298e+00
-1.401421961287667717e+00 -1.520692469088557486e+00
-1.352214055937068338e+00 -1.035897959739289220e+00
4.672250468308742910e-01 1.414715405656369329e-01
8.934792145272801855e-01 -7.071348532083936433e-01
6.071571382119481664e-01 -1.053604244937834222e+00
1.043350073152556678e+00 1.089236136392492726e+00
-7.862893357234956859e-02 2.069810461179313332e-01
-8.081320362241152244e-01 -1.550308563922861982e+00
8.115987731499484381e-01 9.740296878398019276e-01
-1.572990589142085005e+00 1.174102328666066120e+00
5.788303170557249633e-01 -3.004732011434297911e-01
-7.822297010155766506e-01 1.280271841602183658e+00
1.462830511381478793e+00 4.683729631029483476e-01
9.645753292925149935e-01 -4.715360175344905369e-01
-3.195326576731433166e-01 1.796150012030224286e+00
-1.295291313069088845e+00 6.019679074678278008e-01
9.548613088631888735e-01 -1.147276182732538174e+00
4.533733356111964152e-01 1.584558507139484984e+00
-2.897378168158718514e-01 1.971447333955013426e-02
6.401451378916938051e-01 1.531901709439727366e+00
-3.196595252754308447e-01 5.310250806957276248e-01
6.856793773628505617e-01 -1.001490026249540310e+00
-9.835624889539786864e-01 -2.592731181176218258e-01
-3.590525690344473220e-02 1.179922966242850313e+00
-1.367367774936714686e-02 1.525795566765738132e+00
-1.752651662030628499e+00 2.899870146657694825e-01
-8.375270250173760811e-01 -8.679192286567050107e-03
7.216207351710494933e-02 -1.283218793039307082e+00
3.488686837205696722e-01 1.692952737086915183e-01
-3.564942407697231364e-01 1.376742514578897403e+00
-4.236545845714131397e-01 5.551700732407357508e-01
-1.546747638857023377e+00 -1.564754986965331662e+00
1.424281311054472976e+00 1.229912611130220323e+00
1.464223322430506791e-01 -1.709757637302147470e+00
-4.865584686179732499e-01 5.921398487262039545e-01
-1.054661485706923918e-01 8.641847910682929346e-01
-3.597734381112289714e-01 8.901555215535320587e-01
1.077553041880704998e-02 1.154821757860105658e+00
-1.672255265833759941e+00 -2.379714507781206523e-01
2.522140731884424003e+00 1.748909774954362728e+00
-1.038096538997366425e+00 -9.444818063290575383e-01
-5.680318635726587795e-01 7.845425385380516703e-01
-9.481107282931358626e-02 1.239582265423639917e+00
-1.014360183737385235e+00 -1.318393634027622996e+00
1.396962477072180908e+00 1.179491925814400100e+00
-8.873813463993132089e-01 2.960154532004445338e-01
1.409537621016253794e+00 -9.651643255225083040e-01
6.757573388928391767e-01 -2.140731392794524290e-01
2.968850977593404661e-01 1.339225543959594311e-01
3.753343626970711000e-01 -1.144079156780434703e+00
-1.092437130217734698e+00 -9.626861016586011344e-01
-1.411694092968110104e+00 -3.888917007919437396e-01
4.589305335635807115e-01 3.925995529987570953e-01
3.812828388906260857e-01 5.547774343388449658e-01
-7.824014453980500106e-01 -9.023403709467615608e-01
-2.452222717890141512e-01 -4.099581140260333822e-01
1.609180507209054811e+00 -1.258302169634511580e+00
6.813755193256327836e-01 -2.105940286776172843e-01
-1.567381513751700206e+00 -8.230913188556718829e-01
2.088034496161486619e-01 -9.032857053701838501e-02
1.760121281469228638e+00 4.693777091406066693e-01
1.098121307181691098e+00 4.344267118254918625e-01
1.484314383808193361e+00 -7.630266475182452268e-01
9.434376541751440248e-01 1.591457353874767389e+00
-1.760741094025700115e-02 8.567268968638971360e-01
9.131028021374998360e-03 -1.135594814839963940e+00
6.529835489114618197e-01 -1.254503503209138726e+00
6.898921795565861048e-01 1.482522140816748824e+00
-3.347687817073294880e-01 -1.370802179781558161e+00
1.314702202807329412e+00 -1.313349526322959093e+00
3.283650467260162964e-02 -4.337080913414420591e-03
1.175682864988709886e+00 2.425644254403097055e-01
-2.533670448319579327e-01 1.083760577313337636e+00
1.610890331090220950e+00 3.512392296019796745e-01
-1.745986146774072711e+00 6.611883694183010585e-01
1.021746850139561458e+00 -5.400804703376366200e-03
-1.324150935301271037e+00 2.515296003397407554e-02
-1.512721888968126649e+00 8.168750012124859072e-01
-2.878797299887738692e-01 1.318866435111944124e+00
-1.008474385780692817e+00 -1.690385661034147669e+00
-1.481869439013524303e+00 5.133894638468742277e-01
-7.845018673515056218e-01 -5.550052459533969529e-01
8.785725993553065161e-01 1.076170757661515820e+00
6.057588602487167240e-01 6.663256615318690068e-01
1.741011605479026170e-01 -1.482805948685590458e+00
1.014596385325370997e+00 7.831378224516625242e-01
-1.509034708732073682e+00 6.262480201115248057e-01
-4.904088695074472204e-01 -2.472207321883644893e-01
1.026578449416347016e+00 1.275178623098915942e+00
-1.854896638776645512e-01 4.429855046767094962e-01
-7.371391127986456349e-01 6.885252087190072423e-01
1.341205977602033306e+00 -2.653842698777335030e-01
6.844744680672159021e-01 9.276554823998042210e-01
-3.226753327675884186e-01 -6.890275163035974870e-01
9.002551557847219277e-01 2.243109966530022259e+00
1.416823978539558881e+00 -2.574484063865805528e+00
4.112215059951465634e-02 -1.583326279201649145e+00
-1.628356914044723158e+00 1.225201559161489762e+00
9.018792602900103095e-01 -6.496656596695217500e-02
9.929644879350651987e-01 2.188673417026765211e-02
1.610421212263910773e+00 1.247054765774720186e+00
1.107600651058336494e+00 8.277831349962412322e-01
-1.372890764932070296e+00 -1.023960275112845153e+00
1.001042942827785831e+00 -3.203913698135574251e-01
-6.298889720033927775e-01 -8.547896049251272332e-01
9.026062047941018074e-01 9.009702452330743683e-02
-1.033619026735074664e+00 -1.870286282955377910e-01
1.498234268575005190e+00 1.038866405819568017e+00
-1.039918779941860549e+00 6.490137108058634530e-01
-1.025777325839972998e-01 -1.191360054988415823e-01
2.167787942499557474e-01 -1.263267620730157859e+00
-1.552459599190989081e+00 3.068556809958734033e-01
1.578055549529494339e+00 -1.069936374824245418e+00
9.383401813390112034e-01 -8.346603231785779675e-01
2.103191680666672836e-01 6.755192740773535709e-01
-7.420365320872359671e-01 3.544657121974425507e-01
6.838495169373162152e-01 -1.426001540973279580e+00
-4.440221080592696712e-01 -1.196619547246487558e+00
1.182257291025295004e-01 -2.080634681714551015e-01
-8.194563859318777510e-01 -8.249701132138512749e-01
1.093478351158688078e+00 -1.727358555268147522e-01
5.136292645119725497e-01 2.416293437918656806e-01
-1.862366964950078196e-01 -2.569102664001053915e-01
8.826795858918152771e-01 -1.268217555073755332e+00
-2.614335314849547398e-02 -5.883052679797948770e-01
-7.587010403815972470e-01 1.795156640814927762e+00
-1.091070083652025513e+00 -1.476086033560357169e+00
1.027876865416193913e-01 4.423737961857196477e-01
7.309369507530757426e-01 9.503119559449697551e-01
1.275344899829448320e+00 9.399752102143225096e-01
-9.846733748311635726e-01 9.312231199067152465e-01
2.570639925524337288e-03 1.543037722854006644e+00
1.301262163936027338e+00 2.132222572296995355e-01
6.560508762913566660e-02 1.044543512069547431e+00
-3.136464134645827739e-02 5.880547665525642786e-01
1.542313219868511665e+00 -1.147511055295140414e+00
1.352060693491550003e+00 1.448092902575356389e+00
-8.336979778506250494e-01 -3.329393783298273957e-01
-1.065462212004174569e+00 -1.505975295847583162e+00
-9.575260441436341807e-01 8.790991383808570703e-01
7.516775535712828527e-01 4.072375965293342781e-01
1.163216535827380937e+00 -1.731299874275392003e+00
-3.558831745238223432e-01 -1.261539875952371492e+00
2.543970982255341906e-01 -9.822919696937658651e-01
7.744843871487839815e-01 -1.057283204601660254e+00
-7.636212653231148062e-01 -6.803362872051806898e-01
9.640140393172875743e-01 -1.102178641862421538e+00
1.198587449229834290e+00 9.315672635776803823e-01
5.057117482165317257e-02 -3.576942542550625714e-01
5.998048324244359408e-02 -3.644470261692308588e-01
1.043930907788076956e+00 5.211562742211435229e-01
2.374673860615749976e-01 -1.311199278143820868e+00
-1.186087978609080773e+00 -1.453352774127263602e+00
1.734576870231028245e+00 -3.309481129934538357e-01
6.949190851723773266e-01 -1.538215202618921529e+00
8.418692376231585728e-01 -1.028830440363712961e+00
1.740438478625460084e+00 -7.017819795543591699e-01
1.595995261640902996e+00 8.622806351703762306e-01
3.834311074912071238e-01 -2.795853878848204577e-01
1.288062110835081597e+00 -2.391705977949542539e-01
-3.454303668819145301e-01 3.431907059361929968e-01
4.754675280866584863e-01 3.651644635340263179e-01
1.706590857162014974e+00 4.987315317019219707e-01
6.738710221694832470e-01 1.860112100195974172e+00
-5.471639049801556576e-01 1.269598390404592436e+00
3.599200575998526275e-02 2.347992036195291621e-01
1.075895068749956662e+00 -7.179247898629326219e-01
-1.717655653501216351e-01 1.282461743532978815e+00
1.018293008368978070e+00 3.820369885178055425e-01
-4.134460432841940980e-02 -1.539319886858615760e+00
4.765704210218339731e-02 1.336102847626138734e+00
6.100364433221117100e-01 1.522687341125768423e+00
-1.532880372716042938e+00 1.080057392886766721e+00
-1.069692959326619119e+00 1.603218025013587900e+00
-2.706296247328732196e-01 -1.080302149090005548e+00
1.300731488037949246e+00 -6.081867448733530024e-01
1.215094071260649722e+00 -5.050276191035826256e-01
-9.576538275545107837e-01 1.612881236853112910e+00
-5.010320427870308402e-01 9.189168520236650206e-01
1.041495633056309655e+00 1.778529793170607665e+00
1.072557349732413678e+00 -7.223867468257104685e-01
-1.072329985741166336e+00 -5.570727578228114041e-01
1.990250830015229955e-01 -2.695953896140250716e-01
5.329516795114188632e-01 -1.573549436196592266e+00
9.111592754874333622e-01 -1.098074489836118772e+00
-1.725816019203655127e+00 1.441348740268325823e+00
-3.541378899523978108e-01 -8.740395911239263738e-01
7.861704320437612470e-01 1.361519611204344393e+00
-1.129316324040553710e+00 -6.103470295049318040e-01
3.536940586565350264e-01 -9.687384239083874915e-01
-9.388541931953391373e-01 -1.092539006278951952e+00
1.479848418067709892e-01 1.365131836521208397e+00
1.826321485268109557e+00 -8.212641753900690178e-01
2.677063509210858561e-01 3.644204240265717931e-02
-6.467128175440732818e-01 1.155886895401428971e+00
1.506267970469308937e+00 -2.357613219122743908e-01
2.880980585562863960e-01 6.446386139987086983e-01
-5.866086442549159896e-01 1.568495327615269330e+00
-8.146066996087165668e-01 -3.475656509574667208e-01
-1.434331213749330924e+00 3.501764760534188947e-01
-5.525212087933041305e-01 1.106501539781729715e+00
7.476596167934747017e-01 -1.960655401528007324e+00
2.615457452420563156e-01 8.535155508284040238e-01
-4.550017124247794920e-01 1.249255207862907113e+00
2.321717315787741320e-01 6.800168516536878593e-01
1.417469608618835419e-01 4.862256522616227872e-01
-3.403334622853865232e-01 -8.290230702453974532e-01
-9.694176198029964553e-01 -1.583559305365904724e+00
-8.926347848568756405e-01 1.487167029851463873e+00
-1.426353285229970957e+00 1.041299753196526900e+00
1.132504030476502999e-01 -3.966371333820630229e-01
-3.345282081817266828e+00 -1.304443970634632244e+00
-3.803109643371114235e-01 8.852441062379902137e-01
7.057488855924899385e-01 4.525997443246033147e-01
-1.139391036075483088e+00 1.369252685021051130e+00
2.715459663622736830e-01 -1.003000726417547339e+00
-2.683251266923918354e-01 1.513175061040855862e+00
9.616477152079226653e-02 -1.431565321924115564e+00
-1.036786906960621979e-01 -5.971604909329755184e-01
5.500889600893167364e-01 -1.076064681763386988e+00
-8.801633482702966305e-01 -1.388167543044726226e+00
7.406791393151778147e-01 -2.803937497100250642e-01
-1.449725532303641540e+00 -1.759281804641353308e-01
3.402957263656363196e-01 4.252887391588914823e-01
-5.717710303971794694e-01 -9.011908073034353983e-02
1.625628129753702300e+00 -1.127938379984829487e+00
4.510770809419579752e-01 5.632833620284222187e-01
-5.095219338103523787e-02 6.099178790200761036e-01
5.617459315880442006e-01 -1.747653015098139306e+00
-5.870603591436146518e-01 2.665798051544430169e-01
-3.742872736049287496e-01 9.919701688886736202e-01
-1.192377255544146974e+00 7.622488089254069177e-01
4.703030690416464266e-01 1.125025223348805614e+00
-1.078281297558891516e-01 4.244955282511224670e-01
3.641552250573889538e-01 -6.460875915574433304e-01
-2.521042030867338690e-01 7.350082560961358480e-01
-4.866632301876829825e-01 1.323843671693927027e+00
-7.860608242236999388e-03 7.577415461166699950e-01
-9.563401050564879213e-01 -9.157442347421337336e-01
5.108523736043364405e-01 1.550772486188803256e+00
-8.082354524803786466e-01 -8.391198612415307068e-01
-7.428831949267454826e-01 1.904022837528517309e+00
1.522783082530714704e+00 -1.513800339133056783e+00
7.495747626423641119e-01 -1.043877122252077516e+00
-1.127548582517999387e+00 7.867480229468928332e-01
-2.927421770516709376e-01 1.358908531449992463e+00
9.390822975081914992e-01 -1.020110739385522436e+00
-5.923587206163790642e-01 -8.963799685134264950e-01
-5.287718399931767843e-01 -5.228050066574616572e-01
-1.803593519873361917e+00 9.886728465893793727e-01
4.233880470721367306e-01 -1.087048136955556243e+00
6.423111496556616062e-01 6.274242777696046325e-01
5.588058309307404325e-01 -2.406074938482263725e+00
-5.856324113086491812e-01 1.436871523577893939e+00
9.730782136176204800e-01 1.702119572494169564e+00
1.163445761166383097e+00 2.851101552201534828e-01
-1.302078368247023166e+00 -2.580646603391796579e-02
5.224286244545710278e-02 1.278502616795512026e+00
-9.638457655224452747e-01 1.705382778433304214e+00
-1.691542400560373860e+00 1.180588684505047059e+00
7.101065151105111495e-01 -1.363684661990854918e+00
7.364104226230605565e-01 -8.857845814763060099e-01
6.173082220162541545e-02 -1.064042554962350673e+00
1.208500608676153609e+00 1.527725077071628634e+00
-1.690844890531788991e+00 9.746293284745929375e-01
-1.660023772641873396e+00 5.128869513446747685e-01
4.131334711172847118e-01 -1.624956063732299727e+00
-6.808707718204243253e-03 1.464680482413389440e+00
2.316431869847941361e-01 -1.430109216941077843e+00
8.322378512539058137e-03 1.076370330946967657e+00
-8.089408599484817497e-01 -1.066414355848454676e+00
1.290579680681699926e-01 -1.606463934060307075e+00
-5.130689853938846801e-01 1.045362431261479541e+00
-6.776215974405680464e-01 1.245748519318777836e+00
-1.009055900940659667e+00 9.222692630133223490e-01
1.558143678376772590e+00 -5.924196018705026046e-02
-1.280778073412594420e+00 -3.506497954149009888e-01
1.071091422584953046e+00 1.394917662434833838e+00
-1.620776788439567961e-02 9.457573541476004264e-01
1.570672218051255342e+00 -8.697816883448586944e-01
1.205664969778464934e+00 -5.333558261277360213e-01
9.063737384739114500e-01 6.151797238585356986e-01
-9.200493360690344957e-01 4.848730143218610289e-02
-6.992884628695984484e-01 -9.625406700398276838e-01
7.766203526893703524e-01 1.235705432344833543e+00
-9.946415517650200044e-01 -1.500644299165541318e+00
-1.190108521806383601e+00 9.188010629435028331e-01
-1.837186078464317696e+00 4.729649900833063358e-03
-7.050586322793981342e-01 -2.914429630759262757e+00
3.010606603746271981e-01 -3.631306995656020109e-01
-1.443854645903122735e+00 1.365891558353155677e+00
1.142656900477977633e+00 -1.339433276624215630e+00
-3.031813950114502498e-01 -6.798083766089774160e-01
-8.861104962659807072e-01 4.127248882481802661e-01
-1.506549280607416108e+00 -1.588427561780682451e+00
8.497485291535473717e-01 -9.942991368530405827e-02
-1.189221187933778401e+00 -1.410577186545064032e+00
-1.556788653277165979e+00 1.213391821749637556e+00
1.750915690655507673e+00 8.524330703601701309e-01
1.500477502390566320e+00 -7.730099730717848727e-01
9.705757273103657323e-02 4.847903639525357189e-01
6.735388956542872618e-01 -4.491147169670176020e-01
5.632650496228149839e-01 -8.049145523381766587e-01
1.066720723403665749e+00 7.254573165167939042e-01
1.128924282670651591e+00 8.031048197960385382e-01
-8.068783995258453912e-01 -1.190342278768335538e+00
6.066258191345839101e-01 1.485676991304802463e+00
3.676548288692266797e-01 1.203233517825004650e+00
-1.333387050439713173e+00 1.209120813936334637e-01
8.926305456726150167e-01 -7.923217521341487102e-02
-1.932663401180190477e-01 9.487067132304018990e-01
-4.246578572268034923e-01 6.342420835327199358e-01
-2.477602465851043989e-01 -1.764343197507963201e-01
-1.439683950043466332e-01 -9.966531024305019804e-01
4.465409388387114875e-01 -1.118948258953988972e+00
8.619001477366826647e-01 -6.270308515999761800e-01
-1.303278977054556309e+00 7.800047982870520480e-01
1.575471560866077647e+00 1.112061615047207352e+00
-1.692523161995147074e+00 6.180824052076796526e-01
-7.402801213609037090e-01 -1.534326759036453991e+00
1.122144193576232740e-01 -5.675391375916633008e-01
4.125835646069686002e-01 7.791543429279066402e-01
-1.348786265307734933e+00 5.804918501257224639e-01
-1.483049874203105523e+00 -5.480214519485150648e-02
1.556909172513860851e+00 2.472209278430981816e-01
2.643971324940373457e-01 2.086361412749133948e-01
-1.534808767848278466e+00 -1.310809564866609822e+00
7.698158625688058532e-01 -1.277776652538369362e+00
-7.204388803307651967e-01 4.015624360860031716e-01
-1.220735878896747506e+00 -1.281062783358858370e+00
1.996066732033407121e+00 -1.035008990525325245e+00
2.440509042754537283e-01 1.362676853085462714e+00
5.327191577076885176e-01 -1.284228170533619151e+00
1.414394149648050103e+00 -3.874750812040355652e-01
1.292098783560490238e+00 -3.692373106501302682e-01
-2.489368071805554139e-01 -6.259615995863385685e-01
1.288843624984437941e+00 1.480514608996828629e+00
-9.797473680716808353e-01 -1.470133044861470006e+00
-1.354132305366428035e+00 -1.558910277995084304e+00
1.667873084551992346e-01 -1.368754964023148890e+00
8.982702590100481999e-01 1.330529071670347507e+00
8.089796619000466649e-01 3.595237246587029700e-01
-3.607701340803790013e-02 1.503360731054070198e+00
-1.027764305190905114e+00 7.389015749222880292e-01
-1.291019825797165455e+00 -1.291848977835438284e+00
1.495037069718794465e+00 -2.790659438377600110e-01
-4.331008908433487958e-01 1.352126134569047844e+00
-9.043060701397920287e-01 3.877219244141900667e-01
-1.073993424418458742e-01 -1.069751252419825160e+00
-1.196165053306037729e+00 -3.647974062630967573e-01
4.047178969800572235e-01 4.035417449712079274e-01
-8.633620001179370673e-03 -2.622372936325204074e-01
1.151198891823611126e+00 4.950117077120044229e-01
6.555232155840525765e-01 9.748489615465349978e-01
-1.388539094101998161e-03 3.984273811220407358e-01
1.208618702594439043e+00 1.414559942269727921e+00
2.153467791641412998e-01 -1.368204682767459435e+00
1.502614911325976577e+00 -6.420485131818843838e-01
-1.403564964922510427e-01 -1.238141010261035735e+00
-2.879385485754081264e-01 7.807133705457787176e-01
-1.745167833989682282e-01 -1.299771832992748122e+00
-1.284575106593403016e+00 1.141331728436408177e+00
-1.329907976435009687e+00 -8.772902189471104561e-03
9.084988993608931196e-01 -1.203103670475402343e+00
1.674339076242280511e-01 1.287728962372121089e+00
-2.413727328565148100e-01 -6.106057407684437610e-01
2.957679762484263786e-01 -1.467357648231512490e+00
8.156526868801944330e-01 1.185904638759551988e+00
9.135953898824876740e-01 1.692284931892515720e+00
-8.737932369063681204e-01 -1.427509834728032168e+00
-6.041021375840407437e-01 -1.071119033808722643e+00
1.049386977983618241e+00 -2.273808941017814722e-01
2.408869541075389642e-01 -6.955922211100558084e-01
-4.597916528592557173e-01 -4.700944165575744738e-02
-3.662396655909845311e-01 5.773545273645197540e-01
-8.132518107534844054e-01 1.512492557555357720e-01
-6.647556748903238333e-02 -1.412085331221044848e+00
-1.384388697613066155e+00 -1.119583452391371248e+00
-6.725986673815399497e-01 4.521496812883494809e-01
4.518559956150856038e-01 8.201788172764121754e-01
1.213283452138977370e-02 -1.321459563218919664e+00
-7.426504593804708065e-01 -1.262728754926752295e+00
-1.122532460391522102e+00 -1.000610396913709010e+00
6.515351092544645617e-01 -9.572053500823106686e-01
-6.948292341110328119e-01 8.260602751822552214e-01
2.495019381408091208e-01 1.339663523502230558e-01
-1.326645858293331814e+00 -1.707550944841693674e+00
1.547984004024400173e+00 -1.658665513181034834e+00
9.954968737931793044e-01 4.876986879076392056e-01
6.201906415582887355e-01 -1.036915441559549844e+00
-1.927322037894859452e+00 1.052236092136118684e+00
1.008240616099308068e-01 -4.234318063792801845e-01
1.664404233386019838e+00 2.613242303771994846e-01
-4.868622494569035952e-01 5.815661526777248236e-01
-1.199216998568956472e+00 -1.033300981062969637e+00
1.463053018338781763e+00 -6.410575634682268154e-02
1.193559525666950893e+00 1.792662085350075207e-01
7.744183550453817011e-01 1.526151649153294043e+00
-1.132145654659063361e+00 -3.963837457571154910e-01
-1.345660484301362425e+00 9.444295330355459983e-01
-1.140455664286808002e+00 5.691815919514191524e-01
9.360825004306529973e-01 -1.319256267186784681e+00
-1.605505119106115153e+00 -1.284217320977229182e+00
1.053164846826890155e+00 -1.231672920388130893e-01
-1.279398608076907085e+00 -1.716888049644064995e-02
-1.343337042266518511e+00 -8.414597425716470180e-01
-7.349707259290373385e-01 -1.460560276011992897e+00
2.860668145866602785e-01 1.213162948161399246e+00
-8.509046489455467377e-01 -1.464062189730386043e+00
-5.920265981243726383e-01 1.120069015728142325e+00
6.677279366953717266e-02 -5.014749013898610608e-01
1.562655879122059721e+00 1.556040932451236092e+00
2.741161477840994287e-01 9.188570500693131748e-01
1.723226464269756342e+00 -2.456415962145601095e-01
8.162929041066815383e-01 2.979139551937340924e-01
-1.077111003466578287e+00 3.415460026301404550e-01
7.291846708962992363e-01 -8.739573492749691530e-01
6.652180454673828347e-01 -1.113017689755234851e+00
-5.603879772237524426e-01 -1.832771005683191401e+00
1.149118356756863468e+00 8.571480352400330516e-02
1.424246406828311162e+00 -1.392026419782559366e+00
8.166145763118037859e-01 1.498147039726581697e+00
1.282461503485339827e-01 1.064085700138095003e+00
2.719574053578142081e-01 -1.087534307937147116e+00
8.297020427673372778e-01 -1.169974750540854647e+00
1.248168558251939730e+00 -1.164595871626330909e-01
-3.448261351822811127e-01 7.310858304257227269e-01
-4.317204203794913209e-01 7.472078244382871492e-01
-1.410812772046303454e-01 2.272485529691951722e+00
-1.012860524457767919e-01 5.251945542656415444e-01
1.348212838475894459e+00 6.289889647102651082e-01
-4.065149096559209640e-01 7.440308497422035705e-01
-1.162665342572470673e+00 -7.001584661170835444e-01
1.439862106559788968e+00 -6.618405855754211364e-01
7.038465276116952218e-02 6.304343301494158558e-01
-3.392317053291420414e-01 6.108262103353165884e-01
-3.988518947764015943e-01 1.003650575289623648e+00
-4.856034444095231883e-01 1.316389027463967798e-01
5.706187434714881102e-01 7.423893368037638441e-01
-7.030418571303074238e-01 -2.997620860787186814e-01
-2.494510476766530760e-01 -1.632300398697076882e-01
1.522341436119449609e+00 -9.982351362436273634e-01
7.476487371432132267e-01 -1.273731341416860952e+00
8.322575374540860382e-01 1.534687464688935243e+00
4.754778563630674970e-01 -9.239368936395332410e-01
6.754282281363511720e-01 1.264519489937805385e+00
8.559371154554952232e-01 2.057903112612989027e-01
1.099749133301551662e+00 -3.508251275785031487e-01
-8.930469671135157772e-02 -1.437157053007987351e+00
1.107167192632988906e+00 -4.954111006446452747e-01
-4.756101005966910655e-01 -1.180775260180991632e-01
1.261254029047220948e+00 -3.251690894376906005e-02
-8.948745907393520493e-01 -1.320739917136583896e+00
-1.344781997246820460e+00 9.385231874284364340e-01
2.036659954933228711e-01 -3.553449174321958726e-01
8.148703984748023599e-01 -1.075870524595084615e-01
9.885358457865714987e-01 -2.016404638887067780e+00
4.175999493570720644e-01 1.305378020288758378e+00
3.220672275160492704e-01 1.351183459940932252e+00
4.050593339036599461e-01 -4.963161593317192977e-01
-9.555631160187763040e-01 1.681388321813179210e-01
-1.634206409096455426e+00 -9.940345660813453277e-01
1.060926720824628466e+00 9.820611900106578362e-01
-8.710859530238650450e-01 -8.769148984913003320e-01
4.886982817245791866e-01 -1.417704837080636882e+00
1.327802460414303498e+00 1.273383424412794840e+00
1.217453275992675499e+00 -1.179601901364829342e+00
-5.219428975650525215e-01 -1.365651098392786533e+00
1.471163938992133824e+00 1.190774439429859166e-01
1.062995013368827735e+00 -8.462797791647662660e-01
-2.565495971203696213e-01 1.418590125421406611e+00
-8.764782818315650648e-01 -7.229255730968130456e-01
3.355995608862272217e-01 -1.041250499258404627e+00
-3.902200199492489308e-01 -2.042876566335856126e-01
1.511607612428116587e+00 -1.524347050754273791e+00
1.800550622281449353e+00 1.035250969784100139e+00
1.354090873846505616e+00 1.079186728622837377e+00
-1.050330879176430976e+00 -4.256795949004347768e-01
-5.805726651920916082e-01 -1.157729673260884828e+00
-9.990413162079709863e-01 3.586979446147854356e-01
1.157704935035711147e+00 -9.165297822870260847e-01
-1.133587950079031792e+00 1.274998392090007648e+00
-7.018591754892664070e-02 1.466557712880940612e+00
1.677307109539341479e+00 1.071953221672087980e-01
-9.654796249644665984e-01 1.252679658579957334e+00
-1.520995863633977541e+00 -1.116339789955919537e+00
6.854523309578774981e-01 -1.853316657625609043e+00
-1.663099613328262449e-01 6.703270729882648826e-01
-1.217934735384398115e+00 1.007611571426629160e+00
-4.281227180953413036e-01 1.941381885508312866e-01
6.699785311485535466e-01 4.821279241133223370e-01
-1.105766474304427927e-01 -1.190508354332583618e+00
-2.352381318840525981e-01 1.094011829435075578e+00
-2.476832810612714930e-01 1.648017943893872017e+00
1.548885502523866586e+00 -1.541721891403310174e+00
-4.266568396358353388e-01 -9.316429980368811092e-01
2.842036264588095884e-01 -1.492979496904334846e+00
-6.873700189399929439e-01 -9.213931453274782912e-01
-1.022926509020483321e+00 -9.302470588882792990e-01
-7.818826380114999308e-01 -6.891935235698016804e-01
-1.680362621039501292e+00 1.248069038582506840e+00
-7.471983390324477003e-01 -1.313933401465917861e+00
2.570321408007756880e-01 -2.094789770745330681e+00
-1.749111528774759616e+00 -1.749072069190347634e+00
-6.323961590604917360e-01 -1.383011528653055544e+00
1.861043189249743657e-01 1.365092055477515665e+00
2.603563070238794630e-01 -2.077701341973874793e+00
1.915206722269624517e+00 6.446851510704743049e-01
-3.262128178044920723e-01 9.711855083853647708e-01
1.584939969255416470e+00 1.306028074536120798e+00
1.101571525335099944e+00 1.431353815935843210e+00
-1.562888053981378533e+00 -2.666442524337293007e-01
-1.020669759854659908e+00 1.171184439590061688e+00
2.125124825256525796e+00 -1.177862839435152909e+00
-9.757949154214264897e-01 6.668266687069308585e-01
1.545664528772870971e-01 -4.638209385921853722e-01
-8.047113701957325782e-01 -1.111494567691146296e+00
-9.546097822604446836e-01 -7.859877331068558792e-01
1.025276506038544699e+00 -1.742187242820357473e-02
-1.323793022851386114e+00 1.134287652434980531e+00
-6.489719370084680028e-01 4.253743721715740889e-01
-5.888902472376808528e-02 -1.472291621500014580e+00
-4.332580148614226800e-01 -2.831206608843860884e-01
1.465315872742707581e+00 -1.093232449565987974e+00
-6.560907749969030478e-01 2.196206714126201220e-01
-9.755722069528034446e-01 -9.511350917157744833e-01
-7.537568443188629175e-01 7.754868101615630671e-01
-1.246619082810846768e+00 -2.806802292297274071e-01
1.311000989421204466e+00 -1.093991185858500303e+00
1.553960425119200739e+00 1.023218209892110986e+00
1.604493047104757819e+00 3.847152101469154539e-01
5.913545809961282540e-01 -1.477131985816610427e-01
1.080494861330388856e+00 9.956295241654343764e-01
-1.360460824512406408e-01 6.791196972173355606e-01
-1.081196407661970005e+00 1.326653908129007409e+00
1.611776297910822331e+00 7.259095352066053941e-01
-6.152784483395046244e-01 1.299199708449688462e+00
-3.995866869266564425e-01 -4.948801450461081664e-01
5.551129534129374266e-01 1.111188691680514290e-01
-1.031832208137204165e-01 1.141230625057849890e+00
-2.239972115927713892e-01 9.149986561836837007e-01
-7.863128952600867416e-01 -3.112053006733602745e-01
6.568091334122667935e-02 1.074999845880435290e+00
-7.777717028519486320e-01 1.462525786537891115e+00
-5.512537069610631835e-02 1.431928918562430875e+00
1.606081436503840054e+00 -1.556736360923679507e+00
-1.127388355148944976e+00 1.058666229078835341e+00
-3.772804619565109929e-01 -8.934253921866931458e-01
1.726375275943754950e+00 1.056497168306169465e+00
1.499013135978352063e+00 -8.033441093139003231e-01
-8.616936050405252789e-01 -8.235153002522026533e-01
-1.419952796915036730e+00 -1.585340317126616938e+00
1.848908996217151490e-01 -6.127652735519049099e-01
-1.501650021000834556e+00 1.233130670184594102e+00
-1.435376129411828072e-01 1.524265658995828554e+00
-1.010021801596276969e+00 5.297736993930924898e-01
5.060118208577887300e-01 -9.175640411752671310e-01
-2.101756871049645647e-01 -3.327048009116480576e-01
8.701992552950134352e-02 4.935241888009097022e-01
1.128053645758441137e+00 -3.899104949529625386e-01
-2.142039694632579538e-01 1.273400090533162610e+00
9.201336034488915017e-01 -1.310958636451648562e+00
-1.349756415216638583e+00 5.323535475172868070e-01
7.661863957288577165e-01 -1.847058584348809651e-01
-5.651538288157609280e-01 1.830268137014520402e+00
