1.100492500668064783e-01 -1.088479225981881626e+00
1.466027349981728900e+00 1.154902877402896655e+00
-1.647944792401408343e+00 2.049456526945052204e+00
-4.123168665052807658e-01 9.681851563256214099e-01
1.765630606092617738e-02 1.360151957043503890e+00
1.077365642190371675e+00 5.893636311948873274e-01
1.595038121586020985e+00 -1.650049490786187123e+00
-3.013224598784941533e-01 1.550003274001398035e+00
2.531202855860249512e-01 -2.481765981615418060e-01
1.465279248063030004e-01 1.356948758507236785e-01
3.786676610643312513e-01 -4.306030600696010291e-01
1.351812155877151200e+00 -8.582740476367789473e-02
-1.521523875644208990e-01 -3.783237152308758233e-01
-3.996415661241790040e-01 -7.951306027560963718e-01
-5.275440388194946317e-01 -9.400701498641624854e-01
-5.413428803065873929e-01 -6.918423840394009039e-01
-1.022673174941570728e+00 -1.825283704373042326e+00
5.635177357986056457e-01 -1.033997569643798631e+00
1.082255567153113773e+00 9.712341361385026239e-01
1.610406375740135176e-01 -8.482251002382817928e-01
-5.969958103927542892e-01 6.655777864804576227e-01
1.598031417152272704e+00 -1.932580151178481476e+00
1.364077426198910592e+00 8.173555719071510239e-01
-2.790044958097486205e-01 -8.148058478622192125e-01
-9.029912825197253801e-01 -4.455111237165673699e-02
-4.807255641418889391e-01 -7.810101149503217988e-01
7.174885003947640838e-01 -1.148643151415384756e+00
-7.284187852355596959e-01 7.334259909825976420e-01
7.551640342343718393e-02 1.781469699868295231e-01
-2.070700766462937603e-01 -9.813143199443691289e-01
1.050876264275265370e+00 1.482806681006996474e-01
-7.557731130455244695e-02 -1.459832314407266685e+00
-8.037762074273255841e-01 -3.193847564446179454e-01
-5.723322318536498976e-01 4.498588337082916055e-01
-5.024510486663011921e-01 5.246874667875387477e-01
6.456104962046743667e-01 -1.577547077486635363e+00
1.282359060190376931e+00 -7.807929116300655892e-01
1.443563806724178944e+00 -1.147295541926713458e+00
-7.058795493260011655e-02 -1.368887288023729054e+00
1.258008308992680124e+00 8.789410988032326788e-01
1.108309324626759018e+00 -5.146836050465598555e-01
-1.639423884274755272e+00 9.825668561701665915e-01
1.412934265863137195e+00 -8.094732875677796979e-01
-1.486050167970824676e+00 1.114628390641910549e+00
-8.330680337549257741e-01 -1.514658470283164915e+00
-4.060555543561790159e-01 7.583480196831051678e-01
1.219796882571712593e-01 -4.816281654605989448e-01
-9.752995062070962673e-02 7.119031272334314098e-02
-1.383525394444489853e+00 -1.202316163051382752e-01
-1.792888766472740425e+00 -1.181597782779977512e+00
1.417078061663949340e+00 1.192992108963921716e+00
-6.429253921521840276e-01 1.685530584021943667e+00
-3.447863843039846721e-01 9.730314871820104905e-01
-2.897309747735089536e-01 -1.718215422578353246e+00
-1.809659384551336014e+00 4.502257523606163492e-01
-2.036439552082910387e-01 9.767380386831167605e-02
-1.211964040074125615e+00 -1.126484549221934861e+00
-1.384646471010908098e+00 1.663908214537289432e+00
8.749749894696287611e-02 -1.403035406892191750e+00
-2.587936815094242782e-01 -4.182230384074350216e-01
-1.436135532636302337e+00 -4.201316064262342609e-01
4.353550819537228556e-01 7.912214966075510336e-01
-4.006986722208024654e-01 1.414786720013875065e+00
1.718401983665468480e+00 -4.187558436982629084e-01
6.235701311314486572e-01 -9.698810000557717137e-01
9.649955745749622116e-01 8.968293450635751451e-01
-1.074055227404481450e+00 1.025855083773330678e+00
-1.026279425061140449e+00 -2.539285366789935106e-01
-1.015002885067344041e+00 1.560235097204057064e+00
-2.509510784994604116e-01 4.560676991323348028e-01
-8.460022168781718976e-01 -6.677356177896761613e-01
-1.426096694128202058e+00 1.297838185682495427e+00
-3.389112279507892067e-01 -8.316475669581897545e-01
6.220213573566358845e-01 6.116552870500227557e-02
-9.754633069479724528e-01 -9.435098623190830702e-01
-6.657086977938304617e-01 -1.248371939787299656e+00
-1.562374136368807509e+00 7.543811584317212660e-01
2.367919206830666756e-01 1.240892237560390798e+00
3.119449084889007739e-01 -7.531421641951662194e-01
-1.424567756769536508e+00 -1.262172613161721690e+00
6.065785348490966289e-01 9.153494914817037476e-01
-9.653838727331247593e-01 -7.393047291701669854e-01
1.278930833089382046e+00 6.211606582384734399e-01
1.142724573773440611e+00 5.101661072942044184e-01
6.682109791337210725e-01 -1.390128840805886723e+00
-5.688533529988520909e-01 -1.411205490317276601e+00
-1.580030087432241492e+00 -1.059015600068014651e+00
9.611212166258482625e-01 -2.115528452633053114e+00
5.056348249254546262e-02 1.352505780328044693e+00
-7.891699558608840093e-01 1.268307465788442778e+00
8.270989196020009926e-01 1.104947415149046153e+00
1.403876262423094490e+00 -2.715903277522666026e-01
1.130592682091670742e+00 -1.264132606917288237e+00
3.680706304178992250e-01 -1.142682797628685520e+00
1.166809013537591033e+00 -2.669001628618955513e-01
-2.627390534313375214e-01 -1.322643999155175942e+00
-9.248411735222158425e-01 -1.271791803678309352e+00
-5.905744907294337986e-01 4.726553356542134710e-01
4.795481721368417549e-01 2.409719772156606876e-01
-1.355972999052731609e+00 -1.177818025160865867e+00
-1.541300053155262972e+00 1.829648831816275412e-01
-1.423431308079710966e+00 -1.352188851653362833e-01
-1.513255502080757209e+00 1.067200479906503796e+00
1.489597629243311516e+00 -1.345718635651361517e+00
-7.716319488478933231e-01 1.722739800320421122e-01
1.824058455123800604e+00 1.289721738158219999e+00
-1.351578482789054902e+00 6.164419562179681567e-01
-1.163119231914786278e+00 1.243335651450507562e-01
-6.373548672043956032e-01 9.020573599376113805e-01
-3.812465724949689605e-01 9.132871832028093273e-01
-3.274662362276027361e-01 -9.517171437269852374e-01
-9.389934885801907161e-01 7.441174148706040103e-01
-5.474108963959382068e-01 1.209569312808541630e+00
5.252493478177652220e-01 -7.922631158153149444e-01
-7.468171254002063941e-01 1.740067795699833164e+00
9.662830194210428880e-01 -9.349793449417989066e-01
-4.192666884266255112e-01 1.611475666332679024e+00
2.524853196861049920e-01 1.097977214090897491e-01
-1.414909950275007322e+00 1.021398586424572541e-01
1.127368109849811395e+00 1.442128768704905140e+00
-8.122306533154751707e-01 4.373726535388389181e-01
6.948248890778782050e-01 1.499027524760973007e+00
1.224961364633271044e-01 -1.113814777288317348e+00
-6.568038522985125693e-02 -6.819854720383823343e-01
2.804106785218262177e-01 1.077662444467788250e+00
-5.275471036715529971e-01 -9.662669132507517578e-01
2.410543626272074746e-01 -1.177077616951456518e+00
8.116330248481505860e-01 2.839356983539363943e-01
-3.220946382274116060e-02 -1.250927984053424424e+00
2.353534342132718726e-01 -1.643833291233719684e+00
8.000075639338311007e-01 1.168094388900733582e+00
2.612177799717290139e-01 6.870485989651953229e-01
8.018392426320726518e-02 -4.077048475506283021e-01
-7.339417596859353354e-01 1.575458515959395678e+00
7.775404260842104787e-01 -2.233277405064030274e-01
7.597778056174826489e-01 -1.221601260589876503e+00
1.093539989496634668e+00 4.968617324972005589e-01
-2.679637311406897204e-01 -1.896210077082124412e-01
-6.629919967753836740e-01 -3.331951091205279103e-02
1.522138305691848936e+00 1.261333162425208432e+00
-1.732246985029443520e+00 4.766357810764566549e-01
-8.771730022429522489e-01 2.257447348582347912e-01
-5.604120738894147191e-01 -2.083322721973036584e-01
-1.045409348745092615e+00 8.771918981650805858e-01
-2.095678678244464965e+00 -5.034146278294274746e-01
-6.667320753354927243e-01 1.472465894398561570e+00
-1.842497033916045690e-01 2.089205802851735461e-01
-1.277752849431353699e+00 -4.008760436260349613e-01
-3.792846318734396371e-01 -1.227345770061181618e+00
8.077086302973518483e-01 -1.512301423561987823e+00
-1.139010483823292841e+00 -1.185591631191471818e+00
-1.103180093430696340e+00 7.419403544615782442e-01
1.082086473527634540e+00 1.179825588636900235e+00
-9.105215658276795132e-01 -7.049941445955455466e-01
1.166976363526243121e+00 1.441650749626888883e+00
4.614418203090173698e-01 -1.267446627100406120e+00
2.701758557309114073e-01 1.170916849825408113e+00
1.456018969070177915e+00 -6.457136587881795453e-01
1.297044869358918273e+00 1.244845010228958326e+00
-1.158388661458782248e-01 6.108783760509581273e-02
-2.245644845219518515e-01 -9.419256295365860954e-01
-1.438862580638123223e+00 1.481875456053496576e+00
-1.279120470274168975e+00 -1.335972345176458020e+00
-6.595748987176067689e-03 7.759242672637987059e-01
-1.690225689715445512e+00 1.193005398766755043e+00
-1.230068931515041264e+00 -1.338638285884085510e+00
-1.409877853000323089e+00 4.422478414348560705e-01
-1.063790238658632176e-01 -5.080986299738168288e-01
-6.768472665774174502e-01 -1.178834996763891141e+00
6.719770337233427204e-01 -5.503412022773129797e-01
-1.244568241139425657e+00 1.260065477444046511e+00
-1.635741852075475844e+00 -1.380518185887199989e+00
-3.075655079974296546e-01 -6.238124809628610157e-01
-4.457562912514557718e-01 3.493861442348392687e-01
6.794525340314657713e-01 -3.113291632480246207e-01
1.110780712764525946e+00 -1.052693256016003498e-01
8.265067573695221714e-01 -1.498400302509691029e+00
-1.197932712388753540e+00 6.337713058438235736e-01
-2.550077595244125694e-01 1.518402766350021915e+00
-8.857847521199266883e-01 2.614916692926652075e-01
4.089154349212029693e-01 9.662257936547442583e-01
6.957260233792595949e-01 -2.321705589778508827e-01
1.213624130380788868e+00 -2.455832499309379413e-01
2.997256631762321710e-01 -1.060229971945659599e+00
-1.261526531794122219e+00 8.778974076084542499e-01
1.712450923962518967e+00 -1.218594271265108109e+00
-3.231788573847055535e+00 -1.778475323114233175e+00
1.694820161539298375e+00 1.473694439559881886e+00
-1.937992840645065898e-02 1.375723428096010448e+00
-1.386052669460794418e+00 2.302652827248447276e-01
3.842810907558207312e-01 -7.439951942816329655e-01
8.006847325905819268e-01 -3.311114278812045397e-02
9.488197796226923719e-01 -1.083705401082470932e+00
-1.256115043621208391e-02 6.099272153925821005e-01
-1.462539344902621385e+00 -5.514142320174175715e-01
-1.145051249092994272e+00 7.608622922272884059e-01
-1.485085119829495870e+00 -1.141623456135718806e+00
1.561914679380802529e+00 -3.237517037781415530e-01
1.219175560079420739e+00 -1.556418143286582900e+00
1.187880545369805141e+00 -1.491029205862545448e-01
6.602105112389291541e-01 3.406448438949707391e-01
-3.333458401236925051e-01 -2.288562092329259556e+00
6.569089238677477960e-01 -4.471733477954920044e-01
-1.192624739211390228e+00 6.250387016441618648e-01
9.441977463112073421e-01 2.772085421876939737e-01
4.691290289577386696e-01 6.196374340303372197e-01
-7.982216381601309196e-02 -5.376653194673332026e-01
7.137162917305480692e-01 8.308409053389667620e-02
3.382623541781343279e-02 -4.188841479820755165e-01
-1.939144391933583511e-01 -6.078416558770365352e-01
-9.985030803732051208e-01 -1.234328660412017609e+00
4.946446882232210379e-02 1.557743970534953004e-01
6.618116223324688185e-01 8.176360483485960451e-01
-1.692850461987091881e+00 1.410652090066712994e+00
1.199150349675770943e+00 -3.282020175095063941e-01
-1.828131686089091490e+00 8.882068386033761254e-01
8.522173282800395988e-01 6.468393212898757572e-01
-6.998794506593409848e-01 -7.736089239716831267e-01
1.700592982327541858e+00 -2.969963319681033553e+00
-1.026401711967929176e-01 -1.245102174379452142e+00
-1.426137920254079816e+00 1.871184438739727229e-01
-8.882382755086580817e-01 4.858903548990215482e-01
6.342727952469914832e-02 1.578513093438329573e+00
1.004612179691919543e-01 2.855064177023971528e-01
1.377711444524959417e+00 -1.164639739710332078e+00
9.129976170570766048e-01 9.247700262047668929e-01
-7.713317804115439325e-01 -8.791803499186863491e-02
-6.362227202214615351e-01 -9.631312034178972636e-01
4.224585461542909037e-01 -3.043330223544129520e-01
1.334996581644153912e-01 1.234241029155892955e+00
1.003089116653378410e+00 1.298791191657377331e+00
1.271148341944078997e+00 -4.782043681935482793e-01
-5.632590737640987832e-01 2.138818803954973535e-01
1.469564440543190062e-02 -1.164986332520607348e+00
-6.368128125124677963e-01 2.484271882558662659e-01
-1.552912550014380888e-01 1.889121079122612068e+00
1.608964017452433615e-01 1.227721439778341139e+00
-4.896697484183029081e-01 1.359053119574222368e+00
2.609697101261232444e-01 1.332956190603598490e+00
-2.674004387008432015e+00 2.813275450130997779e+00
-1.568310815803761527e+00 -9.898136187730823821e-01
6.167314988679436505e-01 -6.883014958518280935e-01
8.262944728037585618e-01 -2.677895038252502413e-01
-8.632134957946049347e-01 6.592919985524595683e-01
-1.052546285744745846e+00 -4.742049430862022019e-01
1.363620709914368512e-01 -3.836717006053185219e-01
-4.692903922535710676e-02 2.581439773478380051e-01
7.400035050863655872e-01 -8.403147639352872567e-01
-1.054258359198345207e+00 2.376631842447478882e-01
-4.224925117177924516e-01 -5.692349802316343244e-01
7.367088249847995041e-01 1.125034614485129092e+00
-2.895101832075056558e-01 1.257214610377890729e+00
-2.417262269931607852e-02 1.286207712071014919e+00
1.138959575537263208e-01 6.682736118720528085e-01
-6.519747704670416644e-01 -1.575890028281026756e-02
-2.996012664247824642e-01 -6.811039073299960389e-01
2.496153414463393172e-01 6.332003596984200344e-01
1.575933492862647833e+00 -1.411352907945595758e+00
-1.541563984219995298e+00 -1.678362244013566817e+00
5.220330913988812105e-01 7.048485183541695065e-01
1.403937789795032698e+00 9.227376854800684036e-01
-6.270774467938469154e-01 9.457736749490416872e-02
1.022947092444872252e+00 -1.225779431710223077e+00
-1.189350395606983080e+00 8.777910495054739304e-01
-6.511964796218572271e-01 -1.249038451418687634e+00
7.197955707161799443e-01 7.928333731159050712e-01
2.254567803265618009e-01 1.588268675283196485e+00
1.184879241362474023e+00 -1.246441140340083020e+00
-9.733143294414846602e-01 -1.133353443948366568e+00
-2.207532731365622336e-01 1.582035764422667634e-01
-1.166044720671600976e-02 3.413962232286625875e-01
-5.635190832466142885e-02 -1.541510346905056394e+00
-1.089727029731757807e-01 -1.698922343380285360e+00
8.593728084538355683e-01 1.807292900850816508e+00
1.517912091788307993e+00 3.335005713755980761e-01
-1.026932846001755051e+00 -6.975533095406541428e-02
1.273316235307613287e+00 1.511783486108562391e+00
8.395174623575829553e-01 1.306181566814168526e-02
-3.663840602211549946e-01 3.501173046600256633e-01
1.460899696181370278e+00 6.164477854763953379e-01
-1.586168538684217699e+00 1.037255658839993266e+00
8.555493889734872015e-01 -1.149797475090711174e+00
1.675202957280971461e+00 5.466790000045498310e-01
-8.529252469687634841e-01 1.673174697166424529e+00
1.129247030103052163e+00 1.210115943081885748e+00
-4.619973909828095637e-01 2.671708137380840453e-01
-2.744859865407294208e-01 6.543877628977654570e-01
1.864469067498000010e+00 1.448482995990469036e+00
-9.841947294905756261e-01 -4.130056503705989979e-01
-1.245635557644057645e+00 -1.419337027513460026e+00
-1.884982611855012591e+00 -6.734376850177200557e-01
1.411230933920257558e+00 1.023823149236239516e+00
-2.659556000309397650e-01 -1.614263499285800263e+00
-1.870207398757000483e+00 -1.533008505243549813e+00
2.121650876994744805e-01 -2.571405036724716542e-02
6.305588244567229550e-01 -1.383064827289232968e+00
-6.699023811395919958e-01 -1.092692927302758799e+00
4.778198605492712803e-01 1.447313360544808969e+00
-7.202687894737930252e-01 -1.622602424112320918e+00
-5.724809409785966974e-01 4.667933544917174382e-01
1.725633318167136165e+00 1.554632610193701581e+00
-9.384695365703269454e-01 1.311056704800292572e+00
-3.755424718021210806e-01 -1.801071270166667015e-01
-8.715897328436726932e-01 1.586510686878581433e+00
-7.600601299930433985e-01 -1.310000016665549882e+00
2.313813980381345115e+00 -2.461346860385406898e-01
-4.490805235193247036e-01 5.176666189819815189e-01
-1.314458826999661767e+00 5.366753964547353872e-01
-1.142927822891310230e+00 1.014290554772089514e+00
-4.271490412647571677e-01 4.898194569619940264e-01
1.256702419825492578e+00 1.240797286759959928e+00
-6.709622582111226530e-01 1.024299203984239126e+00
-1.435045138168361545e-01 3.012081306561226191e-01
-3.096698469054447456e-01 -1.110120376261755526e+00
-3.395032954603565134e-01 -2.659014278957570476e-01
-1.011793325622819983e+00 -3.696167027668588734e-01
1.031565508869554559e+00 -8.378063428711589600e-01
-8.365500493412848793e-02 -5.672373006661379780e-01
-3.694194698986885683e-01 6.118729436735799165e-01
1.445604846092261031e+00 1.495692592651388875e+00
7.643569084656973711e-01 1.243962963674647648e+00
-2.923892670956780293e-01 1.480905329254187164e+00
-1.793149114366330565e-01 4.792827472105010145e-01
9.735988728705153861e-01 1.109721874041573741e+00
3.154680037057361330e-01 -2.402852622856034959e+00
-4.041176096758960501e-01 -1.037810301431554505e+00
-1.434598464878121149e+00 -1.161548197155768625e+00
9.376709794178911261e-01 -1.464562139688013742e+00
4.196923037198822815e-02 1.642845335586950561e+00
-1.287418224809405265e+00 1.308785139232296890e+00
-1.044010421333019467e+00 -1.105657684102475002e+00
3.526894493805344810e-01 1.320877841020594301e-01
-7.041239584035896559e-01 -1.300131655477618553e+00
4.135270195700557760e-01 -9.816197889330746662e-01
-5.832652288154234199e-01 1.295904801484528468e+00
-8.224184712069102510e-01 9.263139533075444021e-01
-1.161713438465584947e+00 3.737845717765668763e-01
-1.763724663068499732e+00 1.203813741448538810e+00
1.777966847580018106e-01 -1.428142323125604962e+00
-9.942807665074712142e-01 8.586763204876559641e-01
3.093976950399318637e-02 3.837166867157010275e-02
1.452550280071664757e+00 3.592394652896652163e-03
8.906660696495373175e-01 -8.681090911291983181e-01
-1.545677971841252329e+00 -8.502499121668386506e-01
1.559324049441184190e+00 -1.572602480668834568e+00
6.524512204136707627e-01 9.020861841845879692e-01
7.429738068571661858e-01 9.285233071630853985e-01
3.868431993381393763e-01 3.294283817048249130e-01
1.607648637870954467e+00 1.336675299596923328e+00
1.580723580207707757e+00 -6.129837395148041157e-01
1.314095327658782786e+00 -1.159823564429347309e+00
-1.573980332630734003e+00 4.874240722552714011e-01
-1.539523039834247875e+00 -1.563247395777850546e+00
-1.449090752977368890e+00 -1.030916572128579789e+00
7.326986640623729397e-01 1.160377447371241377e-02
2.672377288239973225e-01 -2.826244269247062402e-01
-2.214505704704442801e-01 7.161855400353812628e-01
-1.089501708109448685e+00 4.162633871563852228e-01
1.716248696663461581e-01 4.348996232447840393e-01
4.405698001983608947e-01 -1.612075750062018864e+00
3.842079603885453221e-01 4.631553624221433907e-01
-1.663969118042283979e+00 -1.244290780579054623e+00
1.739949068589013770e+00 6.739057834623217724e-01
1.379186324160370347e+00 1.266025495788611233e+00
-1.041872334341391593e+00 1.613229596910186192e+00
3.029971522351331270e-01 9.293710255595923897e-01
-9.310219641969372795e-01 -1.701953335336694906e+00
-1.271845607293641267e-01 -8.337542368011870986e-01
2.680105459489063868e-01 -4.284424441137835160e-01
1.107341371752188636e-01 -1.449100138599273668e+00
-9.439694984964906999e-01 -2.042590823080021600e-01
1.012625853983760482e+00 -8.451049466778847163e-01
1.313541037791729205e-01 -1.544934159931552475e+00
-1.492872704756916136e+00 -1.446360621788721934e+00
1.298174843858125982e+00 1.457328988924079471e+00
2.648332062566013168e+00 -8.022577321936741335e-01
9.217239038158440978e-02 1.341227027220557311e+00
6.510440107164662260e-01 1.802855961720202904e+00
-1.774975230496596890e+00 1.007081000824908257e+00
3.293600908396782101e-01 1.878711994221176906e-01
1.355501902644101309e+00 -1.297938812950865106e+00
-1.100748277960520216e+00 1.213960851977385458e+00
-1.252543703826359156e+00 1.616492430968805349e+00
8.598837325806021337e-01 -8.667624699678287969e-01
-4.651851806921678545e-01 -9.777147918357897982e-01
-1.616694068862506217e+00 1.481354190223221901e+00
1.461302889593089516e+00 -7.796855022804207724e-01
2.073624746652556472e-01 -1.188920065357229605e+00
-1.606698977190437416e+00 1.187027585187797163e+00
-1.318344036701438515e+00 7.031907691465413279e-01
-5.132605494747305430e-01 -5.703673221350111788e-01
7.014013669125034323e-01 -1.722371436205747175e+00
4.629110963213696195e-01 -5.099926886049697128e-01
-1.712242043728268159e+00 -1.843815069776547189e+00
-3.344148620594377119e-01 -6.428503452445832878e-04
-1.235407863874484979e+00 -1.541801054947137706e+00
1.284651202912297230e-01 5.134816217290492091e-01
5.177630237283993297e-01 1.735205770632404443e+00
-1.703505790922291707e+00 1.254775705922835938e+00
-1.191922947600285276e+00 1.282732888150155848e+00
-5.371114126282374723e-01 1.399396164466184256e-01
3.725001136635591736e-01 -1.719127610118910576e+00
-9.414847287374576990e-01 -3.542298297768946558e-01
-3.372763910893817885e-01 5.318558454850274009e-01
2.421907410134750416e-01 5.277743815932878224e-01
-7.021408418580049604e-01 -9.426399789597299517e-01
1.371463764733479973e+00 -1.434509133050817731e+00
5.566708048136947973e-01 -3.901880798568430064e-01
8.582694291328007985e-01 -1.945412876180459549e-01
1.957887809631066456e-01 9.913990588269359083e-01
-1.636594271045212823e+00 -4.182241990370354490e-01
1.634969918458196947e+00 -1.167010405814615126e+00
-5.104371603679818126e-01 -9.784833131461274647e-01
-6.919942719155529609e-01 1.698541915210118436e+00
-1.072730558496192144e+00 7.912122264232610558e-01
6.637416741368730444e-02 4.575362445006022627e-01
9.337971899088437500e-01 -9.752240225890124181e-01
1.504582154733964394e+00 9.671601568683174666e-01
-7.515008301364506371e-01 2.176494559059682088e-01
2.931226772559199223e-02 -1.869600590437418275e-01
-6.303257685656072917e-01 -5.667261014270642550e-01
-9.092339866077666644e-01 -1.608645838947815598e-01
-1.722311474207909310e+00 -1.733335966394474514e+00
1.567274920682046047e-01 -4.906089153221764310e-01
1.122779357468026706e+00 -9.992788529833385169e-01
-6.584929640617983582e-01 -6.484327887052087069e-01
9.799832705388226151e-01 -9.874241477504067666e-01
-9.216626550353792524e-01 -1.040556489730241729e+00
-3.216403017747092585e-01 1.650925997162913994e+00
1.572642004671718774e-01 -1.663233303250949424e+00
-7.184401125138241140e-01 -1.510380808991912405e+00
3.221858656907328200e-02 -9.772693731036633524e-01
1.098547427248915964e+00 -1.475556365545279691e+00
7.338331079713955596e-01 -1.497660694471047105e+00
-4.726661925815239806e-01 9.688758550314719997e-01
-1.359389712662030680e+00 8.520375944585147909e-01
-1.037457538420913261e+00 -2.403526177896878835e+00
1.256706895148943071e+00 -3.097940870262698154e-01
-6.826137788584693000e-01 -1.773086135111192396e+00
1.591773130189127805e+00 -1.076562431945866649e+00
-1.399992454668661790e-01 2.197155828155082258e+00
-1.382523147127557306e-01 -2.216824017709628336e+00
-3.785901769698368780e-01 -4.367180121376711410e-01
2.041470964859660453e-01 6.868303824439232486e-01
-1.741041486462733268e+00 1.387590132219183925e+00
1.092547237468858956e+00 -1.515126630403304642e+00
1.061649364983912935e+00 1.672193436633417074e-01
-3.852857218834762065e-01 8.523072087091156934e-01
-1.327769000967558011e-01 2.344931957125858946e-01
1.119819493435516150e-01 8.596701861805673417e-01
-8.076522091488802513e-01 7.178911528144398257e-01
-1.137718675210043884e+00 -8.096633374029369445e-01
-9.348109811250681078e-01 -1.298646548289192071e-01
-1.276978634522581979e+00 -7.931660342936655006e-01
6.986270006962290724e-01 -1.494049508483327182e+00
1.781203589222668082e+00 -1.489320435386685682e-01
1.021807678138860087e+00 3.349591595651703058e-01
4.518403494004313847e-01 -3.045584150017536240e-01
5.254714391050387956e-01 -2.687907050778032825e-01
1.116117706028117718e-01 -5.864041768573979851e-01
5.980383601825441930e-01 -2.419088961763665724e-01
-6.871773373910897709e-01 2.613416089505313789e-01
1.328503565384559382e+00 -1.116917493527279426e+00
2.852042426495522420e-01 -1.454903844409898284e+00
-1.295810100529522391e+00 1.536234953863014008e+00
6.814098432885373757e-01 5.048772570401588444e-01
-1.600903698725012925e+00 1.259601757659558396e+00
-4.013283326261438688e-01 5.744224223980874955e-01
8.993222398787874272e-02 -1.742450732170951477e+00
1.753020456753482184e-02 -1.197934654683926459e+00
4.567970188062586701e-01 -1.947140861724623084e+00
1.549076982628012633e-01 -1.422059485822092295e+00
-4.826631176056205286e-01 -6.670608999411925533e-01
1.299428124369931048e+00 -2.927787790941993595e-02
-1.295422740492394587e+00 -3.296287309543989297e-01
-2.399559788840693597e-01 1.269046597475802285e+00
-1.697035345408518664e-02 1.120739827012450895e+00
3.238456541228980079e-01 -2.221437064857853638e+00
-1.409969632139574380e-01 1.356056414590671999e-01
-1.187541551692236519e+00 -1.560014888317514670e+00
-2.543926456559140181e-01 -1.335462774859139445e+00
-6.732268129855567551e-01 2.189334289930104926e+00
-1.370311616388333986e+00 6.013226041033704616e-01
-1.443914776903477915e+00 1.380840604615596545e+00
1.561709065973635013e+00 2.777734661863091592e-01
8.886172070694168257e-01 8.988285168185057294e-01
3.243798271371776121e-01 1.192067154121041472e+00
-1.089595455578204586e+00 2.630536763830544356e-01
1.762939306108723070e+00 -9.114195185164798430e-01
-1.730787510645122262e+00 -3.337076635175763029e-01
-1.065238399358579002e+00 1.533358416354955178e+00
-9.154797803935187106e-02 8.937150907514166409e-01
-9.574188382443954426e-01 1.702130934521692618e+00
-7.743750652272087809e-01 -1.933948000926898336e-01
1.542924950478106183e+00 8.061506438336704106e-01
-1.578894983744328462e+00 -7.149970017106339615e-01
3.233700532054990529e-01 -6.951735806996028888e-01
6.574091683942989706e-01 -1.487262758867875734e+00
1.575033303767091053e-01 -1.531528283502847865e+00
-3.093552323458921283e-01 -7.633096368036311752e-01
-1.802732898500652436e-01 8.642779795273218824e-01
-1.369879413507250288e+00 -1.005804476067027275e+00
-2.609846444747881966e-01 -1.492803813759939480e-01
-7.098424652931191181e-01 9.174723561464903643e-01
1.433690419399259230e+00 7.984748160161070363e-01
1.493363302171859253e-01 8.709037152464199627e-02
-3.148151035102761952e-01 6.059186506543171591e-01
-7.057485407741025396e-01 -7.600265214427543992e-01
-1.695677668259453208e+00 -3.371360459458274672e-01
-3.375599306854892845e-01 4.946210417341728727e-02
4.895454720648708680e-01 -1.098837171819124547e+00
1.267277943109441363e-01 -1.822168457453697821e-01
-1.717308678599427596e+00 9.941574308421223805e-01
1.319936122233455356e+00 -1.386018416005033949e+00
4.137029627514069441e-01 6.905761551522252573e-01
9.742246998592054563e-01 8.842393542928472794e-01
-8.412560571883602734e-01 7.552934888724415208e-01
4.568349354392723383e-01 -1.682522797604476261e-01
1.893616998570901988e-01 -1.264535897426052768e+00
-1.279459290104501164e-02 1.080894669361779803e+00
4.700368247635759722e-02 1.088518447974513581e+00
-4.193551649613428411e-01 9.050319799765094153e-01
-8.206747964925348304e-01 -1.244202481663564841e+00
1.082740195166692398e+00 5.394201046982251002e-01
1.124272252153850182e+00 -2.640670313288456805e-01
5.664065066775696433e-01 1.302268659933371264e+00
3.891578295536325394e-01 -8.638061285338966000e-02
1.701647776159975756e-01 6.695314007660979616e-01
6.844443832652087334e-01 1.114133376490785698e+00
6.038908614385972706e-01 -2.891984070847711252e-02
-1.259649008075266335e-02 9.274593506959472045e-01
3.501289406233289991e-01 -6.965287984622253736e-01
-9.900311986678106413e-01 -9.953432131824384577e-01
-2.978306058011479518e-01 -8.178823921172786449e-01
7.241344057472924867e-01 -2.882017724196825892e-01
8.893767716621264752e-01 -4.864735701322929762e-01
7.679691399063360846e-01 9.075857702360927703e-01
-1.408147472321229277e+00 -1.150232371742546000e+00
-2.782037680734122075e-03 -7.809790446322074642e-01
-8.021718634986131358e-01 1.355024931160526469e+00
4.528368071920555460e-01 2.745060757621942127e-02
1.286977416861827095e+00 -1.499573485222698288e+00
-1.806771405213140058e+00 -3.989721426651850478e-01
-1.187397363724391086e+00 1.646584223953012405e+00
-5.989951564130704398e-01 -1.703299709315994948e+00
7.560786984556613355e-01 -3.970384147680190434e-01
-1.655358666830770709e+00 3.916795245552521232e-01
-4.704453534116387337e-01 1.537934743015460237e-01
-7.966213989511284899e-01 -1.069076930000296466e+00
1.268802684995712637e-01 2.800182605271136493e-01
-1.373936680673288890e-01 -1.819853142558186088e+00
-6.987541742082102880e-01 -1.014510486224138530e+00
-1.209597525546336039e+00 1.247205073491644667e+00
8.568942372021134402e-01 1.642486319817702212e+00
1.255880129810309942e+00 8.645108096613354220e-01
-1.423961832024449370e+00 1.082355163883753357e-01
9.421359044358211809e-01 -1.379069611450638888e+00
4.997046355077972013e-01 3.828396634110300401e-01
-2.838603763538082719e-02 -1.138044995915240332e+00
-1.184390365062256922e+00 1.404846455384076931e+00
-2.630636654807635422e-01 -1.008812032697845584e+00
3.114712920225748416e-01 7.674467389089107972e-01
-6.515693293516294782e-02 1.016748926301963785e+00
2.588523955634869367e-01 2.967283321106078953e-01
9.428743049221239847e-01 5.167571733967208925e-01
-1.345398468749042786e+00 -8.716238760032311017e-01
-2.138145989777466394e+00 1.260444533355582042e+00
-1.675000023803958349e-01 1.180602454482656327e+00
4.929611281080370500e-01 -1.270537008792338884e+00
-4.997641850434481059e-01 7.551196748570117023e-01
-1.394452374363650549e+00 -2.577938596633444490e-01
-1.484597835419620537e+00 1.307575716890252426e+00
-1.707525513733604727e+00 3.417996243220777774e-01
-1.011408692358619632e+00 -8.426273122572176533e-01
1.363353936153806956e+00 -6.001598502059505291e-01
-1.747665448669991628e+00 1.087176166320346304e+00
1.550633994888435119e+00 -4.582345206680167315e-01
-1.107914684199385741e-01 1.366417455755650545e+00
-9.149116193766644312e-01 5.817073028994887429e-02
6.686793973616915743e-01 -1.014609939835847463e+00
3.068773926568149069e-01 1.053942971740472023e+00
1.693691280406705302e-01 -1.114975441267808121e+00
-1.703534752896111337e+00 -6.292706821213683854e-01
-7.581585860651319786e-01 1.301521462588888678e+00
-3.788469428267864370e-01 -3.118842674616004729e-01
-2.038258531204909796e-01 -1.650211392541998667e-01
1.285477678703922377e+00 -1.011641605939816779e+00
1.111489223078100608e+00 2.685056640675398398e-01
-2.807213405311018706e-01 -4.907337675772192043e-01
-2.039419598376006060e-01 6.487737894453918241e-02
-8.064994270924645825e-01 -4.936420898374038746e-01
-2.051520209046635568e-01 -7.377621848851577679e-01
-7.039235719674299396e-01 -1.339174673515647895e-01
8.005082311721459787e-01 1.009656086459852276e+00
-1.065426546273172750e-02 1.970941978394266381e-01
-6.868260765764113707e-01 -1.745357551126293538e+00
-1.111238404972254790e+00 7.958481114975503035e-01
3.655499100469610241e-01 1.039829057699621417e+00
-1.370622364671407745e+00 -1.137913993347664299e+00
-2.487813402969641929e-01 6.947224885597566013e-01
1.346748414974121122e+00 8.195391524495383440e-01
-3.120396928340396503e-01 1.333630763258329521e+00
3.963777898161561231e-01 -4.323479505618816887e-01
-3.257395133704040768e-01 -1.170343279639578737e+00
-1.253621208835342227e+00 -8.532723635666622508e-01
1.340978262673103938e+00 4.337023698608625244e-01
8.504040808607845614e-01 -1.447067245023815119e+00
-1.260560138314121170e+00 1.171075584047760021e+00
2.794179365990493435e-01 2.823251263753268070e-01
1.059574092230944231e+00 -1.485015902851484215e+00
4.248996525256203416e-01 -1.416807011048641707e+00
1.410713168835464826e+00 -1.478469668101927703e-01
-6.841104720653723437e-01 5.611034227506639382e-01
1.234959190037925536e+00 1.132319975971753712e+00
1.125305290349781107e+00 8.217248744408049976e-01
-1.108052059484954111e+00 6.827715983422817381e-01
6.726078473415998404e-01 5.930908741316204269e-02
-5.952542229405186625e-01 5.840151729276060744e-01
-3.394574496347354531e-01 -9.037172155367247939e-01
-2.794584863890983151e-01 -3.143046195706864498e-01
-1.416005349472004404e+00 -1.933817073886158200e+00
7.446570939066853301e-01 1.154655564507483856e+00
2.940299431557750198e-01 -8.285202490945772213e-01
3.678973832501506447e-01 7.840045029267534993e-01
7.639446776337279754e-01 -3.378106673224802181e-01
8.708990296624428140e-01 5.605274496996046629e-01
1.437766817348358206e-01 -5.419435221956675486e-03
6.158968984670621927e-01 -1.247576401571844684e+00
2.780674226768281576e-01 -1.002524440496616931e+00
-8.011405087327607699e-01 8.705285764473178478e-01
-9.594069778970021334e-01 -2.812634484485987407e-01
2.405511002754868732e-01 3.739934747028048623e-01
1.170503981872269117e+00 -9.241252182437293961e-01
1.584927504997887482e+00 -3.733445485005321696e-01
-1.111153198640368045e-01 -4.289696680145219654e-01
1.616073618303987880e+00 9.650539103488127157e-01
-6.408751721338753482e-01 -1.047722545266687399e+00
8.661069463171094940e-01 2.126948217528255858e-01
-1.281216677371551871e+00 9.837558193619195812e-01
4.451672262276955561e-01 1.007523587968124079e-01
-1.267083077770827515e+00 5.809806474073274662e-01
-1.406435875166353489e+00 -1.342433547307897213e+00
-9.110138513286437645e-01 -4.157854411741993550e-01
6.919909637118530910e-01 1.055532755170535131e+00
-2.138420256643021877e-01 1.488989241379985451e+00
9.361031391048013628e-01 4.961254355877193767e-01
-2.434228030458262804e-01 -2.686590045791656389e-02
-1.407805826858995468e+00 -8.500671828363299820e-01
-5.405891353657916731e-01 7.551221004206606358e-01
4.309444411041805090e-01 -6.931540924967113382e-01
-1.428207295891054773e+00 9.502798554240416973e-01
-1.736510869774643417e+00 7.758111378896045407e-01
-6.623335773500779178e-01 9.973550059370637211e-01
-3.581728094367305770e-01 -1.320911161353077734e+00
-2.715371704235065575e+00 1.460345973711432432e-01
-3.084682061850251289e-01 -2.335446635007255023e-01
-4.078300512547806678e-01 5.845899826557497958e-01
1.151814810345693108e+00 5.291306731724952916e-01
3.024662279031233858e-01 2.557395135095454908e-01
8.022662045347520587e-01 1.576803245491618377e-01
-1.513346308205991253e+00 9.529805117513878709e-01
-1.156468461488687538e+00 -1.203688671095469953e+00
1.246751045250096140e-02 -1.038723780319819712e+00
4.636814315639592454e-01 -1.325483624595137133e+00
-3.145942818142165587e-01 1.064569892693241426e+00
1.220636219388004262e+00 -1.329795330086099847e+00
5.600200212968425850e-01 1.296531192498087570e+00
3.179507553429300470e-01 -1.393354637440842314e+00
-5.794960744205894798e-01 -1.403431809199915392e+00
-1.409330641988773225e+00 -1.012276622308149854e+00
-4.630075260682594562e-01 -1.336303461234024104e+00
1.149648045135135632e+00 -6.020708876108782359e-01
6.373280290435111572e-01 -1.548115674356370208e+00
-1.456504040935055810e+00 -3.385675970335937368e-01
-1.498401670429451160e+00 -1.799339161660765463e+00
-5.232080550682692843e-01 -4.182578196197912768e-02
-3.422528470091278779e-02 4.741607406335969221e-01
2.912715351647782169e-02 2.081227956688878888e-01
-5.442980586596821713e-01 -6.975564868883408209e-01
-3.320675378234367869e-01 -7.256606489492768430e-01
-2.323030385924343300e+00 4.821761659528089883e-01
-1.474207842796755319e+00 7.085392359424501629e-01
1.315516046445567078e+00 4.873667639041913136e-01
-1.304609292672492371e+00 -3.495410684958166203e-01
-8.914700047728668642e-01 -4.046710553480024064e-01
3.708023169848340128e-01 8.727334583765647413e-02
2.231461310337657933e-01 -1.327259208714085981e+00
6.771788922898477336e-01 -9.020677315421746778e-01
1.044899353421368193e+00 -1.567968898706992409e+00
4.791712317532379473e-01 1.284984961020911587e-01
-7.715255966426554091e-01 -3.882975019826590546e-01
-9.367497128437419773e-01 -1.481013501359046636e+00
1.237885362440867221e+00 -1.367395335970734260e+00
-5.878122683937248016e-01 -4.248236661542437176e-01
5.491952774079123661e-02 1.084653771161964986e-01
-3.852500514632710704e-01 6.698356141481257575e-01
1.067696727850391936e+00 -8.839678212573500726e-01
-9.410203678369216673e-01 -1.207948985345612680e+00
6.686774956670662462e-01 -8.994058563570368481e-01
-5.658181561094413059e-01 4.580930457707191872e-01
-7.180200612014389083e-01 -1.175691752791600209e+00
8.375548974285467185e-01 1.040625362145085830e+00
1.534255838812872419e+00 -1.213132016838370131e+00
1.331471872783852151e+00 9.679754478526658712e-01
9.543631072843318242e-01 -9.199936855402977010e-01
-4.751889993627439468e-01 -1.537983479392558139e-01
4.373904268625431468e-01 5.758747012775743412e-01
1.784831711923146713e+00 1.063171971602312471e+00
5.523360779635473963e-03 6.680842844333090280e-01
-1.815871759271993513e+00 4.497842951067148043e-01
8.896583003884742658e-01 7.458692261333864648e-01
-5.104961985794594093e-02 -1.255102380511257998e+00
1.699462004418130112e+00 4.708541172791824714e-01
-1.477457707048976276e+00 -1.204258703640270545e+00
3.261638518637818146e-02 1.204526544746365169e-01
-2.178792177232183602e-01 7.427856782018938953e-01
9.195030145356021256e-01 1.524952528544602615e+00
-1.301414584108058881e+00 1.067409935028797996e+00
-8.043301854157289821e-01 1.246259671697972804e+00
1.566826212886579306e+00 4.483199115516383060e-01
-6.934433584868222589e-01 1.248595750407742067e+00
-1.272802360835755930e+00 -5.685072226637313264e-01
-6.398890055265424870e-01 1.288177978644145849e+00
2.124928405105761253e-01 1.412092090309920334e+00
-1.535381142580757530e+00 -1.034513091128522189e-01
3.941781955954349881e-01 2.153570802377204052e-01
-2.538893248154936444e-01 4.541325015467158055e-01
-8.614812708859224122e-01 -1.531151064397684225e+00
-1.467430198745222347e-01 -3.947311322643577425e-01
1.350245359013607649e-01 7.958613028089123187e-01
6.248548731722157745e-01 6.669066229517943700e-01
-2.976467176274000259e-01 8.720454231788634658e-01
-9.618334565734013575e-01 -2.372745959641782698e-01
-6.269947573973918553e-01 -1.693774625571118797e+00
-3.653524074637573005e-01 1.846124602466378883e+00
-1.579806292284102964e+00 6.494903957752800050e-01
1.065398766182970691e+00 -2.093352698826550506e-02
3.697789924293414243e-01 7.631896697726989753e-01
1.441136949654417743e+00 1.129726223118748596e+00
-2.706668808653882596e-01 -1.067657752028688956e+00
7.088544461753859549e-02 3.967299936986709019e-01
1.767911446127967467e+00 -8.752239968147393911e-01
4.298338229906347729e-01 8.600930735969485319e-01
-1.630495944952850440e+00 -1.725433550480253708e-01
7.101351664632591376e-01 1.257634014684352097e+00
9.506261778610995972e-01 -1.470613710902930027e+00
-3.094710969899168163e+00 2.364838285487741221e+00
-1.316091124725304429e+00 1.002946623835574202e+00
-1.610761569255706238e+00 4.957573993216483066e-01
2.481105288140944276e-01 5.908844516063136432e-01
-1.166826975456828758e-01 -1.715470542671398313e+00
1.436802772170793496e-01 1.421770145275878194e+00
5.251056075540164736e-01 -8.563988917907257026e-01
-7.910721631938633092e-01 7.044045325300586358e-01
3.835107056873209297e-01 -1.029622482050578380e+00
3.481547424480370134e-01 5.239918921869191060e-01
-1.203647271145514619e+00 -6.566237585806531385e-01
-2.291566351922531997e+00 -1.070435473015665773e+00
5.476499209425254033e-01 5.596954768405222325e-01
-7.011399528749213683e-01 -1.980333867442503060e-01
1.150342575218234353e+00 -2.808058759130286908e-01
1.182989358100610344e+00 -4.318605201750377320e-01
1.476057121624616331e+00 -1.081607502757391259e+00
1.023184102352646230e+00 -9.273545990506412706e-02
-6.397234327771558760e-02 -9.130907655214419716e-01
-2.939032573520924396e-01 -3.616109946729517133e-01
-1.601429553523147753e+00 6.785079179321104048e-01
-1.811144354133491952e+00 1.322630656644188551e+00
2.524735639315734970e-01 1.051092827853176148e+00
8.128183960917996220e-01 1.528445333457093325e+00
-9.296818335826276813e-01 -8.982239061846078454e-02
1.297089098341197344e+00 -3.484135161989238005e-01
1.476676643380569809e+00 1.362886346762502532e+00
3.905409196754068279e-01 9.979958812970315951e-02
1.314896897386611974e+00 -9.747986605480923883e-01
4.178805172399792101e-01 -1.366878757081172235e+00
-9.949206836520230191e-01 -1.272376894671462422e+00
-9.426610703498797261e-02 -2.517123204202340037e-02
-1.227327965713169294e-01 -1.433545740832198767e+00
6.333026195686525250e-01 -2.761179414106538776e-01
3.256226637657557710e-01 -2.220448125196499145e+00
7.485432232148439002e-01 1.980311760772516694e+00
6.717905970682964689e-01 7.052197383291760602e-01
6.986040857881825605e-01 1.354014691877614585e+00
6.295050428334028059e-01 1.154656394441006872e+00
2.448590317020206408e-01 6.555225559670647684e-01
6.045634041692704574e-01 -1.712544354010190562e+00
9.043624538262814427e-01 -1.110312730759360100e+00
6.028118433171952839e-01 -7.947523946653437532e-01
3.990489196402927652e-01 8.195165616919539708e-01
-2.327849254662072376e+00 -1.166605659785975524e+00
5.015070771300654817e-01 1.321511003639128878e+00
1.553966488186329098e+00 -9.426069165621059343e-01
2.209450513412718753e-01 -1.420517961984117283e+00
-9.868437398073924560e-02 -1.397267964541593965e+00
-7.804282572890099134e-02 -1.068649863644986819e+00
-9.120287218518274841e-01 5.450612525872320369e-01
9.133896587719213533e-01 -1.626068944496926960e+00
1.230706955453780282e-01 1.155980626424499280e-02
-1.659422088182360699e+00 -1.528079641526179921e-01
9.106368872051123775e-01 -6.070635688682828324e-01
6.464646855219770005e-01 -8.722701956896701248e-01
1.495813137870939391e+00 -4.392457001999732213e-01
1.540429734817243268e-01 3.547460442909124989e-01
6.754232354684768236e-01 -8.331028762628911455e-01
-1.683126921073254678e-01 7.168571120512450268e-01
-4.198913893419650156e-01 -7.992841751384315296e-01
6.678284624629875210e-03 1.054931136355315102e+00
8.129844861623245489e-01 -1.600709311466181228e+00
6.966346099144279380e-01 -6.103818266147611471e-01
7.968198893323292786e-01 -1.112448849849293264e+00
1.170682174669712916e+00 8.199746553131000981e-01
1.871809939288116564e-01 -1.001015586331023055e+00
-5.037455495449416620e-01 -1.202641186514318505e+00
-1.683620543707702533e+00 3.624251287041119207e-01
-6.783353297114494418e-02 -1.159283066054643374e+00
-1.149323158361021058e+00 8.751354088219918115e-01
-1.979794059153885843e+00 -1.149673931580603936e+00
-1.685453202982188925e+00 1.180874852503713601e+00
-3.713171333283185049e-01 -2.269769041691220401e+00
1.609726885124104223e-01 2.259971558222464150e-01
2.065809471814147980e+00 -7.535852156994345963e-01
-6.652930243049605119e-01 6.860157644514870423e-01
-1.765345070800826033e+00 -8.605558835499783898e-02
1.713468923603959970e+00 1.137497024089373809e+00
-1.236701023490978990e+00 4.287533752949492794e-01
1.067529578581704275e+00 4.586195568204467499e-01
-1.328700738415534488e+00 1.143312300993815311e+00
-8.963602354208534406e-02 5.186341120729444087e-01
-9.385506368475934336e-01 -4.646506562624382886e-01
1.063382170870038168e+00 -1.230027091433287811e+00
-1.198404098269058859e-01 -1.385925053628930259e+00
-1.278923532837514587e+00 4.063923421836018735e-01
-1.246748749154066527e+00 -1.202563182197815994e+00
1.783872673470050296e+00 -6.467705881318275285e-01
-9.712264892049166098e-01 -1.043505059538479385e+00
7.473130275849759752e-01 -1.163030421479362975e+00
1.083199129126606097e+00 3.248644154665680794e-02
-2.923113685086696778e-01 -1.326771128978270209e+00
7.389822640047127855e-02 -1.710652327268868955e+00
-1.856200283842119880e+00 9.239793838408798532e-01
-4.819116587441841792e-01 -1.647780751932304832e-01
-3.424277412874139337e-01 1.339610466981864922e+00
5.814503649144516784e-01 -6.903079437715791133e-01
-2.327489849237194403e-02 -3.795928092463276560e-01
-4.818836181827855780e-01 7.806059532199350892e-01
8.119714278842806721e-01 -6.926991934853052868e-01
-3.502311485382881839e-01 -5.320369336218870870e-01
5.040402569841023750e-01 6.569709701240787902e-01
1.246186351863908248e+00 -4.843719696657847740e-01
4.220304275108949232e-01 7.490323989839983709e-02
-1.338649559901143204e+00 9.203956773864494512e-01
-2.304725040587426166e-01 -6.297461568799376241e-01
-1.138661730275694728e+00 -1.061345472529447775e+00
1.446858732136261816e+00 1.683687509627865009e-01
-1.458441068809786412e+00 -1.444656657396935051e+00
-1.599522164776989441e-01 5.011267534881169716e-02
-1.163949064273561262e+00 8.229976076163548759e-01
6.978114439239911926e-01 -4.206987728817391803e-01
-1.216118799927347061e+00 -1.655202606306301005e+00
1.540892102065096969e+00 1.313727710207701183e+00
5.238650082433874422e-01 -6.742804233234417355e-01
5.834416556825361422e-01 -9.364863513160402997e-01
2.348543635351706960e-01 -1.767123119553169364e+00
-6.618095448312284468e-01 -1.096126087751663425e+00
-1.265246320142220826e+00 -8.752322942609098710e-01
-2.116899872514453607e-01 -2.691005065667952501e+00
-1.293805149167092994e+00 -1.148763185806155995e+00
-1.426667630085874938e+00 2.902529373675435398e-01
-2.136988002735913383e+00 -2.213468909462745215e-01
-5.619544459402608938e-01 8.326184483535762348e-01
9.114841829611484147e-01 1.501253753040345806e+00
1.561149998326897492e+00 1.678205342240270737e+00
2.727486331429784805e+00 2.002514798606282120e+00
-1.200338059085431563e+00 -8.984588314220034455e-01
2.115636876888047357e-01 1.238272394315697911e+00
-3.075683119773144902e-01 9.609934253989071973e-01
-1.383491820705576858e-01 -1.355786850446266234e+00
4.769808694671305860e-01 2.615383069816002992e-01
1.339336065912666296e+00 -1.254766133202079303e-01
-1.356573823933266698e-01 -1.154041934556829130e+00
2.472374081472396234e+00 -1.415737730152963447e+00
1.278817653226101969e+00 -6.434903056292365364e-02
9.956972459619026772e-01 1.470304764213403947e+00
4.999273356274900326e-01 -3.188879695004281922e-01
-1.033625043430817403e+00 9.843038432904469559e-01
-1.224269079630433632e+00 7.773700294312322345e-01
2.689963380791173808e-01 -8.006992435908864836e-02
-3.616640863082297430e-02 -6.488592867344704640e-01
-2.039652275443646801e+00 -8.620980173954215231e-02
-2.626835686720574783e-02 -7.819420229963458535e-02
-4.627418788567128072e-01 9.840298008914025174e-02
-6.954451507315715375e-01 -1.327786328442888797e+00
1.860439526130904658e-02 -1.330272838792022627e+00
-3.803039494056527081e-01 -4.724899753262886692e-01
-1.233174404394197454e+00 -7.369153050393596471e-01
1.406506101812236897e+00 -1.536517694179914129e+00
9.771757725114492699e-01 -3.146921138329132894e-01
3.972361043499017530e-01 1.164863869474111135e+00
1.390261302393729581e+00 1.655111745410498270e-01
1.224515923582724319e+00 2.447795736847452330e-02
-4.266817397975892767e-01 -5.508616675693465137e-01
-9.652815490358891415e-01 1.309233640351435302e+00
1.060025474925964328e+00 -7.537520950226960226e-01
3.821336867064413223e-01 1.331894967452123435e+00
-1.367577937651560216e+00 -6.948937944800539501e-01
-7.714998541044666425e-01 -1.214892123479659025e+00
8.398664855619356606e-01 -1.013114898366723970e+00
-1.314548837123007685e-01 6.978116763515680443e-01
1.073084767876647749e+00 1.138050491013521848e+00
-9.880920395892763830e-01 6.486477017399573386e-01
1.442482008220794087e+00 7.491396589986857313e-01
-5.222415368531174718e-01 7.596225405958607624e-01
-9.673282312362077029e-01 3.281169857126279288e-01
-1.539358577428076691e+00 4.660488835936302809e-01
1.026295125399208308e+00 -5.028974278589999347e-01
1.049055483980886105e+00 -1.243500822415691598e+00
8.888094858331142545e-01 7.868128960735847333e-01
-1.161984271120188206e+00 -1.258642113630101811e+00
4.857544761586924942e-01 -8.355154854728877867e-01
6.735070228982537044e-01 -1.294025446952663971e+00
1.571526851900759247e+00 6.463481176248084825e-01
-2.136410059736783967e-02 1.119204425670745850e+00
9.185949661727642601e-01 -5.986256157794757060e-01
7.405406697535255045e-01 1.108650617795670090e+00
1.393698286227567751e+00 -1.187364772669186719e+00
-4.395571693599678031e-01 -2.481918218370699203e-01
1.310450087246896267e+00 1.123114480750730282e+00
-3.476575215936805741e-01 -1.713755533224893712e+00
9.070173610453943214e-01 -4.365158082620873570e-01
2.149434182146694738e-01 -7.655394266909947010e-02
1.567939320143505455e+00 5.916366800504324619e-01
8.390502112558932968e-01 4.229654505240114659e-01
-1.681015561757028598e+00 9.887100031601245842e-01
-1.215994182648691524e+00 -1.218148421860906438e+00
-1.528773378657955373e+00 -1.534471430017537275e+00
-1.520810897689711005e+00 -1.054104314655269103e+00
4.693072773609735515e-01 -1.333774371654383728e-02
1.012110755834569220e+00 -8.034388259628554296e-01
6.019543372452988983e-01 -1.060685430623135694e+00
9.618341459604567989e-01 1.014978244632135151e+00
8.420332890987072272e-01 8.774108023127771272e-01
2.427677731075527645e-01 -8.350299337655112675e-01
8.091321730613102448e-01 9.385038943454104832e-01
-1.538414018769061142e+00 1.208186874769415553e+00
1.187489259545961628e+00 -5.469635182775692828e-01
-1.422536046887540762e+00 9.196525455043236263e-01
1.577754839203485693e+00 3.894468076511573562e-01
9.253005819150426081e-01 -4.802327191513217075e-01
1.199310819093781344e+00 1.244066146280760066e+00
-1.494059426835554039e+00 8.511028621846075115e-01
9.769130343965019003e-01 -1.276279759817404713e+00
4.840731462326350876e-01 1.616490319005231102e+00
-1.452370208994352152e-01 -5.925938358373017412e-03
7.207542088755682919e-01 1.494867435211459927e+00
-6.870214472691361929e-02 5.916143733266390203e-01
6.338691119232992000e-01 -1.018629269923518876e+00
-8.025056025928821724e-01 3.900521784039945317e-01
4.991172382228182408e-02 1.120018977860241627e+00
-1.154082591766834726e-01 1.512575857900626763e+00
-1.838906138911915900e+00 2.996812360372956840e-01
-7.214566053838664672e-01 5.554994603690815991e-02
8.519154281905329251e-02 -1.357456497898564152e+00
4.147103723525769059e-01 1.119753190496773076e-01
-5.415506277529089640e-01 1.493997594035818333e+00
-4.769832288588254920e-01 4.334715135946189957e-01
-1.555769401688161135e+00 -1.604746733992725050e+00
1.598197640086952420e+00 1.271696231764597451e+00
8.056210086494997036e-02 -1.670057178413814958e+00
-3.640645214871131019e-01 5.847284012423926702e-01
-1.463547188136181898e+00 1.425142562920393097e+00
-8.333022628768528284e-01 3.055860951668500913e-01
1.010049802644096863e-02 1.205962608441123907e+00
-1.651545844192634727e+00 -2.383025058493494774e-01
8.957429828867451427e-01 1.991540334671058288e+00
-1.048905760487875982e+00 -9.237348181880422615e-01
-6.243674346803625985e-01 7.683571290142130472e-01
-3.978983693713511460e-01 9.421753638382819318e-01
-1.029847272132202285e+00 -1.335878737498293667e+00
1.316417220518949494e+00 1.112306114851767225e+00
-1.075174054956290703e+00 4.845971591868263317e-01
1.198614683486376675e+00 -8.411782704990791171e-01
-1.431353693309924902e+00 -1.201534567222449557e+00
8.342653224807295986e-01 -9.986891495037396316e-02
4.908016000747619234e-01 -1.274227336481514650e+00
3.568422208562905817e-01 6.027988133039704488e-01
-1.528528248976579018e+00 -4.497959178316477402e-01
8.479636845447201532e-01 2.360447835432895880e-01
4.568984871879118170e-01 5.128622452965192480e-01
-1.120977519559289703e+00 -7.175083903900542071e-01
-4.035164201823053798e-01 -3.125528534471591069e-01
1.640795944213432778e+00 -1.290448754391774200e+00
6.795324280329363420e-01 4.074733411722801790e-01
-1.450330182949541413e+00 -8.659641177595535089e-01
-1.781385499569146380e-01 -6.951717656062540718e-02
1.721252700130285529e+00 5.053258504559960951e-01
1.105000118108502294e+00 4.171721460476937038e-01
1.467751585477305998e+00 -7.673028215184445333e-01
7.261838756592650101e-01 9.890633215142059509e-01
-1.252955786050259590e+00 -5.896331128908890440e-01
1.229381904000028669e+00 -1.321425112524117429e+00
7.294281990082020217e-02 -9.566836569956709280e-01
6.936013515505633498e-01 1.532372175238925660e+00
-2.004607602487988860e-01 -1.458740919913529499e+00
1.220712383221438824e+00 -1.397825384107479474e+00
-3.454721230134347176e-02 -3.279179317160090257e-01
1.319081373008288649e+00 1.383259188888009417e-01
-2.710678831820677592e-01 1.075931410647733122e+00
1.703730241029996151e+00 3.299535701156985912e-01
-1.617564817140219935e+00 6.119658640873474331e-01
6.019029136788197620e-01 -4.710160904380039648e-02
-1.242246507447956283e+00 -4.168421467514811518e-02
-1.471874571270569421e+00 7.130616436783969725e-01
1.669409067413497594e+00 -4.301448570928241288e-01
-7.658079548846662421e-01 -1.811792457617279695e+00
-1.420229708583078398e+00 4.999197673474278236e-01
-6.995764700640458855e-01 5.044929236739804645e-01
5.793197782391925621e-01 1.121970869121023950e+00
-4.360605486402370223e-01 1.846247219173459131e+00
1.155014469398210064e+00 -1.180476287561098347e+00
9.422086943293045413e-01 8.470081271587541760e-01
-1.405294554367041648e+00 4.920990823704771699e-01
-3.883789459686357581e-01 -3.028503340372458164e-01
1.011032833351139359e+00 1.244999304786291727e+00
-6.939026702788559930e-01 5.406846275793824042e-01
-6.672195100534384915e-01 6.808932976499008083e-01
7.892095679753909909e-01 -2.409037782014221141e-01
3.620503464849503805e-01 9.394133803660396076e-01
-1.399302691976541668e-01 -7.182016647675411036e-01
-2.679683663715552999e-01 2.542475927350024367e+00
-9.941212163608164065e-01 -2.077388730325206101e+00
8.145718766502484109e-02 -1.629250594748874681e+00
-1.734197147768460567e+00 1.281827715093949438e+00
1.061347011892208592e+00 -1.346177143750429683e-01
1.041932640413574918e+00 -4.565664661511160960e-02
1.626664585701713683e+00 1.328828846498626204e+00
8.748925513284241395e-01 8.762004047262725859e-01
-1.349610208394611099e+00 -1.019424760667106300e+00
8.526911299475404826e-01 -3.934314864137563039e-01
-6.055206690011061266e-01 -8.288890651795339792e-01
9.216177607871770538e-01 2.743095226976557943e-02
-1.318086724446150715e+00 -1.980547996852478898e-01
-1.846724339259500636e-01 6.385360168252172119e-01
-8.401512909482916625e-01 5.222881050774671463e-01
4.522843622042990730e-02 -1.240096884332443083e-01
-3.601198041299856489e-02 -1.225107075810613289e+00
-1.456267199610384866e+00 2.993572597045087713e-01
1.623856917687225510e+00 -1.022969285523605887e+00
9.549307268069152643e-01 -8.856631786073174695e-01
3.530446609816765280e-01 4.105672817277837838e-01
-7.154185463765476705e-01 3.091426255671031464e-01
6.591491902738217945e-01 -1.456501849644548763e+00
-3.304983083333572491e-01 -1.260022366501019730e+00
-1.430213227164146561e-01 -9.508083761891232832e-01
-7.846127500830238910e-01 -8.872040732377656225e-01
1.051424079422342839e+00 -1.662825664062100028e-01
-4.013957621728546643e-01 -2.211650377156329506e-02
-8.382886662433317038e-02 -3.796918232545437588e-01
8.491214495154619790e-01 -1.292008888818306112e+00
1.106617385211549204e-01 -8.660312371247161911e-01
-6.899072013618414712e-01 1.635221098726608480e+00
-9.939355396427704825e-01 -1.462406495644472892e+00
6.359000273174399837e-03 6.315557653189094456e-01
6.299840979932925800e-01 9.204524825459812210e-01
-4.452303361304656981e-01 5.402171333129935915e-01
-1.129259618265376464e+00 9.248918989954448833e-01
-6.074329129356740298e-01 1.627574971060174791e+00
1.385454740882995139e+00 1.465292680429589045e-02
-7.185209817191314310e-03 1.048363943169102530e+00
-7.295956360608766081e-03 6.041656372119245111e-01
1.373335101258055913e+00 -1.201658155474857326e+00
1.137104928146158489e+00 1.375302140669018458e+00
-7.062810758536963718e-01 -1.384781694149421760e+00
-1.082992780900250418e+00 -1.501482735838908678e+00
-9.884465203756991336e-01 8.379270786733215015e-01
8.341389718725595870e-01 3.088899239462508106e-01
4.516399323980938574e-01 -1.654189043466209430e+00
-2.674815240108352477e-01 -1.284226398504824562e+00
2.224985363281633544e-01 -1.020718500830726017e+00
7.539989990925782815e-01 -1.061221985906414256e+00
-8.328533988706514624e-01 -6.675884938972712623e-01
7.678916947531922998e-01 -1.119869039351889528e+00
1.108160105298125586e+00 9.636294510340539521e-01
8.870572672524285052e-02 -4.464761916864740110e-01
-4.293016970177481184e-01 8.382316333378903028e-02
8.860544611687211081e-01 6.191192832717883343e-01
1.345787482331117502e-01 -1.300574363551677992e+00
-1.471488935615801186e+00 -1.485317843860749276e+00
1.023026040305671458e+00 -2.744008459888396256e-01
7.734517000525878982e-01 -1.573780796589099307e+00
8.530710241825992801e-01 -1.073051524021301439e+00
1.776270541641733702e+00 -6.377319804632964884e-01
1.346373369182648272e+00 9.491987559244534634e-01
2.634671904705299106e-01 -3.083170002688494504e-01
1.279915117529592639e+00 -3.614460512628018263e-01
-2.122297841454423573e-01 2.797786868233315127e-01
8.123408208558691168e-02 8.082761868437917663e-01
1.663980404919167322e+00 5.264419123670179834e-01
-2.404722216338801011e-01 6.550677157601305645e-01
-1.483795122396305066e+00 2.442282325973151202e+00
3.008094406784774799e-01 1.939249772533091776e-01
1.144916018675932179e+00 -6.387319698658358025e-01
-1.756829640625870437e-01 1.404959015867590866e+00
1.143980023679624258e+00 3.262860208887820024e-01
-3.585107068161138555e-01 -1.576348549277404532e+00
-7.719558661174186209e-02 1.424155018741631862e+00
6.495082921908995610e-01 1.515479763238045896e+00
-1.429109078196645344e+00 1.067206118750972266e+00
-9.782914604449952645e-01 1.643754529824372979e+00
3.100872820565089283e-01 -9.191822164700196307e-01
7.660921066687534919e-01 -3.407777653190484646e-01
1.258121583349725681e+00 -4.998162093795454064e-01
-9.736830673954003368e-01 1.668591299782683057e+00
-5.692614088928960037e-01 9.019367126591399941e-01
-1.257616092405276498e-01 -3.644626780359820351e-01
1.063446521844776393e+00 -6.805418875720298244e-01
-1.195757508063429508e+00 -4.972357837323598817e-01
1.918983872345314534e-01 -3.712796551441637227e-01
3.823651712114289891e-01 -1.781626936730198896e+00
-6.942332235925456896e-01 -2.359201572317337181e+00
-1.639590981619553522e+00 1.295912004270572737e+00
7.707690092613613819e-01 -2.044163228585545777e+00
9.742638141828796616e-01 1.243327540079681937e+00
-1.017642815103805054e+00 -5.698207017596977897e-01
3.233434103299455131e-01 -9.216167956314299525e-01
-8.834590505045911701e-01 -1.167902285214952096e+00
1.281711347303692849e-01 1.404419984827971035e+00
1.632758547253104986e+00 -8.409243091960304506e-01
2.352874939631527385e-01 5.536427341371638611e-02
-9.607733699159412000e-01 1.255071740526924051e+00
1.500085123404218512e+00 -4.013453704380495757e-02
4.700690993363062509e-01 5.615293739087916514e-01
-5.470918254037638873e-01 1.536252178564520898e+00
-5.105084819236093141e-01 -8.420274294074886479e-02
-1.342012932210567833e+00 2.375294000118088611e-01
-9.764841692311709842e-01 1.163778477926457944e+00
-1.334310530001436179e+00 -3.540752042911458897e-02
3.410785195258918545e-01 7.186494103996483584e-01
-3.796142601318478471e-01 1.195815799938219737e+00
2.741440939204036198e-01 5.777701690301539905e-01
2.307142877112889345e-01 4.902948560234444697e-01
-2.205060541642488436e-01 -9.512419299120850047e-01
-8.828254411519943501e-01 -1.596863382947900423e+00
1.577734064539599024e-01 1.069001991155289710e+00
-1.453151776552965346e+00 1.130278462359366909e+00
1.123645005520376855e-01 -4.508820262868186157e-01
-1.763262486741458579e+00 7.345614933958483084e-01
-5.978750485545583082e-01 9.195104381936711757e-01
7.615989799387362646e-01 2.987119333048837699e-01
-1.035191766620342069e+00 1.345610635051319059e+00
-2.825163586686140205e-01 -1.006595740357366209e+00
-5.366764246251145565e-01 1.505841487451726746e+00
2.348216633058080108e-02 -1.490747796549124926e+00
-6.475542592365567986e-03 -5.997338897565911431e-01
4.740596484025004775e-01 -1.116371436160803032e+00
-1.067229393700882767e+00 -1.422094876173078282e+00
6.350353474986519808e-01 -2.592238230568649771e-01
-1.632409357056532118e+00 4.093104716545170607e-03
5.205593507858512492e-01 3.686954361529777291e-01
-1.114688808982066126e+00 4.335780732720211361e-01
1.715278470032413738e+00 -1.160615825797175482e+00
9.536843733414823721e-01 -2.263796891454492033e-02
-3.547714190971353737e-02 5.419933604813786943e-01
-5.619205560306259617e-01 -2.379162267944119780e+00
-4.969030388514977803e-01 3.611476797011191620e-01
-8.224739263292786262e-01 1.109951479296084509e+00
-1.495859854095124675e+00 8.679578848498572530e-01
5.301352814339181929e-01 1.081511741614644029e+00
1.789272842410867814e-01 2.120083168751185354e-01
4.552505595189682008e-01 -3.663642317863678999e-01
-2.056342339479546588e-01 7.576369187586609044e-01
-4.230009350232944998e-01 1.226912490563393243e+00
-3.430592853664790054e-01 9.351106498242576226e-01
-1.620717757055638586e+00 -7.852893470857986724e-01
6.184320322523829683e-01 1.400385386730588655e+00
-7.677175654813375161e-01 -7.895014452975682717e-01
1.596102375582912347e-01 2.026460578010355729e+00
1.620835106857038133e+00 -1.661079598165702942e+00
8.470271244216298623e-01 -1.061741872139658316e+00
-8.143904768163533481e-01 3.559147532212211251e-01
-2.847312205051716338e-01 1.447596402753413170e+00
8.248674532604285403e-01 -9.498623328669694166e-01
-4.049278254373865904e-01 -1.092025086109155163e+00
-1.059137822645715987e+00 -5.139696848439092580e-01
-1.820490740040406452e+00 9.550226840936579809e-01
4.207510052520235799e-01 -1.167063405208512039e+00
6.945853949296318941e-01 5.204570585277729089e-01
6.382849203508721425e-01 -2.653351584228016424e+00
-5.097871050665827575e-01 1.301061221438466475e+00
7.320465546814596269e-01 1.774599549824686262e+00
1.279849654623081756e+00 2.441518541614163540e-01
-1.122154628118785524e+00 -4.957946852597630572e-02
2.584357765642504232e-02 1.273926404809881063e+00
-8.684443283571224859e-01 1.661182011507192469e+00
-1.622797113512036482e+00 1.115320479078426130e+00
3.478843790521267687e-01 -9.282204775440715538e-01
7.359509459122282049e-01 -9.173631322992975567e-01
8.143926433459465486e-02 -1.114146303051191556e+00
1.102401953655430145e+00 2.794367452292067178e+00
-1.616251104999830934e+00 9.779522290341486901e-01
-1.636619927364102223e+00 4.983310538579643900e-01
3.690749815148588464e-01 -1.650068101359315254e+00
-7.107672014499157725e-03 1.418203834789262707e+00
3.138716321214348737e-01 -1.460958961599051253e+00
3.275597143244763920e-01 8.501167298152905172e-01
-9.850119659721719989e-01 -1.088422547803903795e+00
2.064654742827542466e-01 -1.614875677195013015e+00
-7.374586752821699065e-01 1.125902656770376042e+00
-5.913052645305479915e-01 1.269416178580692556e+00
-1.065118954547296992e+00 9.718121556860981336e-01
1.478498428616984883e+00 -9.465072222605983021e-02
-1.268027790630678053e+00 -3.316430553043022700e-01
8.566377786438816866e-01 1.525873580543676944e+00
-8.317830531465932042e-02 1.062461539946075506e+00
1.515369022780687969e+00 -8.579744142417063957e-01
1.203200986984659604e+00 -4.671784218512472497e-01
1.430135252717543493e+00 -2.090194295812236591e-01
-7.913764418696008773e-01 4.066072633038320117e-02
-7.204255230835200363e-01 -1.084216310971941599e+00
4.969292025980168725e-01 7.738538003244611607e-01
-9.552093490403442688e-01 -1.622537543255333947e+00
-1.069032521268279634e+00 8.148965021875477222e-01
-1.665519209603773643e+00 -2.797936851900459376e-02
1.325145133318219370e+00 -1.255454621525235348e+00
6.317200124672711636e-02 -3.834940336601487809e-01
-1.511654358742038795e+00 1.308566569741016039e+00
1.187707201863181794e+00 -1.435342564415647448e+00
-2.700989934086742705e-01 -7.105383448972394378e-01
-6.617053056607739014e-01 3.231770611894591028e-01
-1.445068941170868815e+00 -1.649539182632504986e+00
9.878932043767166826e-01 -1.504428701470322149e+00
-1.285830022644320447e+00 -1.454068037594160145e+00
-1.519723873117674762e+00 1.172392408287208365e+00
1.710933422088493971e+00 8.310365428598754933e-01
1.588180829390306803e+00 -8.422412442158413448e-01
1.883727476512659649e-01 5.124335068235816859e-01
6.850680374091338010e-01 -5.404616341934922463e-01
8.028389336484349492e-01 -4.211798440889255035e-01
1.004143829354721573e+00 6.075223641788406459e-01
9.222094639358837664e-01 8.292414721184805382e-01
-7.058129633455236807e-01 -1.322831175369749479e+00
5.004818986434967920e-01 1.458531423056214082e+00
2.834298093576911315e-01 1.231328919269143229e+00
-1.306919947805846416e+00 5.400776691865469270e-02
7.974047681059681647e-01 -5.387302934466292603e-02
-4.048908842879247669e-03 4.045315698400612225e-01
-3.541666762473288932e-01 6.949087323043603437e-01
-9.187073400439985660e-01 1.067836372563561120e+00
-6.531687182640322220e-01 -1.420157057190240213e+00
3.050358640649486475e-01 -1.089202427025550701e+00
7.705152559166257298e-01 -6.192684635252860836e-01
-1.319556034066985406e+00 7.933701538899423644e-01
1.630229904254947959e+00 1.164878458600463240e+00
-1.613519287805859292e+00 5.956405185483397702e-01
-9.166694758355364847e-01 -1.446134835975819488e+00
1.249725191530405011e-01 -5.225152879122255678e-01
2.996003933892509297e-01 7.628237123427377142e-01
-1.546214068804984132e+00 5.888739701822174322e-01
-1.320009794108330858e+00 -1.449521938710982560e-01
1.583885898500991374e+00 2.358297470209752833e-01
8.689279172170837062e-02 2.817702197008012943e-01
-1.445890271391077508e+00 -1.365457785936910584e+00
1.594322207806598612e+00 5.904707598401912061e-02
-5.233135116049049129e-01 3.451571588021565828e-01
-1.234510267649719051e+00 -1.315095599574570784e+00
1.787821916030046809e+00 -1.057805613069179085e+00
3.399630947502320089e-01 1.300112237189789521e+00
6.386700696170838354e-01 -1.421475641558952896e+00
1.201207885211391879e+00 -3.601529511082203205e-01
4.524479524236044714e-01 -4.295904782958228640e-01
-1.619301178325089907e-01 -7.085193767148157962e-01
1.118260694850431225e+00 1.494074411301832050e+00
-9.563310318378352992e-01 -1.538580730168769284e+00
-1.316440908677943611e+00 -1.620291340187655083e+00
-1.598735651241122713e-01 -1.391228828372098159e+00
9.360759698787775029e-01 1.216610813273250047e+00
8.117337185527212506e-01 2.763062222786654143e-01
-1.373763833893948849e+00 1.076163573249334426e+00
-9.395052790716355018e-01 6.828577751551477837e-01
-1.149550619402180285e+00 -1.292563718047783139e+00
1.510349729719621337e+00 -3.597329875585528747e-01
-4.728225346201082591e-01 1.407589089604596833e+00
-8.766425922189623465e-01 2.968910897690015815e-01
1.261658249909174412e+00 -1.972313822514058623e+00
-1.147846009842084403e+00 -3.046565583534532884e-01
-2.833853632496505237e-02 5.082721064061935801e-01
2.938322814129958743e-02 -4.182446687967928955e-01
1.165764454669160566e+00 4.495191794706114852e-01
6.277555186320663561e-01 9.746793788833658656e-01
8.669170178055385367e-02 3.828776809071622322e-01
1.138077012699070245e+00 1.413776814071056265e+00
-4.222096361598916964e-02 -1.372583423753922283e+00
1.590962063934004522e+00 -7.188421901808655923e-01
-1.033021757382430322e-01 -1.295266368292737447e+00
-2.082356766993299080e-01 7.913148066868443964e-01
-3.297146372057958852e-02 -1.410771362351167291e+00
-1.210414468863923121e+00 1.042599030398796867e+00
-1.273154211256798618e+00 -1.200706213100977138e-02
9.288435597395505727e-01 -1.194365120110882028e+00
1.406140302293856226e-01 1.361791815690531315e+00
-3.799848112237403930e-01 -4.533739733037513986e-01
9.687513227113788705e-01 -1.325315084452219461e+00
2.225000968757211428e-01 1.116802671820871895e+00
7.946935336069216316e-01 1.778697527878829510e+00
-9.624476075101154882e-01 -1.394952508825106241e+00
-4.274838459599363816e-01 -1.093006489821174432e+00
-8.087370204297815446e-02 -3.175560978645833865e-01
4.565571952182272408e-01 -8.520773049413802314e-01
-4.689960028922010027e-01 -8.662131807006805129e-02
-2.979259241761548216e-01 5.149374950749122659e-01
-6.062900491960004912e-01 4.021129959520530761e-01
-1.558321604454956100e-01 -1.425884662456099683e+00
-1.488375796885559543e+00 -1.094977448270154197e+00
7.091823315857788412e-03 1.463618891637340047e+00
1.034954302758855249e+00 9.050049611373673919e-01
-1.706605202700510471e-01 -1.132888179149639907e+00
-6.399630418150742406e-01 -1.224174365788482710e+00
-9.156930532310094684e-01 -1.019316842715210836e+00
7.077977978491143407e-01 -1.050442865796309855e+00
-5.774110407655751454e-01 7.912791463823384275e-01
3.759785575350349518e-01 -6.415843665065229517e-03
-1.139429407072334088e+00 -1.712235360418732366e+00
1.594268835314524901e+00 -1.609506600356051642e+00
1.132881633007639222e+00 4.846229515920652542e-01
6.343761882178255984e-01 -1.038302309916468325e+00
-1.679938756865519078e+00 1.110295218323578359e+00
2.885539509632267796e-02 -4.630670444685043297e-01
1.664287071228452097e+00 1.943583543537275304e-01
-3.802380803859890523e-01 4.993355148112437192e-01
-1.171052124719786702e+00 -1.043970446740415170e+00
1.304768037476994325e+00 -8.167125724654336616e-02
1.245847619173745979e+00 1.503663963845659757e-01
8.348736969339050074e-01 1.427592921145688143e+00
-8.075773023471189971e-01 -5.171712454311248042e-01
-1.052441547231612873e+00 8.845842610651288851e-01
-1.448193096898257481e+00 7.526885100017856045e-01
6.861213734529556518e-01 -1.398559161994243905e+00
-1.478016136104886025e+00 -1.288208808192685684e+00
6.037744814281346128e-01 -1.742942714598083032e-01
-1.228748170616776436e+00 -5.881597164146662449e-02
-1.241254745126388892e+00 -8.900499697107613351e-01
1.174305541446458490e+00 -1.123415094082484522e+00
3.264987938611016438e-02 1.248528493431337649e+00
-7.778981702064321491e-01 -1.550227685296289515e+00
-7.852141925952179635e-01 1.138677817287383265e+00
-5.862098249849799492e-02 -5.486310006712409315e-01
1.121570262653666772e+00 5.337238927338096017e-01
1.889786565098886539e-01 9.166310934523524967e-01
1.417452424275237322e+00 -2.733203511728640178e-01
7.102735779459768972e-01 2.488551480765413826e-01
-9.544724723361495133e-01 2.293150561434820489e-01
6.736840228996637814e-01 -8.957146141622032154e-01
6.045693697751757245e-01 -1.117105303425849794e+00
-1.190617999679394634e+00 -1.854564356886654108e+00
1.141844919187594565e+00 7.356751774763192753e-03
1.410986707431115539e+00 -1.476879291364718627e+00
1.646622832531639213e+00 1.151642097864318481e+00
1.591931014297432723e-01 1.017892535815755561e+00
-5.135619188092124254e-01 -9.955197579901642335e-01
8.310004415293444913e-01 -1.247851281289467096e+00
9.767592594267747730e-01 -1.530959463979688628e-01
-3.590850314600954052e-01 7.368738454490798562e-01
-3.763033232474866097e-01 6.675309524365015124e-01
-1.372067774685661545e+00 5.433562367545413663e-01
-6.444118614643778997e-02 3.247321454777107874e-01
1.116645692877963336e+00 6.291127806316778592e-01
-3.442377787247313803e-01 6.400978559885295294e-01
-1.634445850125860522e+00 -2.594975152058800028e+00
1.639717781444728628e-02 -1.223033893802433880e+00
-1.824847544760812568e-01 5.865667266502906374e-01
1.138559225917100404e-02 -4.476019293383264319e-01
-4.417444805872652314e-01 -1.132814669340985181e-01
-8.574360250534039940e-01 2.427609825482013040e-01
6.336822186277778490e-01 6.771361173058957350e-01
-6.657518515354944322e-01 -4.511697403823804464e-01
-1.205776502710208975e+00 -1.987843141865915375e-01
1.462382106073814469e+00 -1.012655195499792660e+00
6.508695491108088538e-01 -1.320825898616890148e+00
8.840272347418863808e-01 1.458845473084779742e+00
3.119475694140099176e-01 -8.711774774996557946e-01
-3.250976724367097281e-01 1.482224142026807634e+00
9.194970374335450503e-01 1.067133682344078849e-01
8.634960964989016885e-01 -3.249521458015141917e+00
2.705204130203491333e-03 -1.480357290149425520e+00
1.573888247615430891e-01 -1.468583225914752710e-01
-5.914065959718379784e-01 -1.055131066574844234e-01
1.481946664059878183e+00 3.491012149592326308e-02
-8.299634057086888728e-01 -1.392681756404007709e+00
-1.261175167637173411e+00 8.437318871791055219e-01
3.815505290050634768e-01 -4.731061820705773080e-01
6.333497030825173679e-01 -5.248226261148383753e-02
-1.354964114774773742e+00 -1.118296667516019749e+00
3.365367306774321721e-01 1.392400280866388895e+00
-2.013839868678923284e-01 7.076974758894865047e-01
5.287090683336381769e-01 -6.046141150680480747e-01
-7.898495179874538419e-01 -2.896990598740963874e-01
-1.546558953369135958e+00 -1.070507039309330333e+00
8.745331808213259173e-01 9.832986916555315204e-01
-8.292289757804921502e-01 -9.018161033610012645e-01
5.218474097812181300e-01 -1.479982336202591231e+00
1.279835731236188545e+00 1.290927646109035321e+00
1.158185983313386069e+00 -1.135502908151036827e+00
-5.099169407764482242e-01 -1.411531386053370030e+00
1.530306065865548293e+00 9.391380595511128471e-02
1.079909591960025672e+00 -9.538560193588706548e-01
-2.474702698084369212e-01 1.366048670681736521e+00
-7.274405189189462329e-01 -6.835245706281988243e-01
4.502201885993879493e-01 -1.111005749324583070e+00
-3.069794843340648560e-01 -1.808535846976432049e-01
1.403983648033478415e+00 -1.575222567874773771e+00
1.712400357595465605e+00 1.045868600957127192e+00
1.097569036435759537e+00 1.155133836833700967e+00
-1.301611435840861031e+00 -4.424124884067677232e-01
-7.615982050918986834e-01 -9.352452002402749098e-01
-9.417939763951751475e-01 -5.596512926459797088e-02
1.101086365296459535e+00 -9.445213246146654251e-01
-1.094567825368662151e+00 1.299973208184621143e+00
2.143101041692438077e-02 1.414317549150346354e+00
1.710261206228220088e+00 6.155746782144841389e-02
-1.026573806969852010e+00 1.231712863125126400e+00
-1.552333948106538797e+00 -1.203476828156513800e+00
7.503891641016865455e-01 -8.521135416145406705e-01
-1.378059732650811775e-01 6.715508914457092304e-01
-1.157175360469081093e+00 1.005800147245868637e+00
-2.376528292693234068e-01 3.144980335674157912e-02
7.744666684452504724e-01 4.581466063454711080e-01
-9.797860337661956631e-02 -1.239001423196730567e+00
-8.485439729959716182e-01 5.469426323814711166e-01
-5.985380870568545175e-01 1.604442239446131735e+00
1.715112604834981846e+00 -1.515727419250528563e+00
-3.374292561652465494e-01 -8.840454629993315105e-01
1.072072595219095259e+00 -1.550631115058016762e+00
-5.187843340613130794e-01 -9.911621705216263623e-01
-1.064294281967975486e+00 -6.875437483014277262e-01
-7.645554253151092272e-01 -9.013966590528862399e-01
-1.732582796705024020e+00 1.276688402721068982e+00
-7.691909692451622815e-01 -1.367778672452427680e+00
7.443056955397676644e-01 -1.719302177899228568e+00
-1.423699999944297856e+00 -2.101264768345602274e+00
-6.219457627909401598e-01 -1.413170474719782632e+00
2.240562913152967517e-01 1.323756857197387671e+00
-1.673703786415423889e-01 -8.991640165305592181e-01
1.601470641192221489e+00 6.457191858709705468e-01
-4.398014339716880272e-01 1.020841536487791412e+00
1.568062351391231068e+00 1.300997453450523977e+00
1.521770564427461725e+00 4.978936256993738985e-01
-1.283201488928060074e+00 -3.155593693829754076e-01
-9.855477404180548184e-01 1.071302341462517793e+00
1.891754212352513287e+00 -1.122423709786524171e+00
-8.170207178065896914e-01 6.462297035589915639e-01
1.055504158671560777e+00 -3.374257372502452723e-01
-7.645439674410015041e-01 -1.176491324476311773e+00
3.070159469590268975e-01 -7.250127535943932944e-02
1.094976934625995657e+00 -9.934538260996284009e-02
-1.379266809709327468e+00 1.159462946362207703e+00
-7.297260592272898638e-02 -5.181939059234659251e-01
-1.559404590902831178e-01 -1.446367982931690221e+00
-2.963707595242482951e-01 -4.600935124263949572e-01
1.105862669246917340e+00 -1.069196772642102777e+00
-4.530499811896553375e-01 2.695823712603948041e-02
-8.368612195941536047e-01 -1.090175956550699654e+00
-6.226857809045804881e-01 6.853926730207560158e-01
-1.333490423325093488e+00 -2.766129989388239618e-01
1.337314231425783317e+00 -1.181715843887308104e+00
1.570608441034807123e+00 1.042369068035797541e+00
1.664572687333444767e+00 2.489920858775269974e-01
7.200694570648782378e-01 -2.459326593659697524e-01
1.143983158445265325e+00 1.032879819541761446e+00
-1.001145381383042432e+00 7.181240701248614577e-01
-1.166502303744862079e+00 1.336032247762483971e+00
1.511189581324805076e+00 7.478809881094534706e-01
-5.566673964951871501e-01 1.307079986821320761e+00
-3.549369904601428205e-01 -8.025370650882071022e-01
-9.851149861750473358e-01 1.037337485209770260e-01
1.744710798670528681e-02 1.113457120284043755e+00
-2.684108100310612643e-01 9.539649102483871435e-01
-6.671370574090483840e-01 -3.795796873939980554e-01
-3.232908570549480887e-02 1.048240079895972565e+00
-9.066565043691707793e-01 1.450473714255370750e+00
6.665694851285695055e-01 1.769644973185538372e+00
5.792374602760735902e-01 -1.522691105146470658e+00
-1.046490371210132331e+00 1.026650549508911991e+00
-3.816203582424739782e-01 -1.082160874828974162e+00
1.704884024099899031e+00 1.144401479115166875e+00
1.508087839150185516e+00 -9.050969093164075163e-01
-7.462083619206975049e-01 -8.895411111221704914e-01
-1.446329448337957624e+00 -1.716829838343993941e+00
-4.776264020476542749e-01 -6.364196603440226419e-01
-1.263023709436639885e+00 1.107003892887230112e+00
-9.698147131665649234e-02 1.522167679972602272e+00
-1.131488321381557194e+00 5.715819214931099346e-01
-4.343245918197317090e-01 2.795594346745743364e-01
-6.075476763971272842e-02 -5.613121619734596779e-01
9.693328476778446945e-02 2.153886791250591848e-01
1.168244373689746762e+00 -3.186055633760019323e-01
-2.528633219709622848e-01 1.117585131748928262e+00
9.627178250553244387e-01 -1.644341052313394780e+00
-1.180932383953558151e+00 3.588047796010033208e-01
2.347264770172899639e-01 -7.770672246100165936e-02
-4.916611119616863812e-01 1.786464147640226319e+00
