2.107424218795790694e+01 3.903526286863410633e+01 5.098266061147501205e+01
1.400943597011394104e+01 4.077920446873849869e+01 4.594888746335846008e+01
1.930211899678658938e+01 3.927325198489256763e+01 4.853439991507843843e+01
1.102901597045683957e+01 4.075157931869006234e+01 5.027957513771252707e+01
1.398500687055229719e+01 4.099024182063016042e+01 4.709511507938691466e+01
1.062986739603968545e+01 4.215452241902187325e+01 4.391624529386604081e+01
-8.967950908834154689e-01 4.554133876925720870e+01 3.545362143219972495e+01
9.631066256269150472e+00 4.253861890315107530e+01 4.016032552429851421e+01
6.338784797306630026e+00 4.326400554852676805e+01 4.015979008268095640e+01
-3.898730260475417708e+00 4.549646375316672220e+01 3.843038178627853085e+01
-8.212384777080160347e+00 4.726109909382142860e+01 3.145313934292857994e+01
6.878087622886596364e+00 4.420573543587593690e+01 3.244465715497381098e+01
-2.113792937346715917e+00 4.649946957086746124e+01 2.956757964453322529e+01
-5.572060011907410626e+00 4.745050109044950659e+01 3.101539734106791002e+01
-4.770088389483930769e+00 4.740059678139834887e+01 2.889350564616188421e+01
5.043016875323587556e+00 4.450263010550452236e+01 3.266007642194858818e+01
4.251951664964963129e+00 4.429623900719246876e+01 3.580227582550742227e+01
-1.586354955797594357e+01 5.058953562793550418e+01 2.104443442301794676e+01
4.954555787919730392e+00 4.489847796124004731e+01 3.146091688624164817e+01
-7.383571104890506831e+00 4.812903402646799123e+01 2.624463355492798655e+01
-2.645094337838145293e-01 4.704173098568557521e+01 2.771269839468141072e+01
-1.128743429773749085e+00 4.646290061973468255e+01 2.945471573724194059e+01
-4.816851616566282246e-01 4.695176993713042179e+01 2.437480368211322457e+01
-2.700357673390499258e+00 4.769412212962350850e+01 2.032542350350854576e+01
-5.245625520561816302e+00 4.783124000495661221e+01 2.367878740915375602e+01
-4.549270419958929779e+00 4.747777434935866836e+01 2.454595614462414233e+01
5.719251977881185667e+00 4.454799377744313915e+01 3.154051623996906528e+01
5.586723363144756149e+00 4.554861087963215027e+01 2.425965379128899713e+01
8.161625633336939245e+00 4.462101147931213063e+01 2.842257065823935136e+01
-1.132269587697237512e+00 4.680274001846817100e+01 2.880374530962853896e+01
-6.989936878791240815e-01 4.699925659084107110e+01 2.446606249000728894e+01
-2.587346230165371708e+01 5.309359259903371253e+01 1.687283713425767928e+01
-5.710403274581608457e+00 4.860301208877629620e+01 2.095128626173300290e+01
2.767112373338591169e+00 4.520710615812464539e+01 3.096744800723399749e+01
-1.682792170137952326e+01 5.183584788123133080e+01 1.228523563485873638e+01
-9.316788042774533096e+00 4.992149174360289976e+01 1.705212309102842028e+01
-7.713382791658432325e+00 4.866281612727166817e+01 2.105043925142842909e+01
-1.505896216675671440e+01 5.116126273108989153e+01 1.497416309052550787e+01
-2.010684679479777515e+01 5.256811792409556006e+01 1.307202147324892394e+01
-5.358614428812984443e+00 4.793340008969295241e+01 2.389640078687443747e+01
-1.334368006423619590e+01 5.142377336832839774e+01 1.072970031717522943e+01
-1.805683243333328392e+01 5.281399848018861576e+01 9.579441429012717890e+00
-6.914916361954510649e-01 4.729507563275632265e+01 2.172836795381306274e+01
-1.330605704779475218e+01 5.109393844656221972e+01 1.307328516839993426e+01
1.159823152064632268e+00 4.654950541137256437e+01 2.262598664707343232e+01
-5.419269536608908311e-01 4.900301665723165456e+01 1.068957582468397050e+01
-1.335758948902650900e+01 5.067380417932858450e+01 1.600486571690669280e+01
-2.259919002257367993e+01 5.329554189833544342e+01 1.144558708765589472e+01
-1.827372935453763603e+01 5.279821701970109871e+01 9.573259125667732405e+00
-1.245082590514937237e+01 5.044228853654598765e+01 1.768174796305152086e+01
-2.163294327846108445e+01 5.364003378168084168e+01 7.397034888243410933e+00
-2.679861367168007291e+01 5.571328102504898538e+01 3.984220160251652487e-01
-2.743987720724817336e+00 4.869722220510047350e+01 1.568242914924883280e+01
-1.216821575911740183e+01 5.168962512796292685e+01 6.738289450112574741e+00
-1.510052749084508150e+01 5.270167267375524034e+01 7.340774962468458398e+00
-4.330461950666176563e+00 4.963154744652132422e+01 1.071802062085623675e+01
-5.596560766949323806e+00 4.977653933928522179e+01 1.336578618402518259e+01
-1.326955265921958471e+01 5.206505217914946115e+01 8.949068048439471568e+00
-2.772648482880413212e+00 4.987714952241947231e+01 7.830667594235592333e+00
-7.349390716113816779e+00 5.046303881391165191e+01 8.215378574275518986e+00
-1.835802591590464772e+01 5.374468883837914746e+01 1.896189360721223238e+00
-3.230868574538249050e+00 4.920862419410312327e+01 1.365260215089961093e+01
-1.350308140988238392e+01 5.131825012500979710e+01 1.140380066482430266e+01
-4.589931000692217822e-01 4.805069748102812355e+01 1.431479231623939086e+01
-2.207162107468036538e+00 4.949169364278299099e+01 8.892250989912554360e+00
-1.503907616490988630e+01 5.263775853095927459e+01 6.871508284431683933e+00
-5.872043372785810789e+00 5.044801875422638204e+01 8.565902318997586917e+00
-1.821951154251217986e+01 5.408494137107362576e+01 -8.982405698101274538e-01
-1.192686826044104009e+01 5.232278831503202809e+01 2.538651961708637828e-02
-1.734078172539454954e+00 4.940375086180520725e+01 6.158866741263523181e+00
-4.993108849487043699e+00 5.040659988168673067e+01 5.652552792518918068e+00
-1.936851252812994062e+01 5.411604077226709819e+01 1.126233062725532363e+00
-6.284996670283987896e+00 5.231037827219427072e+01 -3.244914588330971128e+00
-5.550471669749413195e+00 5.016845604174420714e+01 8.314009369254222293e+00
-1.367421791319100066e+01 5.179484893930765566e+01 8.194924284439252915e+00
3.303848003029315805e+00 4.784554286099304932e+01 1.082983278165613683e+01
-6.618725577162194895e+00 5.066472769074559324e+01 6.820458569968991469e+00
-1.139999539303914844e+01 5.253832545264555165e+01 1.863771806273462062e+00
-1.300347980052333696e+01 5.281424734785204578e+01 9.041369502070892850e-01
-1.069271921189999830e+01 5.174375706841010469e+01 5.006194423867441401e+00
-2.297270281631648459e+01 5.530220000536590419e+01 -2.147580793021120371e+00
-1.478598756698551142e+01 5.307043735990427535e+01 2.736556295523087101e-01
-2.783186828921316192e+00 4.943833303808563073e+01 7.958285273319802400e+00
-1.826692185508039756e+01 5.497302501100597283e+01 -5.876190729359336729e+00
-8.012529313762115635e+00 5.176365055811606908e+01 -5.349952890027225294e-01
-1.300878656989698356e+01 5.369876156806930112e+01 -4.442176720750126151e+00
4.098981362956124030e+00 4.833011014478648804e+01 8.109061283859659852e+00
9.011389089991212131e+00 4.719460158196042698e+01 9.285675659303933571e+00
-7.926106311710157115e+00 5.094090940995306482e+01 7.394584555414780880e+00
-2.863799075748028145e+01 5.714281594842321965e+01 -8.382168979701987155e+00
-1.600023069422053368e+01 5.515030038582634120e+01 -1.092138002177136968e+01
-1.096791840697846965e+01 5.238391701517866750e+01 -1.254913475142075185e+00
-2.087627022329996862e+01 5.472066270273225541e+01 -1.724243279685310881e+00
-7.898863073215409258e+00 5.229128176728241328e+01 -2.900136348740602443e+00
-3.734331118347995471e-01 5.052489031297903921e+01 -2.313541062036733820e+00
-2.348853155733621634e+01 5.675078083986045385e+01 -1.023119877798251309e+01
-8.579659423651662564e+00 5.203666139702264104e+01 -9.846706509730438484e-01
-2.074562080925414875e+01 5.633336004554567467e+01 -1.390197564390769003e+01
-8.927595796949731266e+00 5.312411716774548154e+01 -6.004878389764712665e+00
-2.976836655925376363e+01 5.874507773473416705e+01 -1.759283259208552863e+01
-8.112872218051847995e+00 5.314946070858417215e+01 -8.661246190648171250e+00
2.215422591847584499e+00 5.095887851014563807e+01 -6.296355697562489695e+00
-2.115553415841208107e+01 5.723176251021178018e+01 -1.646918208770102865e+01
-3.108473348567480343e+01 5.850463126755354892e+01 -1.628819005756065508e+01
-1.662721202769978390e+01 5.526453830059281813e+01 -1.497364893178246348e+01
-8.832890330432633164e+00 4.846571264107154775e+01 2.666641340928254067e+01
-1.210658433852813687e-01 4.567748614480274227e+01 3.480473406768487621e+01
-1.675828772979252790e+01 5.046227709649434701e+01 2.312959365672372769e+01
-1.395395001150541248e+01 4.893987491023892744e+01 2.951716249621927091e+01
-4.962783802725311944e+00 4.693542376214878686e+01 2.934227583170491016e+01
-1.074319583250064625e+01 4.909742403446063008e+01 2.332340771219014641e+01
-2.203630827207246057e+01 5.159396436598473201e+01 2.461196000189215738e+01
-1.195059808857365624e+01 4.906057325001319214e+01 2.629377061419313577e+01
-2.613379080962909029e+01 5.361565154661332144e+01 1.638400229431704247e+01
-1.408837809858982837e+01 4.946972470427448343e+01 2.732569438210521184e+01
-1.516500708432909050e+01 5.061291517106741367e+01 1.918406673432355092e+01
-1.584875453281131286e+01 4.971882545240271156e+01 2.578061144465345933e+01
-1.103582846881624846e+01 4.876716477918938608e+01 2.708077228191837094e+01
-2.719659646668583264e+01 5.297515801267701363e+01 2.042725277089857627e+01
-2.445440849515807713e+01 5.316363640337974061e+01 1.672042712940151432e+01
-3.278720874243595063e+01 5.457862837654715804e+01 1.771470730676310268e+01
-1.674031384598117711e+01 5.069539318091744917e+01 2.320464073436573926e+01
-2.992954687414328419e+01 5.480251711409275117e+01 1.253465452708724115e+01
-2.464104390011027590e+01 5.226425146825573620e+01 1.989240120521958488e+01
-4.076565363906297534e+01 5.661460319813141950e+01 1.377924786978542215e+01
-4.289558411392920334e+01 5.745535686241208850e+01 1.063203838401136636e+01
-2.744873128748645286e+01 5.245285403029043891e+01 2.396068105309245766e+01
-4.217362678950928512e+01 5.827805684551444187e+01 3.254946203882582267e+00
-5.097734424920292895e+01 6.008679869760248948e+01 4.441712986640823146e+00
-3.845703321204302938e+01 5.648070075664270462e+01 1.234355135422015337e+01
-4.006087482973794067e+01 5.763355700489756828e+01 6.473369739508598286e+00
-4.491282604867421924e+01 5.873356536496396529e+01 3.326978698696620995e+00
-5.582771619152754283e+01 6.215208220425452623e+01 -3.962081479304288223e+00
-4.636641868834431079e+01 5.942068884723016708e+01 2.299191676688451480e+00
-5.028403683790702416e+01 5.990738981096384919e+01 4.747974250790548467e+00
-4.915579364019038167e+01 6.029173881419194458e+01 -6.341649480534670147e-01
-3.383434423736639474e+01 5.680948004656042372e+01 5.840819672171392085e+00
-4.956701878339572431e+01 5.966973138135230670e+01 4.220308019581125336e+00
-4.709543504674036285e+01 5.988737058867988594e+01 2.803641973541743937e-01
-5.167407228710135314e+01 6.070283282926135371e+01 -3.598028070809959900e-01
-6.721859066677859573e+01 6.478654579111952216e+01 -5.047512342807976893e+00
-5.879601637894199939e+01 6.340446710837514388e+01 -7.254357057414381416e+00
-5.029603117660201406e+01 5.970902193783948064e+01 3.990033408480030630e+00
-7.345430147027798284e+01 6.722706763400233854e+01 -1.486675398639567902e+01
-6.796060237931590109e+01 6.548489733020778658e+01 -9.086341779880513059e+00
-6.101099921232946599e+01 6.353328502151560997e+01 -3.676962983679231911e+00
-4.497336092096998073e+01 5.869657825231348625e+01 2.923329164202868924e+00
-5.234917929104426548e+01 6.075313071632257333e+01 1.367050487088818045e+00
-6.343953803297631566e+01 6.380450671346409308e+01 -4.830114722831467589e+00
-6.175287814157752564e+01 6.326181407986192085e+01 -3.774885393693693914e+00
-5.824039643687888201e+01 6.221377251013177556e+01 -3.441909179023241450e+00
-7.317850989535509143e+01 6.701234102543551785e+01 -1.069013719309623411e+01
-7.426245645860478817e+01 6.753287547862325368e+01 -1.577108923572268395e+01
-7.003255485690101523e+01 6.606809774076873509e+01 -1.166537659514597181e+01
-9.230009314015114796e+01 7.230632191613960913e+01 -2.271807632099898910e+01
-7.155052284809323737e+01 6.629594892873055301e+01 -1.096224944837854309e+01
-8.122355300864626315e+01 6.867059918684034869e+01 -1.299431722274289314e+01
-7.980333990824431112e+01 6.870327273412488012e+01 -1.342180752487479367e+01
-8.309397137665644095e+01 6.863982629422815762e+01 -1.218293461439179737e+01
-9.462831696127773284e+01 7.275920795381065886e+01 -2.235263991861779687e+01
-8.917752039074946424e+01 7.180273275115442289e+01 -2.552564074442125275e+01
-9.091409027757993044e+01 7.265769664201653200e+01 -2.675927943973761103e+01
-8.328455313832944285e+01 6.929054366675921983e+01 -1.520995454625699494e+01
-8.830224822393256545e+01 7.134142300515452462e+01 -2.092048688972636228e+01
-9.557726950683820633e+01 7.282274228732882193e+01 -2.226870819755549746e+01
-7.541365006296587126e+00 4.854152649256360519e+01 2.569166575270332942e+01
-9.522144250461224146e-01 4.568140108988137627e+01 3.239604316631675829e+01
-1.797432899175896637e+01 5.091881903451724156e+01 2.336265327004548453e+01
-7.074454503365132041e+00 4.811067674275301442e+01 2.654303566979456264e+01
-1.398529342304743750e+01 4.859901683984185183e+01 3.037577779537969036e+01
-3.593923241871152641e+00 4.588715231619147517e+01 3.592934119100095813e+01
-1.704313657014904493e+01 5.069208163013297508e+01 2.224212860486591126e+01
-4.635075357206915214e+00 4.643111002183093206e+01 3.187994825708233293e+01
-8.669778254193943212e+00 4.700612021752186820e+01 3.691342959598318885e+01
-1.053914315323368101e+00 4.503606976434286935e+01 3.829302876523297527e+01
-8.520313140818075226e+00 4.730517256412787219e+01 3.574286394005684997e+01
-7.560472245842220218e+00 4.670457877017059900e+01 3.798184356792285143e+01
6.415206553459029237e+00 4.311354451147838063e+01 4.328371634264772183e+01
-2.119704914550379726e+01 5.073237772782499633e+01 2.749206991963592372e+01
-1.417509037946160788e+00 4.504356736018576157e+01 4.070612661576933533e+01
7.949484485909124487e+00 4.241296936106721205e+01 4.234046263530785836e+01
-1.603840358801062393e+01 4.814536597804664098e+01 3.954741487679984857e+01
6.365019076221983596e+00 4.242390736680317787e+01 4.841960249632506930e+01
5.753977586909627462e+00 4.321568707182768776e+01 4.190926464058566125e+01
1.635615308767637543e+01 4.038120926631802377e+01 4.858795932877478663e+01
-3.573283749661527509e+00 4.562330659855552994e+01 3.951020468421620535e+01
-2.206771990213155732e+00 4.537376852321858678e+01 3.923174417996960983e+01
-6.601816034141393175e+00 4.630886143819282097e+01 3.886653845048795120e+01
-7.150204954422861192e+00 4.681081710040069765e+01 3.677908955710540795e+01
-9.503918243324733339e+00 4.727986392220020662e+01 3.515146913882199442e+01
1.090610506915299993e+01 4.175366531054436336e+01 4.588385657758340130e+01
-7.124160284853132907e+00 4.629901558658059457e+01 4.037368786220122274e+01
-8.124727472045492505e+00 4.680231473094585226e+01 3.831067245230065055e+01
4.182789296568103055e+00 4.358059767642413362e+01 4.079962790243871495e+01
2.796146984581469042e+00 4.414177694469083235e+01 4.173950867913163165e+01
-3.551612433684567804e+00 4.529639928329572740e+01 4.492988704114486609e+01
7.239441072887302653e+00 4.240275742621497557e+01 4.549793000292174838e+01
-1.362604046770275090e+01 4.841286977500908506e+01 3.389005571066627454e+01
4.210440001650340491e+00 4.302812038393523153e+01 4.480563850817816274e+01
2.031451643516106742e+00 4.409407647572379574e+01 4.196841981947545719e+01
9.665238819242517820e+00 4.215079080430217573e+01 4.573973102195282081e+01
-8.511437419580829555e+00 4.730929654455809441e+01 3.488004015892443022e+01
2.152440296064685299e+01 3.799857154591967401e+01 5.643577028498179970e+01
2.559747392029066759e+00 4.407003455983084450e+01 4.224828687609965527e+01
-2.766451956676633017e+00 4.574013675209153007e+01 3.674673340198592086e+01
1.158580442720847259e+01 4.091195839527358658e+01 5.196825587848547912e+01
8.823762201679528516e+00 4.187125761163787274e+01 4.969544092489104514e+01
-1.284959706065251339e+00 4.501376590064950278e+01 4.015982135302829192e+01
2.895408896961725986e+00 4.351003801068657140e+01 4.400633184117668861e+01
1.310970294716946682e+01 4.110457683090083947e+01 4.681918473734413055e+01
7.577429701651226424e+00 4.222911024571095595e+01 4.689652696288089828e+01
1.514886490542983211e+01 3.990782772220654806e+01 5.105813199874023667e+01
5.252559005274974879e+00 4.322778274231313844e+01 4.113001986684525946e+01
1.750174553755812212e+01 3.876931770948988287e+01 5.601224258197657946e+01
-8.307642223626203304e+00 4.615269640392301653e+01 4.016911056166304661e+01
-7.508725189090796448e+00 4.634641924896720866e+01 3.959069761712294167e+01
6.951726608090780246e+00 4.243928449439550832e+01 4.404587239653301367e+01
1.717225647244629272e+01 3.934615224149325741e+01 5.313737047415770576e+01
1.974217173198462660e+01 3.915443112083045207e+01 5.281017696465869449e+01
7.314060631909455878e+00 4.219935570678848080e+01 4.806360822449187253e+01
8.666239695970830326e+00 4.107218261216979727e+01 5.241408568845213267e+01
3.811942766366428259e+00 4.151731515932760885e+01 5.503977356450582192e+01
6.401841761145419696e+00 4.095040177336989018e+01 5.602266160220460733e+01
1.101417974649416465e+01 3.933141407319624250e+01 6.070273448252237358e+01
8.562496274101363269e+00 4.159633501677421918e+01 5.198396476263087607e+01
1.778479481528131600e+01 3.812609745212557755e+01 6.053161083756185690e+01
1.851160044005303007e+01 3.848414639162945150e+01 5.681480250627532769e+01
2.289838118612794915e+01 3.707383615895059847e+01 5.979980198160023974e+01
2.259729241989180082e+01 3.760151541016313104e+01 5.667916664924860015e+01
2.679203250791169921e+01 3.551290859255783516e+01 6.544061595426660460e+01
6.703480430173499371e+00 4.086549145799119742e+01 5.766748754986815584e+01
2.115389546133712884e+01 3.766635928804294053e+01 5.872522153130671541e+01
-4.282003388906218788e+00 4.409133921425217295e+01 4.901610411288606883e+01
3.261693613720922258e+00 4.196642993485789930e+01 5.194786103421483858e+01
5.904968764835302864e+00 4.149582950170224649e+01 5.166868037093968269e+01
7.759267305303751527e+00 4.132029910991019506e+01 5.168772589985906052e+01
1.608833557230673250e+01 3.831870631682807016e+01 5.877660770050351857e+01
2.657727168807173257e+01 3.623598295906782596e+01 6.130896938836781374e+01
-5.231692608726120852e+00 4.401022830013397424e+01 5.295525667499327938e+01
1.698113409746576963e+01 3.780540264298593911e+01 6.458488962586329762e+01
2.384400206842826719e+01 3.613335528934987906e+01 6.597158708447250319e+01
-1.550759682381249149e+01 4.750773134099898698e+01 4.357877538619368352e+01
-3.337458467689657482e+00 4.321470353580150459e+01 5.467869130576559655e+01
2.593219062203286285e+01 3.483177911163238605e+01 7.081487996602140811e+01
1.654356729555127004e+01 3.789884509399871604e+01 6.272650841906397545e+01
8.946424522463985340e+00 4.034541954659920293e+01 5.892245820075709162e+01
1.009421809884702270e+01 4.004248724039257468e+01 5.917080639841969969e+01
1.612892586354610103e+01 3.809732760502083693e+01 6.234746443839867425e+01
1.133453277965588768e+01 3.894735391428338289e+01 6.322211188990672781e+01
5.297003147060763695e+00 4.113502347848032059e+01 5.834562335180953596e+01
1.325570697970226774e+01 3.932452413285562898e+01 5.908308535688092888e+01
2.183304640361632210e+01 3.650722299637601509e+01 6.466409255331632266e+01
2.029507264086282703e+01 3.763483256077466876e+01 6.157754781048856785e+01
8.891025571817067430e+00 3.976809215648194140e+01 6.191225321985052688e+01
2.985665631661504449e+01 3.525585510934445210e+01 6.452736930180140007e+01
3.193653481881358402e+01 3.519671485975169389e+01 6.177011800580589806e+01
-9.066727472895763640e-01 4.283461555925282482e+01 5.324981795896883341e+01
3.119173501851435049e+01 3.469701746733738901e+01 6.703092778392829132e+01
2.490112421832145628e+01 3.566551509478694015e+01 6.776350983059251121e+01
1.827012779384665464e+01 3.791386411803250667e+01 6.105247404259239374e+01
3.813221187492672470e+00 4.057902137044294477e+01 6.300098708290192917e+01
-5.845776948772254400e-01 4.300535497347010505e+01 5.309479918568717949e+01
1.193350393008745414e+01 3.987265212664908631e+01 5.727767459384040194e+01
9.422201193359910576e+00 4.034342087053744308e+01 5.806521051370191344e+01
8.617763092643485834e+00 4.049407891794498937e+01 5.741947612313765603e+01
1.563848549662782261e+01 3.848061601230665474e+01 6.196258613708982921e+01
1.525300885131355244e+01 3.879304941868747392e+01 6.228737201802437085e+01
2.217107805190983072e+01 3.646865535568753103e+01 6.599040926091993242e+01
1.659128754478956580e+01 3.758545685961735217e+01 6.673452304491843279e+01
1.275262825955360313e+01 3.789393632186403238e+01 6.731466780967070918e+01
7.951096053563674104e+00 3.963639867872961986e+01 6.488591412771575051e+01
2.344054387592370858e+01 3.609713576922240463e+01 6.809708840473786040e+01
-6.782554275047004921e+00 4.449715769446396507e+01 5.151081366202015488e+01
7.530776965822724378e+00 4.070822175551143118e+01 5.858866511542350963e+01
2.573803173360693108e+01 3.468547023474320667e+01 7.177013910437426603e+01
3.079716681388333654e+01 3.296957701934792340e+01 7.731690502491142070e+01
1.186983857119241748e+01 3.819375380810060960e+01 6.860057414044331381e+01
2.378027698038988547e+01 3.563424707420148252e+01 6.804116962646139655e+01
2.588333143995396313e+01 3.537768641785908130e+01 6.681648602093923728e+01
2.644955490544987242e+01 3.476540181969079413e+01 7.321415040090369075e+01
1.184841471882873520e+01 3.907730952506886979e+01 6.186891374901301788e+01
-8.979095677627810801e-01 4.275792091322188071e+01 5.485518833539981642e+01
2.316162260263729422e+01 3.560934355705745702e+01 7.265395264451854018e+01
1.690477188168915745e+01 3.759561456144700742e+01 6.843612331311283015e+01
3.479252269200844694e+01 3.216902328658210308e+01 7.927086326204334910e+01
2.114529849056646071e+01 3.634192129526473991e+01 7.011785136676007824e+01
3.417927917653742043e+00 4.039016561484550039e+01 6.536692614940511703e+01
3.683702370981677632e+00 4.122854128825196085e+01 5.974295108110663932e+01
3.564186770154515216e+01 3.204313141239049401e+01 7.911865113594535615e+01
1.464147297234308098e+01 3.788812879198610517e+01 6.779971837456355388e+01
6.874643303502466551e+00 4.015786813816833956e+01 6.466140376515181742e+01
1.255669880067864597e+01 3.860108132190390506e+01 6.496592407548723713e+01
1.570033671477233383e+01 3.807684417716103553e+01 6.597432316472895764e+01
4.845936775125824170e+01 2.837351040097848909e+01 8.439026963834680828e+01
8.201250583184105380e+00 3.936423553704787537e+01 6.707847416643107863e+01
2.105325927845080969e+01 3.667018207748418490e+01 6.856405593852718994e+01
2.673102286054574961e+01 3.344710819446834194e+01 8.069772787839497141e+01
2.912041147041213662e+01 3.495202609058293319e+01 6.917130924686580329e+01
2.193907786770341772e+01 3.603436876331772964e+01 7.050876590213988493e+01
4.201429527806237729e+01 2.918255669628285887e+01 8.777765234756793689e+01
