-1.169407398074733351e+01 9.214448920660998965e+00 1.474096535373098504e+01
-1.147101535902467617e+01 5.990612713490719443e+00 1.464717377890474381e+01
-1.129288956145998668e+01 8.622867189231271823e+00 1.485049297068468377e+01
-5.930703322004035272e+00 6.415132288102995517e+00 9.167668749893437052e+00
-1.082448529506925183e+01 5.560839214691469579e+00 1.222592536342455105e+01
-1.094732915466400414e+01 4.839809057876408360e+00 1.461452762140930872e+01
-1.197076845954256896e+01 -1.050279986505472607e+00 1.572189731344036545e+01
-1.377666077434849967e+01 3.799864807716602400e+00 1.732347792575933454e+01
-9.998452770720973604e+00 1.988918387680769229e+00 1.596300012978736049e+01
-6.355586742395558986e+00 4.562364905902995815e-01 1.253855382732854196e+01
-1.116326304452945806e+01 -5.320287788955880615e+00 1.599875966656918536e+01
-1.440854979073776576e+01 3.130748656714672506e+00 2.387065135316959186e+01
-1.389010974617127658e+01 1.211060944505391035e-01 1.979373893353658787e+01
-1.241168984362832362e+01 -3.686040820035486831e+00 1.632409285505889329e+01
-1.274452043259611855e+01 -2.316741172640348623e+00 1.932948261742347995e+01
-1.374209699828713838e+01 9.213879557193251912e-01 2.164418648439823301e+01
-1.387610816302787953e+01 9.486960059394959899e-01 1.871091656765679545e+01
-1.264824362519698298e+01 -9.211045857162162065e+00 1.989014901021039350e+01
-1.629680416928698605e+01 1.721650472387466380e+00 2.393103680354681728e+01
-1.288338790387405197e+01 -2.856478287420543438e+00 2.101676075141097044e+01
-1.695087931326582975e+01 -2.040684395958010100e+00 2.288008361629738374e+01
-1.390169708336071608e+01 -6.036089665072381649e-01 2.216614149088275099e+01
-1.594223829754895405e+01 -1.881028667855730419e+00 2.775556367428339399e+01
-1.981186776645392911e+01 -2.724157991187439620e+00 2.807737888501253565e+01
-1.495113702336391270e+01 -3.893662429210962728e+00 2.440453079848168727e+01
-1.571176834769545394e+01 -2.538538957396440310e+00 2.478816082721527891e+01
-1.514206775560592177e+01 2.663196556560535555e+00 2.341315696599610874e+01
-2.038938723152614330e+01 9.010040058240633698e-01 3.170580805088559373e+01
-1.887696873834067901e+01 2.494377720917498209e+00 2.748514302664193565e+01
-1.354371460422055407e+01 -8.971576792722260052e-01 2.208180569549472239e+01
-1.717022446133819358e+01 -3.714186755866535350e-01 2.626926453810915518e+01
-1.077411411375413763e+01 -9.781166606712048406e+00 1.841638604353897790e+01
-1.731647051501556689e+01 -3.849244862328532690e+00 2.604332843568806766e+01
-1.459021324468233161e+01 1.280303702674700617e+00 2.161269784428645835e+01
-1.762806514865087593e+01 -7.381188408548609914e+00 2.805448305585150592e+01
-1.947480318608018024e+01 -7.863802379871231096e+00 2.738358028191191806e+01
-1.474316605348104758e+01 -4.232604496125986770e+00 2.507740707962955184e+01
-1.534381415239715807e+01 -5.455758436728899596e+00 2.813554169712472230e+01
-1.652599709979745057e+01 -9.343197409730350955e+00 2.519772179773065091e+01
-1.685887204999198730e+01 -4.569810022105968983e+00 2.241156868414270775e+01
-2.011412853514354993e+01 -8.527518050650598980e+00 3.106021826739140579e+01
-1.760482448899836072e+01 -8.864373897690313697e+00 2.940451904628707780e+01
-1.795419966243832732e+01 -7.778911410106843505e-01 2.884321016209082700e+01
-1.722956673786598003e+01 -8.035789018433888486e+00 2.774688202645859292e+01
-2.011891790816514458e+01 -3.579596881417046461e-01 2.901354137344469564e+01
-2.558977409000510761e+01 -3.266305209201618709e+00 3.798221707920902190e+01
-1.674869863864091712e+01 -5.794107121700619700e+00 2.651573523065951576e+01
-1.479257121842181277e+01 -9.490191420233315966e+00 2.623083447634462573e+01
-1.914501983552202091e+01 -9.028654072698088839e+00 2.912992350461274782e+01
-1.407529128236831184e+01 -5.111258044014505231e+00 2.549411895126024774e+01
-1.727977642569828731e+01 -1.029397249914421764e+01 3.028518494072579870e+01
-2.025109466339631581e+01 -1.435274293455711359e+01 3.210377897287810356e+01
-2.150919912392612332e+01 -3.491062814533904657e+00 3.292835340859289772e+01
-2.257609709247128649e+01 -8.293066926164954111e+00 3.586461879488456361e+01
-2.025971492278119968e+01 -8.322235011246732483e+00 3.402606213254739487e+01
-2.489201773870729539e+01 -6.043443372986814666e+00 3.690961609692055845e+01
-2.053518619223666519e+01 -3.784814218456403978e+00 3.335242996888700873e+01
-2.108048652437150849e+01 -8.905234467449702151e+00 3.154275744731501163e+01
-2.546224594355373938e+01 -4.203270183557322071e+00 3.991243219201919601e+01
-2.387617874475938606e+01 -3.940615830151557475e+00 3.686160700983077732e+01
-2.221132160815454881e+01 -8.218355641023606495e+00 3.642931450599337495e+01
-2.300030210874115255e+01 -3.102637933950290972e+00 3.466985715449027339e+01
-2.017915177607119404e+01 -7.550901734973592738e+00 3.088135780812024223e+01
-2.288003052693954942e+01 -2.323908372447988313e+00 3.493933180780481962e+01
-2.509387552899499951e+01 -2.797615451346246118e+00 4.028171071574911366e+01
-2.086491186464343173e+01 -7.077022603171940318e+00 3.480782910291316057e+01
-2.505299213274213344e+01 -5.479853503268202530e+00 3.738438408150068426e+01
-2.523593355193531806e+01 -8.892048271543899318e+00 3.923024252916115984e+01
-2.692675884673417386e+01 -7.719359937281240036e+00 4.239293973319922770e+01
-2.868133760667672050e+01 -4.689904564919970653e+00 4.120762281896554668e+01
-2.685618423201572114e+01 -5.384651225283903386e+00 4.085143562365919934e+01
-2.296850043671929598e+01 -1.069444956607264885e+01 3.779286557306738814e+01
-2.878484471828858204e+01 -5.377924223600984988e+00 4.972181082505744598e+01
-2.346220774051153057e+01 -4.639900276708999627e+00 3.812700790615031110e+01
-1.996834653161488404e+01 -6.792081117746874952e+00 3.424584970019293451e+01
-2.642579769146732360e+01 -1.532258430650927039e+00 4.165074735211476309e+01
-2.491863653149823676e+01 -5.098777445458608781e+00 3.905483868866235753e+01
-2.622259790937675916e+01 -6.527687851248970219e+00 4.186671768824385254e+01
-2.625537331880809688e+01 -6.739239510854474702e+00 4.070574954614494345e+01
-2.298584091634450033e+01 -6.934268285986831870e+00 3.831512005761840101e+01
-2.248610415208622726e+01 -1.185916438867099032e+01 3.615239681189007115e+01
-2.622796373414416848e+01 -9.297494950024088212e+00 4.026902258438235549e+01
-2.541872197212217088e+01 -3.857200539167308762e+00 4.043096319696746832e+01
-2.774356411443000070e+01 -1.168658663081350824e+01 4.259736486750512086e+01
-2.908506821595597103e+01 -6.142592439387044578e+00 4.447902159987734194e+01
-2.898653191602147672e+01 -9.367699349001895825e+00 4.696812437699031761e+01
-2.990120103697120157e+01 -1.985749875902456552e+00 4.350884755658194081e+01
-2.951317672783488888e+01 6.970229774241261111e-01 4.690073852517639352e+01
-2.416095073033750396e+01 -5.323950176107928201e+00 3.622179988671121009e+01
-2.431965265416295097e+01 -1.383326307877422323e+01 4.078701474518129544e+01
-3.065214376488586367e+01 -8.556907514404883841e+00 5.011502653470279256e+01
-2.887225720773528792e+01 -7.417762415540778420e+00 4.396751193778140987e+01
-2.353736459845902118e+01 -1.045379865744354220e+01 3.806251508234379344e+01
-3.035174854068486638e+01 -6.632684102670509674e+00 4.695686061204060024e+01
-3.317670504482055094e+01 -3.614333690643775299e+00 4.967329216631856070e+01
-2.653248657927906606e+01 -1.227898587144682097e+01 4.544795765061439852e+01
-2.920854797942240566e+01 -7.152180086893963562e+00 4.408520435416016880e+01
-3.077056703838854901e+01 -1.222551323812979263e+01 4.861236341884000467e+01
-3.230609727265903075e+01 -7.886550311337259700e+00 4.914175696911411251e+01
-2.998496339832831836e+01 -1.542517118470323112e+01 4.847555409042411156e+01
-3.372389212049301932e+01 -8.086694626008920750e+00 5.122843071155148209e+01
-3.798629268085824151e+01 -3.810473252317478909e+00 5.644327097331506593e+01
-3.239374926423465695e+01 -1.355272507957602102e+01 5.056184854536218154e+01
-2.981975305177275004e+01 -1.759778075410406473e+01 4.509192862886493458e+01
-3.300284291797879632e+01 -1.029694855788704899e+01 5.370885222026004158e+01
-1.335017219140974021e+01 -4.989577195995764214e+00 1.864645809545646671e+01
-1.040494219439591461e+01 5.365026556065970453e-01 1.777378013290820036e+01
-1.030826237358661501e+01 -6.031531409468840366e+00 1.889911284035321160e+01
-9.485735242871214723e+00 -7.703270691762753586e+00 1.280680643662600460e+01
-1.078556942572163280e+01 -9.906668814221006869e-01 2.013827707005873435e+01
-1.408802273132289429e+01 -6.582750816589054921e+00 2.059909551355838175e+01
-9.553777552049041333e+00 -9.497838272043935604e+00 1.272960366185634484e+01
-1.189856296623884191e+01 -5.144701638913943498e+00 1.869822141433633078e+01
-1.109636893654425194e+01 -1.173440444031189145e+01 1.710826393562751946e+01
-9.245980391301259260e+00 -6.592673050498945031e+00 1.467060229995257714e+01
-1.304624510773010115e+01 -7.296932304408358050e+00 2.301966523061355474e+01
-9.411005389184936121e+00 -7.890649533090254408e+00 1.741290684978321224e+01
-1.030607881694066918e+01 -3.593356828848811801e+00 1.722009007476020770e+01
-7.523960566887694768e+00 -1.162509930944145253e+01 1.229554976358565455e+01
-1.201922789942125291e+01 -1.138502557143172567e+01 1.827206411027771082e+01
-8.435665369205366915e+00 -1.593264279831561225e+01 1.079153401476480667e+01
-1.001186247209261637e+01 -6.580501802031022862e+00 1.951100097755568186e+01
-1.085785981386567300e+01 -1.355926826485244874e+01 1.946747436188979918e+01
-1.066714104328690382e+01 -1.169258610884540417e+01 1.544402201915914929e+01
-6.412782812305522384e+00 -1.791039790473411131e+01 1.169968041535406655e+01
-7.201869522972856430e+00 -1.745554856975897451e+01 1.306196985152229217e+01
-4.207888188348306358e+00 -9.910307748808662609e+00 1.296193270258032726e+01
-1.141321813759702763e+01 -1.917773017925310342e+01 2.068887588594202498e+01
-5.074210060012489976e+00 -2.052762359743886122e+01 1.555625489304856046e+01
-7.084671720158439712e+00 -1.720293249736121766e+01 1.399058417830678991e+01
-1.036243423257320728e+01 -1.822475411305870807e+01 1.863049991141224382e+01
-1.016936402213855217e+01 -2.180229449544759746e+01 1.820904296010962753e+01
-9.905290392374467956e+00 -2.450822159502536124e+01 1.684504162324071785e+01
-1.056020834915182149e+01 -1.959778756801864574e+01 1.873061302247697313e+01
-7.221690477350193760e+00 -2.113943931027358758e+01 1.447853304544588582e+01
-1.000617975130501236e+01 -2.067239399632472896e+01 2.061440562446955482e+01
-1.235529818556506143e+01 -1.675710745029522286e+01 2.377310982324797806e+01
-7.746236091909736388e+00 -2.048364022772747717e+01 1.418054428053892480e+01
-1.148890523709985700e+01 -2.150636451194196752e+01 2.138043759620870787e+01
-9.115416299875050754e+00 -2.224201046063862464e+01 1.778318196926500150e+01
-4.982696757082464956e+00 -3.001529483076055271e+01 1.435629223626574458e+01
-1.185944326168339558e+01 -2.651219398256228033e+01 1.909472930384924894e+01
-6.927980799822194058e+00 -2.192819823067927132e+01 1.637145201465875743e+01
-7.986166160556877003e+00 -3.189423557839717205e+01 1.864318369256875485e+01
-6.719290282098768330e+00 -2.928288675574194144e+01 1.716058719836780710e+01
-9.927257553104425369e+00 -2.692386373849396364e+01 1.352836669139253445e+01
-8.922811887695843325e+00 -1.978813680389225738e+01 2.017115489521279414e+01
-9.534760669067225081e+00 -2.338931643137422611e+01 1.565834202377152451e+01
-7.325413306219672904e+00 -2.863138342218397270e+01 1.542250318789865560e+01
-6.352903129800097304e+00 -2.649402124380083023e+01 1.464568492694195356e+01
-9.788967867480550922e+00 -2.575997993642096162e+01 1.720841014538939362e+01
-5.607605300227419320e+00 -3.135742050181752916e+01 1.547197577434985760e+01
-8.049874062363528537e+00 -3.232335024008921209e+01 1.901984616349943735e+01
-8.799298842365487872e+00 -3.073092371441964588e+01 1.795622374551373923e+01
-4.501088761292407980e+00 -3.940037191576158193e+01 1.359346069153480130e+01
-6.411824592866082639e+00 -3.045961402150294361e+01 1.585484261414967477e+01
-3.612814945324828386e+00 -3.559143775940876253e+01 1.185456834832029926e+01
-3.844459075415102234e+00 -3.371513637033814348e+01 1.370808930535417858e+01
-3.343213051248937973e+00 -3.410272386296315972e+01 1.042041627074502230e+01
-4.024359268071293627e+00 -4.008998584065258797e+01 1.244310046324756058e+01
-6.587412105167686605e+00 -3.856751492972529149e+01 2.020538112136398468e+01
-6.850679130606067702e+00 -3.673213774428887746e+01 2.063265279597692370e+01
-4.938800582022054186e+00 -3.602707597388985050e+01 1.169632510360224842e+01
-6.975707975142881878e+00 -3.882988915898474147e+01 1.360373439645775306e+01
-2.142511313077420709e+00 -3.845270813665072751e+01 1.257098974785787959e+01
-1.382093651742462725e+01 -3.349048103158253298e+00 2.010911408142851542e+01
-1.391658656922027149e+01 -1.367961630763261383e-01 1.761928440111535110e+01
-1.001828361761334918e+01 -8.998325713529538916e+00 1.645782283243050870e+01
-1.263457362297873487e+01 -2.550449453446276493e+00 2.091906654118486131e+01
-7.539576192712445390e+00 -5.133473074256187374e+00 1.311558674821992554e+01
-1.040412713294466585e+01 -5.158107755617891144e-01 1.342340851707524507e+01
-1.177342165031058130e+01 -7.803761149398781072e+00 1.775988634335249117e+01
-1.088543102373876081e+01 -2.483282533775451384e+00 1.791189566790131948e+01
-5.663704562517892782e+00 -2.713370196268186874e+00 9.950234226132522508e+00
-7.147406224321002810e+00 7.166667449795625089e-01 1.361015157986793156e+01
-6.109583871094145024e+00 -3.159331561195102722e+00 1.155916716405744182e+01
-7.281073352012072064e+00 -2.851009588261206318e+00 7.668375155640319463e+00
-8.041941975479716120e+00 3.717161276352584309e+00 1.281512893041877987e+01
-6.298448090967667667e+00 -7.580556274540981576e+00 1.077146097806820535e+01
-7.555804481042713405e+00 -2.651871598850306100e-01 9.384400488407976582e+00
-9.937829618159241818e+00 3.655184258494244887e+00 1.574211743277595588e+01
2.506866482681857633e-02 -5.191746779944800494e+00 3.704172830703782893e+00
-7.293115854284124566e+00 2.333117353141958006e+00 7.412505866033626489e+00
-7.955827976067155305e+00 4.175247513162616997e+00 1.539593911304626772e+01
-1.118027170103206913e+01 6.832368557183031044e+00 1.420067137658577394e+01
-7.479658993809351841e+00 -5.532292057281296138e-01 9.872373287301172695e+00
-6.335622174494147885e+00 -1.011587253268714903e+00 1.266296203188261416e+01
-6.857939979270753383e+00 -2.173485694292651260e+00 9.774823275768397934e+00
-5.554105693826016932e+00 -3.837054680674384599e+00 1.008954800912397332e+01
-6.787224489189298993e+00 -4.086676361618430064e+00 1.042420081751782845e+01
-8.216010803796933715e+00 4.824344666819911254e+00 1.358844003161152614e+01
-6.388835793854696021e+00 -3.277770892694846339e+00 7.070437784107667767e+00
-5.111078812610799105e+00 -2.377159207397568252e+00 8.818149236356902065e+00
-8.218558748468836939e+00 1.058857079347518493e+00 1.318034595229084971e+01
-7.176642152333471358e+00 9.179788178848866664e-01 1.283697729444821789e+01
-3.336527451602890437e+00 -2.760182208777024471e-01 5.356933698807182509e+00
-9.719885541408416429e+00 2.036424614018528700e+00 8.675905504689353620e+00
-4.286934661558262860e+00 -5.962951514257554209e+00 9.359775637689665473e+00
-6.658949659488740735e+00 1.837558877115185396e+00 1.182609091385197075e+01
-8.873878489151309168e+00 2.571389480356600643e+00 1.256965134436444487e+01
-9.311082114261751030e+00 4.188881247317226553e+00 1.195795138505008026e+01
-8.102850096784294465e+00 -3.286640743900534289e+00 1.063716296672396311e+01
-7.154601174689531717e+00 1.012720629276330442e+01 1.044319316366974704e+01
-7.783393696756718327e+00 1.846707466668831898e+00 1.128567817469132706e+01
-1.008775305315549531e+01 -1.575074030355665400e-01 1.231133546305943582e+01
-7.442486829092047174e+00 5.300442039048050447e+00 7.016551727292039686e+00
-7.224328917623978441e+00 3.497541906575435178e+00 9.093956376198377711e+00
-6.849745275127474997e+00 2.486284824413473871e-01 1.233170360490379380e+01
-7.024467606720349977e+00 2.085116081258149734e+00 1.089575646581553769e+01
-9.879626727788206608e+00 3.334471438339420502e+00 1.259185240864923117e+01
-7.913670770753810757e+00 2.263110196252114292e+00 1.031183078148259824e+01
-7.726033448029767214e+00 7.578648946297064981e+00 1.018645593575098474e+01
-1.068524226661122611e+01 1.698133753256144018e+00 1.298614666366114534e+01
-6.026969760428400491e+00 7.817747091401415105e+00 8.424258636883791951e+00
-5.214929900321521927e+00 -4.003235133413667768e+00 5.109397852758746694e+00
-5.131199844660613962e+00 -3.041023923151684016e+00 7.580093130454741868e+00
-9.823624693521566087e+00 2.152786314106435839e+00 1.287416988299821696e+01
-8.393501878538899064e+00 8.790787515267155072e+00 1.085514363775561719e+01
-1.094581888052744034e+01 7.913427230640678545e+00 1.172122136754717303e+01
-6.227456744142216394e+00 2.322253254423529256e+00 8.739866670471741372e+00
-5.183206429134585846e+00 3.894845313390618458e+00 5.808200140910798837e+00
-3.608355850552580790e+00 8.315563464776780656e-01 -1.891804022571743849e+00
-2.189939517361009891e+00 4.581057181557142144e+00 5.361043394715334642e-01
-9.056108209558360045e-01 6.908647744658077627e+00 3.057609873553275293e-01
-6.994597720856106093e+00 3.403437482467914776e+00 5.683364235107887907e+00
-2.549253169356830107e+00 8.076050455370758385e+00 4.134286818748840631e+00
-4.588523122338997950e+00 9.054714849452338399e+00 7.748800917328125593e+00
-6.056218983906234143e+00 1.095730109893996485e+01 7.714374648412970714e+00
-7.258789429245140923e+00 1.035541635363588853e+01 1.022121737108457751e+01
-6.333626168160310321e+00 1.081627899867271836e+01 5.464279918103223110e+00
7.429074693359893899e-01 5.179889731597185687e+00 1.835564543884800059e-01
-5.210909305111506740e+00 1.060286817657439684e+01 8.962001290408949217e+00
-4.784794842098776257e-01 -1.149060956168316494e+00 1.794023208531619673e+00
-3.445976743557125133e+00 1.793494782652622632e+00 2.539037037976157762e+00
-3.314927939249244560e+00 1.141922391117830671e+00 4.192554816668277340e+00
-6.031740617250804348e+00 3.147921966710121922e+00 6.475699247097935540e+00
-2.819948252741294681e+00 8.479249399482569061e+00 5.930397386559917550e+00
-5.822673439371492066e+00 1.442302238036579354e+01 1.103806650529031685e+01
4.281053692684665180e+00 -8.320834835942996222e-01 -1.252662705054419234e+00
7.987241049403621673e-01 1.011913768293559102e+01 1.377685648944542152e+00
-4.405022261813201112e+00 1.055135708601915923e+01 1.676788765641266110e+00
1.955252709343334061e+00 -3.088709323717496069e+00 -1.017443462637370288e+00
3.112946235521185656e+00 -1.003763417570979755e-01 -2.536905699724840701e+00
8.559663245820416932e-01 1.352515009130502577e+01 1.671280664303779417e+00
-4.899894960351943496e+00 7.469855500269115822e+00 -6.951187403771328377e-01
-2.094657055463631679e+00 4.011669206243562158e+00 -1.191863171869464111e+00
-1.633602729646547402e+00 3.591707153072475123e+00 1.538135112746001454e+00
-1.926579287346037006e+00 5.835946244888139844e+00 1.346972905657644048e-01
2.548605618698303488e+00 7.774035197495287264e+00 -1.579428847909767342e+00
3.439533587410480209e+00 6.734315229313740048e+00 8.812401453135976226e-02
-1.887822845890761769e+00 7.236717942738819076e+00 2.177620127809078099e+00
-3.492834580288082691e+00 1.064576320045639157e+01 2.723368346207406088e+00
-4.826148687287107997e+00 9.394641425633448506e+00 4.972093454329886697e+00
2.082444184614658411e+00 6.212277146446645304e+00 -2.145477869755254119e+00
-8.069467030880705494e+00 1.466122141809392332e+01 6.840793889673079775e+00
-9.228627978863571002e+00 1.276905978132393216e+01 1.082746239924989595e+01
2.130052558665708418e+00 2.873708852343711762e+00 1.873478262196115907e+00
-6.229181979085021581e+00 1.474814542362721426e+01 5.720218556990346315e+00
-4.841952365809518710e+00 9.501370447998088054e+00 7.461367661473019552e-01
-2.842628024458979219e+00 8.664305660287535460e+00 3.149005055419294763e+00
6.763176361005179160e+00 6.509711016111580761e+00 -4.724930856951061742e+00
8.019743680135267283e-01 1.876936491760418768e+00 1.016096056672507686e+00
-3.801248730096443040e+00 4.435121543270447830e+00 3.260968234522344744e+00
-2.823481878322350980e+00 4.170105764187119313e+00 7.262826447177328504e-02
-2.021587679040509400e+00 3.920522158645236566e+00 1.339612466095219556e+00
-2.020286017350393593e+00 6.065912340367976441e+00 6.062602339344955737e-01
-3.613275426545939695e+00 5.468058713441672936e+00 2.406795646655091048e-01
-6.284744749088879701e+00 8.277678216188888882e+00 -1.505113023043971765e+00
2.275545056679277423e+00 1.068196073211703379e+01 -2.987501134629440003e-01
3.589425620042675291e+00 9.620880163149593045e+00 -3.440633704350574362e+00
6.688362699164940750e+00 6.407513784294437187e+00 -2.852801726642354652e+00
-1.965010597587507846e+00 9.948789323686472841e+00 9.750729699765514624e-01
2.457261114714803796e+00 -8.625735055939394158e-01 -1.384875922109465307e+00
8.690455291892718037e-01 5.207407762881482327e+00 7.556930543470627981e-01
-2.620521394646004865e-01 1.209283422588541157e+01 -2.008321719112089454e+00
2.145656538549104653e+00 1.605280227750797906e+01 -1.676663568575150975e+00
4.986267335773902687e+00 8.368695342679430382e+00 -6.031964607953227642e+00
-2.558053692152753911e+00 1.235851994552260180e+01 9.714199556028830784e-01
-3.587046525536713659e+00 1.111794533408315466e+01 3.024759649780867310e+00
1.429444519247851986e+00 1.203066675281634446e+01 -1.521812516875399979e+00
8.905527016502219340e-01 8.132967410366653382e+00 -3.493722874149938207e-01
1.274063247141398847e+00 -3.155246919736143241e-01 -2.448454384023094121e+00
2.424903261862567661e+00 1.282834406315734554e+01 -1.774476955956885149e+00
4.609678354664225708e+00 1.074897538262136720e+01 -2.263147415380871053e+00
8.602966588712490648e-01 1.835306727526918280e+01 -2.025136643654036561e+00
-1.521749356830639499e-01 1.144058199334670434e+01 -3.019024677331401563e+00
8.480694078990353546e+00 6.403568482686665675e+00 -5.746785381959170991e+00
3.251682763031439549e+00 5.679161299381959793e+00 -1.844466705897715997e+00
5.070525117322688402e-01 1.730545504266608958e+01 -1.548892058167155028e-01
3.405808134484260563e+00 9.041330135121711464e+00 -3.384675846801798116e+00
3.949543544232369641e+00 5.504889851666945333e+00 -6.501344826555026657e+00
2.236207058500198741e+00 7.198508311223946521e+00 -2.171420751588016174e+00
1.924525183155736840e+00 7.971092290055345586e+00 -2.221241041067344213e+00
-1.791289267308115996e+00 2.282848159818059486e+01 9.080242904115038982e-01
5.407715681408575392e+00 7.301742270297410187e+00 -6.511872640639296606e+00
7.247443298506510700e-01 1.274091085965357806e+01 -4.068945599251776457e-01
7.415346620199613881e+00 1.532339835574546782e+01 -6.780811797216529158e+00
-4.369146956633272794e+00 1.096877950918338485e+01 7.830325217240119429e-01
1.502118284414848404e-01 1.156873408470180919e+01 -1.716279793893164651e+00
3.362453779089378259e+00 2.095841362209444014e+01 -5.835844013552559773e+00
