1.804695125320731108e+01 6.760322166875624816e+00 -9.404271115714536222e+00
1.289123449488582196e+01 7.114155141644374680e+00 -1.169035486445757499e+01
1.682860736696258641e+01 5.519658532133547624e+00 -1.100566878376442048e+01
1.031463170118307460e+01 4.628936649541600445e+00 -6.361415781301957395e+00
1.334885842800423461e+01 5.325997826118594958e+00 -9.334354461398334024e+00
1.253418170728093628e+01 7.076745132097897795e+00 -1.260434306899122703e+01
9.427017841277717025e+00 8.579373291171236815e+00 -1.580269176770914896e+01
1.473008447896239659e+01 8.118000476575105040e+00 -1.566588920902421478e+01
1.102534709366557308e+01 7.728191986702881877e+00 -1.389667154406089367e+01
4.647050200550154386e+00 7.600648265268574733e+00 -1.077251249035828096e+01
4.983343279990720021e+00 7.356348940674706682e+00 -1.593725863444231550e+01
1.632365120597199848e+01 1.282657238400878441e+01 -1.904781372831570252e+01
1.010529482116311328e+01 1.188412864373532329e+01 -1.827573155620601142e+01
7.505095095736237454e+00 1.012039730226229040e+01 -1.617863424639125469e+01
8.758006935257299119e+00 1.013874169727085928e+01 -1.851087761490128969e+01
1.320717271378026680e+01 1.111794634439235097e+01 -1.940142472701526799e+01
1.208098970110268056e+01 1.000298572129605645e+01 -1.666041770118644649e+01
6.212285981157322112e+00 1.392834438355947668e+01 -2.136470273866552816e+01
1.524169321924324549e+01 1.332514719088993616e+01 -1.806886905969543022e+01
8.442118201143728129e+00 1.320822554635651613e+01 -2.024418686410416512e+01
1.287546005463906340e+01 1.399507789354697707e+01 -1.996071803937124400e+01
1.208927199691225951e+01 1.294008454591772761e+01 -2.012166509681304660e+01
1.505439735891962982e+01 1.723879826679637972e+01 -2.305046327824186392e+01
1.391403805251655967e+01 1.694869999553100115e+01 -2.650172834875689887e+01
1.078614500768600237e+01 1.455249343177064247e+01 -2.388709571305059853e+01
1.084173560454456720e+01 1.667257328936540262e+01 -2.124803448828839691e+01
1.522956826628092131e+01 1.331929115769531791e+01 -1.999424589176655331e+01
1.916992790119729761e+01 1.706400388916165412e+01 -2.659475297437177232e+01
1.883922663822642107e+01 1.475125164817967516e+01 -2.465209659108137430e+01
1.242819448157746365e+01 1.290826226491577700e+01 -1.972698471057671554e+01
1.397522757558181183e+01 1.443942426381528321e+01 -2.339250660780038515e+01
1.273551016980889017e+00 1.386930273388884416e+01 -1.925591710529590728e+01
1.318922102644381766e+01 1.577155956412923388e+01 -2.320637881541080105e+01
1.287477718225181889e+01 1.312952451241949348e+01 -1.873089513580032417e+01
9.069207388987990726e+00 1.825458454306397016e+01 -2.640788365208857158e+01
1.295260525233720728e+01 1.659937925250420676e+01 -2.705102605373116376e+01
1.137534256260312304e+01 1.556555371392448706e+01 -2.336410814984674289e+01
9.812335730691245317e+00 1.860799266594028722e+01 -2.370622001120028699e+01
6.524786547472444909e+00 1.852807916954577649e+01 -2.487953327447780794e+01
9.286984102984717993e+00 1.239499601801793460e+01 -2.451142943241865169e+01
1.220049126064321854e+01 1.909205987185958975e+01 -2.791307509323451086e+01
1.013376672858345273e+01 2.005942486126332369e+01 -2.922687394730553478e+01
1.578135904875352935e+01 1.666039954299606052e+01 -2.596550327419271298e+01
1.080915252792789261e+01 1.833214967552896724e+01 -2.789048444029702978e+01
1.746731464692101099e+01 1.732909356309176019e+01 -2.633870863266577089e+01
2.089635629159374730e+01 2.289978437193576610e+01 -3.586720564709980863e+01
1.039216653648531974e+01 1.835445938095398333e+01 -2.451010679804522852e+01
6.006064173760080394e+00 1.755683919923427538e+01 -2.444247772852401113e+01
1.083004866999675642e+01 1.925237210480594285e+01 -2.856939912410871329e+01
1.012731329085551124e+01 1.779074668340842891e+01 -2.420079758659034042e+01
7.963892050330628081e+00 1.981570197479692297e+01 -2.931061246288049915e+01
7.601659480245189116e+00 2.257134315719054030e+01 -3.299116628455504951e+01
1.565947407158910210e+01 1.894648790295701701e+01 -3.006845268230534884e+01
1.548138963812800739e+01 2.163635476780871159e+01 -3.411980111246327851e+01
1.087517581034933301e+01 2.087474828351525957e+01 -3.293124493309829859e+01
1.801738874503314491e+01 2.147533818754720869e+01 -3.408033592884180507e+01
1.811369276246000481e+01 2.241118286341168186e+01 -2.998576891828781754e+01
1.301004487514444463e+01 2.022057786598975326e+01 -3.126777967594642860e+01
1.993253775585674248e+01 2.360915454918017531e+01 -3.697061676458173451e+01
1.744408880793582739e+01 2.305249470603359896e+01 -3.478260424379550386e+01
1.291854768488417449e+01 2.333292347249141585e+01 -3.335400353606360113e+01
1.806529861954220451e+01 2.026669255755166432e+01 -3.173763734385687485e+01
1.203068270502103587e+01 2.080056754491414495e+01 -2.832920926979403475e+01
1.958383540247280052e+01 2.059284531073535618e+01 -3.338419277687324893e+01
2.043736157690693744e+01 2.371272118517470062e+01 -3.610496656746994404e+01
1.168509066215392522e+01 2.160462523108242294e+01 -3.253932980162272770e+01
1.653964803022665819e+01 2.035099992415428005e+01 -3.579205176352900253e+01
1.506495509735680116e+01 2.658403245309148133e+01 -3.657954837885051802e+01
1.685905491163634906e+01 2.567799463712560737e+01 -4.003721140427353475e+01
2.119940835426882586e+01 2.427873848674050805e+01 -3.818705407020399889e+01
1.946667786444663761e+01 2.365241355317039051e+01 -3.792234996882541509e+01
1.104273144604076151e+01 2.337016107697888856e+01 -3.619186201004418990e+01
2.399606262508291366e+01 2.920891630177186471e+01 -4.371558017830500376e+01
1.895268096163692917e+01 2.326046240101766216e+01 -3.355515110433350401e+01
1.300201256596358235e+01 2.163436289909088828e+01 -3.067368057023230676e+01
2.521095519467803570e+01 2.552896288425631610e+01 -3.415732320700794844e+01
1.794188602899635043e+01 2.360196077312934904e+01 -3.541752672144855296e+01
1.662162257173213220e+01 2.508818182867503310e+01 -3.739732584084936207e+01
1.705394167215115431e+01 2.403577345018857159e+01 -3.799077798213744472e+01
1.744728907945705032e+01 2.460821849926196592e+01 -3.464878151162781705e+01
1.257431469884500075e+01 2.375100414173596164e+01 -3.604320501052677628e+01
1.682782547430315390e+01 2.486737492218276202e+01 -3.724868703314848517e+01
2.087914280626785057e+01 2.365221104071554237e+01 -3.541010027379263647e+01
1.499804861205961970e+01 2.613561057165759394e+01 -4.228967080427241854e+01
2.078978272335461952e+01 2.736078071688700675e+01 -4.203432231637850691e+01
1.784134260019538942e+01 2.669384337339602098e+01 -4.304429755534283686e+01
2.302147712897317433e+01 2.419715251534853451e+01 -3.982461031647738992e+01
2.756602743075848139e+01 2.628329304169915304e+01 -3.952282174656517100e+01
1.747041098733188846e+01 2.385156103073563827e+01 -3.411620130458408084e+01
1.018831712529095057e+01 2.673622563552100928e+01 -3.900368167261262897e+01
2.043461118380366770e+01 3.217860341275218161e+01 -4.655470484205579851e+01
1.899007637323086328e+01 2.723590748488391000e+01 -3.990778797035329717e+01
1.260295974425025634e+01 2.515941421557215563e+01 -3.687988486520237075e+01
2.292011295407291982e+01 2.818057984267704796e+01 -4.365335811640204611e+01
2.615441469838060584e+01 2.891583614102830779e+01 -4.572483347630713979e+01
1.541897560803988654e+01 2.890072637686955659e+01 -4.333629656784523831e+01
1.858604825005727434e+01 2.741248349557963593e+01 -4.226776991642338999e+01
1.831475434754258913e+01 3.129260485853410501e+01 -4.649587257336372659e+01
2.282554860380378159e+01 3.070527749018901886e+01 -4.524914742908424614e+01
1.477164416663424618e+01 3.143814466770641047e+01 -4.523331807583360842e+01
2.409550644369835481e+01 2.939269177524090537e+01 -4.746229740527621743e+01
3.099339670125016255e+01 3.407503578168677905e+01 -5.076466936365955007e+01
1.918749522157008869e+01 3.123750806924988410e+01 -5.054249399255513708e+01
1.035193450921508429e+01 3.042171916164841150e+01 -4.765146996849694006e+01
2.150891307599181346e+01 3.341490946208512014e+01 -5.037273311791727792e+01
5.833275818138133673e+00 1.193295038945700526e+01 -1.930516242718192643e+01
1.156387648846634875e+01 1.093301871581871865e+01 -1.346081864334880152e+01
4.163523840713025947e+00 1.277928935543445732e+01 -1.685935464096766623e+01
-3.911608545192279962e-02 6.211741088322270343e+00 -1.594693121857596907e+01
9.604479001451920794e+00 1.319105063550773593e+01 -1.611257463761901931e+01
6.439740340099149307e+00 1.255773125430397386e+01 -2.095389302893960348e+01
-6.612720809027052837e-01 1.066969732830517614e+01 -1.366496733082394144e+01
5.406962728415805941e+00 1.102257322906297077e+01 -1.762657886283574271e+01
1.031119654353233273e+00 1.308651165614185174e+01 -1.893449280570075643e+01
2.445703463824543178e+00 9.918165188874610294e+00 -1.678437729204227935e+01
6.641793213509401994e+00 1.544292803782985857e+01 -2.340957803099632883e+01
1.832022343925018504e+00 1.001362516718035067e+01 -1.593421580803226334e+01
6.666852817044627955e+00 1.189277240557305504e+01 -1.554493091338704858e+01
-2.005493777870356098e+00 1.000818491528039544e+01 -1.648306018800127504e+01
2.480362748072479917e-01 1.429334725418055996e+01 -2.109246401149579242e+01
-5.339387337917912646e+00 1.103791065081944112e+01 -1.749566848504105110e+01
4.098262842926203575e+00 1.317810299761242732e+01 -1.732847679535942120e+01
-2.581424685648130435e-01 1.440872902701272551e+01 -2.182754316592081523e+01
4.824257462025798304e-01 1.200140185446053920e+01 -1.719449862105636839e+01
-8.112916759775316677e+00 1.115465378812132258e+01 -1.381771393304831008e+01
-8.737275044683315173e+00 1.261883330845540740e+01 -1.776616410777495503e+01
-4.766924750073116002e+00 8.961149121302128151e+00 -1.236122806421775522e+01
-4.186765929496516492e+00 1.618953046235651527e+01 -2.524998456469324992e+01
-1.001680525109804876e+01 1.473328031162236584e+01 -1.944550258276757404e+01
-7.149207783959980134e+00 1.254376953564650421e+01 -1.974972968946212859e+01
-4.520222983263920469e+00 1.507377716225011000e+01 -2.147865293302157852e+01
-7.708890502282883972e+00 1.561407708449610254e+01 -2.404254307240267963e+01
-1.162807089873399491e+01 1.641403887183997767e+01 -2.604807022557656637e+01
-8.431537137835277917e+00 1.730136647647071868e+01 -2.396775410000918782e+01
-1.134670051064779273e+01 1.489337679562481753e+01 -2.042468516063240713e+01
-7.294776714351939972e+00 1.647546309023795175e+01 -2.408610963428924379e+01
-1.317027619242821856e+00 1.682339219725383828e+01 -2.525979253230434551e+01
-1.075895619408419179e+01 1.454766684418223122e+01 -2.098348484756598964e+01
-8.262438990486884904e+00 1.711078235684266247e+01 -2.442647612419602865e+01
-1.006068503316686247e+01 1.629136354684573007e+01 -2.355067322241717420e+01
-1.844732900323288050e+01 1.531146929785830935e+01 -2.213246429773153068e+01
-1.299695184054326091e+01 1.701690600816488086e+01 -2.855646924809849452e+01
-1.047146476735940723e+01 1.480151810679819846e+01 -2.047532314714749191e+01
-1.812532807252711109e+01 1.939736897149663264e+01 -2.691694406323443900e+01
-1.594710671338521024e+01 1.740843090524566605e+01 -2.454704616230645797e+01
-1.515455495603589497e+01 1.486956862518962907e+01 -2.291564622723683442e+01
-6.151706553732992688e+00 1.589570683594683942e+01 -2.376829825209006231e+01
-1.060860011121292246e+01 1.497817853798045462e+01 -2.345348423077291500e+01
-1.612579763736709992e+01 1.612607167268777175e+01 -2.271371927799117429e+01
-1.386090035309848645e+01 1.679049936471994897e+01 -2.219091193940170115e+01
-1.208680030222694768e+01 1.772094048600411043e+01 -2.374411009219556945e+01
-1.895900764253002535e+01 1.685563810481295377e+01 -2.450892799917465936e+01
-1.806029822359784021e+01 1.969595169152819381e+01 -2.888756466440014492e+01
-1.859194236700312786e+01 1.727714798789679662e+01 -2.766863529926274623e+01
-2.680958554385216530e+01 1.874906895972713983e+01 -2.616680914289071325e+01
-1.900289356515537520e+01 1.698290375619779979e+01 -2.518851357478109776e+01
-2.610241052795788619e+01 1.536383340925112861e+01 -2.378051502808540363e+01
-2.313087780904817237e+01 1.621785193291640326e+01 -2.259524224156530181e+01
-2.501172514992612150e+01 1.663781872065015932e+01 -2.047891402224479407e+01
-2.815485498530176756e+01 1.795485329971052124e+01 -2.389018828842915809e+01
-2.209220925647326794e+01 2.212734433697670511e+01 -2.924948721955342990e+01
-2.367476520775142035e+01 2.346016314377305889e+01 -3.013536480086668234e+01
-2.467493696208509846e+01 1.802327584254243220e+01 -2.271963023264191861e+01
-2.632486650199888345e+01 1.881155763820845550e+01 -2.532903820750158275e+01
-2.856274468783328757e+01 1.941627431747434684e+01 -2.358087537302054670e+01
1.001152862352796546e+01 1.424830845671647239e+01 -1.953159440640078515e+01
9.965080503645424415e+00 9.656368301782151775e+00 -1.876202940457559976e+01
3.377122508978914084e+00 1.223016602330574187e+01 -1.727058423270372600e+01
9.942191227953401267e+00 1.302103311910747152e+01 -1.797319497935637855e+01
3.698654507147864479e+00 9.896744627908418579e+00 -1.220200818376770258e+01
7.157164060598034894e+00 8.232281827878182412e+00 -1.309876182302792813e+01
1.954413328124758209e+00 1.187190392287288887e+01 -1.951819882737271428e+01
8.023303407741821047e+00 1.085941222116167637e+01 -1.541050153324329131e+01
1.416309098128976984e+00 6.799275190853620643e+00 -1.022909691905579166e+01
8.102172498651725618e+00 9.037229135002093017e+00 -1.156639191896749708e+01
4.494084820795166024e+00 8.003610938273823194e+00 -9.099513228820086397e+00
2.331195287326437438e+00 6.304857270561257110e+00 -9.654919826477964762e+00
1.141576923399961174e+01 6.360664326848251449e+00 -9.182506305019643378e+00
-8.039218652879469573e-01 7.920316041900150594e+00 -1.261289315670933320e+01
5.896859533771106499e+00 5.446146364455699995e+00 -9.896452197078957624e+00
1.154203935955024463e+01 8.711848259051009791e+00 -1.122644757438484930e+01
-3.683119494642497216e+00 4.145657834792885410e+00 -4.732011326688805752e+00
7.206675584729040906e+00 3.135915718539422414e+00 -5.674695585514598406e+00
1.026463605020978775e+01 7.383665893985039475e+00 -1.168480368579325557e+01
1.481489349922784982e+01 7.147992653618985059e+00 -1.075679210286337195e+01
6.077638661050656310e+00 6.620628382241221743e+00 -1.014394697846468318e+01
6.533110981260023209e+00 7.576003464360638873e+00 -1.172543153578783404e+01
2.292745979698509018e+00 5.297730420182318767e+00 -8.623451937673621615e+00
5.002482749047914012e+00 7.635801335644799792e+00 -9.415192936953189928e+00
2.160993244669924707e+00 6.981180058229568886e+00 -1.078796957425481651e+01
1.160595608097298737e+01 7.922077921307874249e+00 -9.288021546500417003e+00
1.737812201459888684e+00 5.221884788222425300e+00 -7.232598899770096068e+00
1.823241905791178397e+00 5.851051014949518958e+00 -9.745408022226968114e+00
1.094305522258216001e+01 7.396304054420539842e+00 -1.102503854284549334e+01
9.308881655409408040e+00 6.961001545580359107e+00 -1.095244368684170411e+01
2.083191337473834892e+00 2.950459584945662073e+00 -5.740855060872142701e+00
8.480679793777710529e+00 4.946354229597119456e+00 -9.510580103709372679e+00
4.404073404292887517e-01 6.474186404247404880e+00 -9.507718147893967853e+00
9.639234414835073039e+00 6.505013655387188010e+00 -7.554359262016944854e+00
8.525042279815153279e+00 7.526453672486724145e+00 -9.812701458409520683e+00
9.749931675354645222e+00 6.699039256886607063e+00 -1.010705007896034147e+01
3.757413639372458647e+00 6.826479418716843384e+00 -1.118984454593629607e+01
1.423832410585789887e+01 2.556372091056175577e+00 -5.265685692388643702e+00
7.144225483278802358e+00 7.510719971598120992e+00 -9.784832725543552101e+00
6.422210820163371636e+00 8.215948103444191020e+00 -1.171125435573142681e+01
9.323875677878859847e+00 2.247693931022624270e+00 -6.544740106379300926e+00
8.472610786863384646e+00 2.460816075558668103e+00 -5.742944351016269877e+00
6.814091329251766638e+00 7.009465205915148545e+00 -9.271379211232968487e+00
9.241656216632350151e+00 5.711996061777995237e+00 -7.890589998989995024e+00
1.131265837819080389e+01 4.533760068525026554e+00 -1.121918358065164512e+01
7.098002298994714465e+00 4.219716501797591945e+00 -8.833210626324898840e+00
1.341189691871352352e+01 2.812047183661547933e+00 -7.212385781363394699e+00
1.105332852300719537e+01 6.923438034519421080e+00 -1.177520042734167305e+01
1.167251129091467021e+01 2.028058760658396409e+00 -3.275081590858906821e+00
4.615217480926077087e-01 2.899156363991053809e+00 -7.828201242347049060e+00
2.386620779908099621e+00 5.557862245576728810e+00 -8.304754394542911200e+00
1.025886666154798377e+01 6.593116653838706043e+00 -8.859030349838448615e+00
1.410083595921454958e+01 5.215484359542699622e+00 -5.996517789605050552e+00
1.664941673840138492e+01 4.382005853741645751e+00 -7.895601419274370869e+00
8.302778664938472275e+00 4.268698267091593834e+00 -7.428887149188312833e+00
5.979252610864115525e+00 8.523234245502351314e-01 -5.141966061648648889e+00
5.544000078195723269e-01 -3.097761967983760023e+00 -2.464939559733526409e+00
4.416644504681838335e+00 5.410319150661671017e-01 7.830572142719613993e-01
4.538849155471361030e+00 -1.257882484185650185e+00 2.201762388970493589e+00
7.824395580610939760e+00 3.474523621258825301e+00 -4.182199875979520698e+00
1.013307801964978339e+01 2.667285363904738915e-01 -1.385712462508493559e+00
1.244081240608675643e+01 1.864553217731497625e+00 -2.651306756541830012e+00
1.445572109799977767e+01 2.410543348918452011e+00 -3.522434576320755628e+00
1.590343898588550076e+01 4.109960650168204666e+00 -5.814259774024595373e+00
1.318535962256547300e+01 -6.698905600039566366e-01 -1.727562975840157833e+00
4.308627167469687436e+00 -9.543424560435695980e-01 3.636616492525796218e+00
1.277644805456804988e+01 2.142124544306497569e+00 -2.503172288097991860e+00
-3.610915149588542761e-01 -2.453536735704275884e-02 -2.731554674424348406e+00
2.390947522850247253e+00 2.165711412047244266e-02 -2.881509502069217632e+00
6.286927004623777293e+00 1.505079767323906026e+00 -4.839290110975451142e+00
6.454053508620091861e+00 2.082651198563098660e+00 -3.983316067491017520e+00
1.111679875319348554e+01 1.646205707997701495e+00 -9.748754846833733723e-01
1.742774169160334452e+01 2.170676644904673935e+00 -1.639491337464181520e+00
-5.053221722432112983e-01 7.165622467288130792e-01 4.649804973662956087e+00
8.647027520294116698e+00 -1.242007399376305443e+00 3.456884722293622758e+00
1.050058242888882631e+01 -1.967767701134460312e+00 1.003251730701379074e+00
-2.759388741297179592e+00 2.794149349981495334e+00 -6.014806784700681419e-01
-1.867103064026892412e+00 -1.218050267359380712e+00 2.811625169573837013e+00
1.299869371992980405e+01 -2.935648101190452053e+00 7.027655741383199484e+00
6.689140377066330245e+00 -2.307176642594960470e+00 -4.638206571405092404e-01
3.390042400294991154e+00 -2.348715901894554037e+00 -2.882339198718995021e-01
5.608326566644564082e+00 -2.770370041687351126e+00 -1.188029540014177599e+00
5.492172430631079294e+00 -2.860241061738186374e+00 7.113805931027101792e-01
5.803534665640952994e+00 -1.273071971878223962e+00 5.777915330256135462e+00
4.909529046060278290e+00 -5.028466895941292591e-01 4.600300487164190599e+00
7.937017700211386639e+00 7.537048707700755301e-01 2.845195699476121831e-01
1.128331286092281083e+01 -4.673989614364058021e-01 1.342616465418181804e+00
1.153421097094146219e+01 2.116435778289869063e-01 -1.083068506508634954e+00
3.116057566614472307e+00 -2.491515633363228233e+00 2.970997757010309215e+00
1.702182159284586760e+01 1.747937654478320724e+00 -9.181526429732649319e-01
1.953212582119412843e+01 2.119361380932133443e+00 -4.428331875807214324e+00
1.256525010769598438e+00 1.406256173471557958e+00 3.125312343014508443e+00
1.745363277052084783e+01 -3.983040965471502659e-01 4.260353908093392761e-01
9.453906054729372954e+00 -3.375092238726850269e+00 1.446719961583909253e+00
8.752029989587194692e+00 -1.283706742331975903e+00 -6.556291930792070843e-01
5.096677405899043833e-01 -2.106406247888003236e+00 8.661573826189325587e+00
2.584895170417385479e+00 3.701303283069696803e-01 6.597244656251763928e-01
6.427275762869381737e+00 -6.127242778663060108e-01 -1.466599244817619052e+00
3.936237271109190416e+00 -2.559013616101009525e+00 -1.197920367939723008e+00
6.063238288418136612e+00 -1.118817941116506232e+00 -8.066959845507071236e-01
7.617087944021648127e+00 -1.942325175157964878e+00 9.666967481076795821e-01
5.419557261379765123e+00 -2.697210413025356246e+00 1.322463595200687791e+00
7.618982608943021262e+00 -4.371593074649725352e+00 5.770578031282269649e-01
5.890199962110557408e+00 -2.038544798796365853e+00 6.771784291230105168e+00
3.965587322903459722e+00 -2.085163592718501491e+00 8.117176030657617503e+00
3.371442125749624097e+00 -1.934968527522499926e+00 1.032512730252882704e+01
1.107004081661538919e+01 -2.475935210883690729e+00 2.932464134126675503e+00
-1.751110901357989746e+00 5.860045951364867278e-02 3.259620861199268305e+00
4.962721737155156632e+00 1.888952933753138552e-01 2.254655666616848464e+00
9.383768494232057833e+00 -4.865631570686616669e+00 5.647394884791708591e+00
1.257973443211054132e+01 -4.735735877466893839e+00 9.105020072201881476e+00
4.169159619131335148e+00 -4.776456505060252766e+00 9.295644918097224263e+00
1.014273990330122643e+01 -2.752406448195916511e+00 1.505116747184700898e+00
1.298478914634577563e+01 -9.348078362775176231e-01 1.492987478684781877e+00
9.957303897741070386e+00 -4.818537623772968459e+00 6.446979453953133543e+00
4.595749973484856810e+00 -1.692853949777834544e+00 3.359334362023268739e+00
7.161639809887816455e-01 -1.065432736850951301e+00 1.907764934792844258e+00
9.814724810680914402e+00 -3.553719583943390603e+00 7.811402817996167869e+00
7.841729046188987695e+00 -3.232901133204606481e+00 8.123780844177034055e+00
1.337591040497184736e+01 -5.481643631412637774e+00 9.426156884822773918e+00
9.083765910163492663e+00 -4.643108347402730374e+00 6.281947676366698374e+00
1.289284416263569710e-01 -3.087190046439644675e+00 1.105363611503344146e+01
3.042178960058237180e+00 -5.173699876728932168e-01 6.842337179983061901e+00
1.559840456543980736e+01 -4.439748884868066625e+00 9.578687523927754910e+00
4.597948034739815171e+00 -4.875162192732261701e+00 7.431488428236889376e+00
2.349459838269126521e+00 -3.879770114766458278e+00 9.050017090736190539e+00
4.340219941552831528e+00 -3.038739000613560393e+00 4.985903379520863155e+00
6.115763723945192964e+00 -3.086665453731420428e+00 5.937808719830371729e+00
2.117337835263062118e+01 -5.412323038204249315e+00 8.606102514532267378e+00
1.943194617373450228e+00 -5.863812629741033788e+00 1.082317457663305049e+01
9.071863355877098911e+00 -1.057541314192185666e+00 5.792332775920797872e+00
8.108810053215819380e+00 -7.511680551991673838e+00 1.371547948182336540e+01
1.192856219336233181e+01 -2.293598891874053525e+00 1.454573360189357345e-01
1.052563411064895149e+01 -3.588741714342646105e+00 5.545358049719965265e+00
1.479977480085941011e+01 -7.929933593601987241e+00 1.435735816050399194e+01
