2.331055890618745252e+01 -2.001408679118685541e+01 1.770120152757499454e+01
5.633858649471221725e+01 1.365734405276134567e+01 4.525222727287609814e+01
7.032905910662384485e+01 2.555723049137850467e+01 6.629024071748790448e+01
5.152470780532530625e+01 9.633851569695252692e+00 5.908259315490704466e+01
6.860512340257628239e+00 -3.407675402496033712e+01 2.708489718031614757e+00
1.374819381633869853e+01 -1.843832712932726281e+01 1.146939441299764439e+01
3.088529146625296562e+01 2.363082384747531250e+01 3.594903628332713197e+01
3.632667189326866719e+01 8.117571219789624593e+00 2.685412719195937825e+01
4.064250774417951106e+01 6.228038772083891672e+00 3.665494031419075327e+01
2.161452885165999760e+00 -1.399546447640113911e+01 4.098524946097950306e+01
5.631494487162490259e+01 5.720796879975205229e+01 8.122340745179371879e+01
2.132723117272939817e+01 -5.292933332512575362e+00 5.101761005413607108e+00
2.749625625485623459e+01 1.104825579929365631e+01 2.048962178319902705e+01
7.177926434766504826e+00 -7.104477946616498230e+00 1.493637917222486067e+01
3.308889335801040943e+00 3.105615995857533562e-01 8.770798154001795410e+00
4.851975628549644171e+01 2.930506715578542298e+01 4.287718491589919267e+01
4.486456476469902555e+01 1.678377310085511454e+01 3.742240085487037504e+01
2.174003845416063996e+01 3.310706591934967946e+01 4.484743095095154786e+01
4.404623249833957743e+01 2.092399175440357340e+01 3.061739369809862410e+01
1.522083421909997014e+01 8.514748866368108793e+00 2.825084831687649967e+01
-5.813145503700070549e+00 -1.242164115487696563e+01 -1.183871238740721310e+01
5.229055802164270972e+01 4.416772914653870430e+01 6.351140776952456690e+01
4.511726252846426632e+01 4.207782700765704931e+01 2.659617578683383954e+01
5.440350419984270047e+01 5.644739599785089013e+01 4.058747110880221953e+01
3.542744359276532862e+01 3.853057626637435362e+01 3.757471521906240497e+01
4.479030351926886055e+01 2.473263493322207296e+01 3.093393408473824024e+01
9.282981748778524889e+00 -1.902044865502261928e+00 -9.132243608167868842e+00
5.376373106230789745e+01 4.896544637852957749e+01 3.866633820722131532e+01
4.526842283719884108e+01 4.107323813959004610e+01 3.953947819743052605e+01
1.661477305836478990e+01 7.535767542064718327e+00 1.674384092895013509e+01
2.875641836221910808e+01 2.413595830338707060e+01 3.096850472994157144e+01
-1.095136041965361073e+00 1.171026149674025874e+01 2.319414705935355414e+01
1.418584651760647830e+01 1.611137301434854407e+01 1.266175018176221556e+01
3.406087007848805115e+01 1.851227649331849534e+01 2.326430351600151880e+01
3.225470002389420188e+01 5.242114789787763129e+01 4.268241861569379125e+01
4.373079157202823808e+01 4.227126139608105859e+01 3.693767997868042130e+01
3.892774589916689365e+01 2.750025184811443779e+01 4.406564321326621325e+01
1.666583990906025292e+01 1.330665230543712596e+01 1.026826518523495224e+01
-2.632257447161836694e+01 -1.121989561088091136e+01 -1.846734016249623167e+01
4.616041763330451886e+01 3.028893396716074449e+01 3.309849530097909565e+01
3.550790515742414755e+01 3.262422168288730973e+01 1.186575438139129801e+01
2.589966630761159649e+01 4.212853613269226116e+01 1.983009649298787735e+01
2.615390627544593372e+01 1.355887401868130837e+01 1.489291164287283209e+01
1.586030736966358745e+01 2.776953016515471973e+01 1.618249682071018469e+01
7.417400454639300733e+01 5.870137978219452179e+01 5.430189428667245011e+01
2.945372058043085417e+01 2.111332260221570323e+01 -4.165432030160445720e+00
3.248961803920360580e+01 3.800930534213887313e+01 3.116065719223917085e+01
9.765730207832149290e+00 1.262277595374416705e+01 1.557623360786596578e+01
3.220268890013016971e+01 5.443866699800287279e+01 3.111942723216884588e+01
5.784757331917410283e+01 6.686749414680784298e+01 5.807808106426510619e+01
1.984402337617075318e+01 5.841819428265921488e+01 3.682456900351462536e+01
1.401079276449354438e+01 4.640378110969368208e+01 2.706517034545868228e+01
5.522588129368114096e+01 4.777527892991747649e+01 2.006387965022759090e+01
2.000984699388118315e+01 2.885515102464296433e+01 1.025538260248868028e+01
3.260029375927661022e+01 4.945714023639584411e+01 1.920750031627130738e+01
7.065995182216875037e+01 7.901463607982032045e+01 4.204741164641154683e+01
1.844176474066262017e+01 2.371047127055953752e+01 6.360856297319514852e-01
2.504993582755423631e+01 3.675497446694043902e+01 2.195605816769239027e+01
3.401504936083074426e+01 4.261813574730376786e+01 7.539678020075371023e-01
3.091937778509191048e+01 3.916697503120531110e+01 1.697481030880953767e+01
3.218025988235785917e+01 5.783449069040398172e+01 2.256051965797132652e+01
2.294921595121832070e+01 2.660584675528934895e+01 7.371931621947169333e+00
4.781841191141029412e+01 5.810690741324447117e+01 3.194952974855596040e+01
5.656548044869759906e+01 5.679704404762924241e+01 3.121780165587915690e+01
4.760991451222434989e+01 4.886854999098841290e+01 7.632689597867283737e+00
2.259659096724089977e+01 3.144179620528120722e+01 6.258578311021665286e+00
3.814943619285804743e+01 6.567104137090018412e+01 1.483384388918784680e+01
5.588158937027128559e+01 7.882567745294227279e+01 3.596121940361217639e+01
5.000910163673233910e+01 7.731996647975211090e+01 3.089107118554056797e+01
9.065450378317837021e+01 9.378581828869391757e+01 3.769616831390976586e+01
6.204354540702479426e+01 7.581849555765347759e+01 2.000627870830703614e+01
2.253158516729763505e+01 5.285250342840527082e+01 1.537633863094833941e+01
3.381185750958320568e+01 3.163977659041120205e+01 -2.961462741325249226e+01
3.331507646442014448e+01 4.829647470328427517e+01 -1.948297215626098478e+00
5.058136375416461306e+01 5.945917387562212753e+01 3.536514466433027337e+01
8.343140043975290610e+01 7.840973306843307000e+01 3.216401192590274150e+01
6.970621294103148102e+01 7.154679376354533815e+01 4.462139784732380576e+01
1.867633117678178678e+01 3.580122116399570587e+01 -1.439140709293678810e+01
6.223221608098810975e+01 9.654198967452884972e+01 4.338859605645211559e+01
2.956645467702674068e+01 4.734027053207591962e+01 1.151214431783091641e+01
9.087874220576395601e+00 3.502807139168453432e+01 2.234089785164997011e+00
4.208041532946026564e+01 5.927700951356382575e+01 1.267323847947227478e+01
6.632384247875415895e+01 7.574114610508468104e+01 1.497493255856898031e+01
1.796338762787399901e+01 3.278337271205964498e+01 -1.178333520741944085e+01
5.324427648401433544e+01 8.042335806298979151e+01 1.375028833385749749e+01
1.810648788048456481e+01 4.169001569457668666e+01 -2.568467901444182644e+01
3.795260675722147425e+01 4.112398654420576349e+01 -2.171508759628795815e+01
6.807048198336542555e+01 6.666140957569496095e+01 4.453062130441139743e+00
4.460199297085091530e+01 4.096375116047784104e+01 8.553083349057033047e+00
4.139342066383505880e+01 6.813416972067579991e+01 1.566032391374847066e+01
4.252535201176760893e+01 7.690266756494929723e+01 1.200828820425431331e+01
8.358787710913384217e+01 8.986111304451151227e+01 3.992787680815217755e+01
4.015908117829985713e+01 5.913706524116969376e+01 2.972738697617251091e+01
5.745420833809930627e+01 7.926708598570894537e+01 1.851024457101448206e+01
4.297194306829169363e+01 6.266596486402977462e+01 -2.226473183657890331e+01
3.556825192293126747e+01 6.612642818746462581e+01 1.101865545240343636e+01
4.352391827398332680e+01 5.637979144393921160e+01 5.369695112294721184e-01
2.850986475098579831e+01 6.227675106665810745e+01 -9.077534646790809347e+00
5.697322976052328158e+01 9.110560175351110956e+01 1.115267276354370551e+01
2.250887183434770122e+01 7.699951807167872175e+01 5.695160135684091074e+00
6.559189070978027303e+01 8.414016822284702357e+01 1.667444414526653418e+01
5.988143248977030453e+01 8.220464259044911159e+01 -1.849331822385829582e+01
1.498889774289636989e+01 6.723567391530923487e+01 -1.080137261523032066e+01
2.987095145432977006e+01 7.601294415409120120e+01 6.798527983048188617e+00
8.816188612795485824e+01 1.249373597101248379e+02 5.601036372990347445e+01
2.563105230069254503e+01 7.142853727422334487e+00 2.747660431452459306e+01
2.929414488385418736e+01 2.122740612624056666e+00 3.300008410121245106e+01
-4.855043265657513984e+00 -2.625219811204487996e+00 1.120662707862743446e+01
1.714328232609250335e+01 1.204642654630697507e+01 4.180333819040970411e+01
3.827690218196744354e+01 2.949536301456419096e+01 4.593980388824911643e+01
2.350631174807722346e+01 1.208301360105724598e+01 2.168848170838441547e+01
-7.336670294588202523e+00 -5.923531203870879835e-02 3.300473019303854016e+01
-1.605914859160111519e+01 -2.300770315353497608e+01 1.591618257858976904e+01
-1.817742472765849016e+01 -5.598643522747579482e+00 1.800966144485641962e+01
-1.781732257731528080e+01 -2.334582414255282856e+01 6.104856255168670032e+00
3.793295884787710293e+01 4.416172528415677334e+01 4.300428323566097788e+01
3.290224276440267204e+01 2.462257269892734257e+01 5.500070159829829208e+01
2.830726353837690112e+01 2.021127950947220597e+01 3.389122186879831133e+01
-7.405446937406395591e+00 1.919696561098135135e+00 2.791092038391252572e+01
-4.948643937782662761e+00 1.268286631403498177e+00 2.093285354015574740e+01
-5.867916108504687145e-01 1.392063223264267435e+01 5.777184294078324456e+01
3.460421950421505244e+01 3.467970759922400248e+01 5.658728505550038790e+01
-1.245030420220314227e+01 4.412045024723738607e-01 1.432072504280699832e+01
7.855450441051743837e+00 3.351952860765732112e+01 5.001430220808833838e+01
-3.086422411947660294e+01 -8.920376123342066421e+00 2.316337174099044205e+01
-1.384494774997619970e+01 2.267134615086069971e+01 3.816671048156013057e+01
9.135202821386883443e+00 8.951718550148598297e+00 5.612735944661199028e+01
6.774978478350931255e+00 3.886298481361393442e+01 5.136832559926006070e+01
-4.528969556715628642e+01 4.779677409956093470e-01 3.854876231004755027e+01
7.365372789499815553e-01 3.162993305099962527e+01 5.931157205252247877e+01
-2.063489577788845963e+01 2.904025360435753100e+00 1.397091000931686722e+01
-2.638890207364875096e+01 1.344809952254036034e+01 2.285591555178120871e+01
-3.233116911730917309e+01 1.818462438104052126e+01 3.190515259915378010e+01
-1.718666668788955576e+01 2.255006759917660020e+01 3.536962094163459369e+01
-3.725200095845275428e+01 -5.068640947476978909e+00 3.345844675235139221e+01
-5.659398249596051755e+00 3.042697086828923148e+01 3.702619358482456846e+01
-2.052527814249503990e+01 1.047303754342121351e+01 2.141231541283156048e+01
-2.875664624881392228e+01 1.085729994943358179e+01 3.916960480246279985e+01
9.214156520290202934e+00 5.754613566359245169e+01 6.039278595908012903e+01
-1.760501825584697144e+01 2.362001629777682865e+01 4.549433049947765539e+01
-2.748620897706268806e+01 3.651346409871030119e+01 5.288788186477495401e+01
-3.194013267653849653e+01 2.334288939555460729e+01 3.758965517816727697e+01
-1.553115158535547380e+01 1.713303678032707467e+01 4.989649232612464402e+01
-2.126512951002882801e+01 5.079546392116060360e+01 6.221505222877112828e+01
-2.253062672274654687e+01 3.964379035077968183e+01 5.247659692662000452e+01
-4.426696867371583721e+01 1.141762031442112857e+00 3.308998280026571592e+01
-1.223855954790519718e+01 2.255376552149391500e+01 3.967853918104788136e+01
-3.712985606003985595e+01 5.359352843858232518e+00 3.109706229557286861e+01
-2.363796108430869936e+01 2.698604353257928778e+01 5.275657569369695921e+01
-1.974665799334024996e+01 1.661343340477742458e+01 3.971332799161837102e+01
-2.854494144944737855e+00 4.447992286943349427e+01 6.445608805191000101e+01
-4.483807475622734273e+01 2.796342781066573480e+01 4.426098103601452749e+01
-3.723022716236937413e+01 4.109420765898710215e+01 5.463565127124275023e+01
8.727383646697035147e+00 7.766451589815972056e+01 9.490928383749906061e+01
-6.552164264004659344e+01 2.617157045623002887e+01 4.374222386538485807e+01
-1.998765312201794586e+01 2.934273569654737912e+01 5.450259989072856115e+01
-3.055025179067251884e+01 4.197312704342220968e+01 7.255699953874227504e+01
-6.483666441927380220e+01 1.998233374034816734e+01 3.928257241989103932e+01
-3.482246488440250687e+01 4.755020908103460897e+01 8.625054008024835639e+01
-5.411804921734301388e+01 4.011247337131635504e+01 6.267905071571885856e+01
-3.477465739757599295e+01 5.570397256650801410e+01 6.638066593430085049e+01
-6.334573714207431294e+01 3.349445592746781131e+01 4.432049319118550557e+01
-6.548220224907117881e+01 1.510968549904737301e+01 4.970134819679879001e+01
-3.322858731939049903e+01 6.029305960173610401e+01 7.888892364979255944e+01
-5.245757915213516753e+01 3.369340955753909839e+01 7.378220957341818576e+01
1.149097444579911098e+01 -5.230892355344622047e+00 1.413238592183847686e+01
3.569048540296989813e+01 2.261132753308902466e+01 4.343207220431168025e+01
6.903877066326913337e+00 6.370069230243416314e+00 2.700320877225931326e+01
3.331858618009846396e+01 1.846192125592961020e+01 2.972658543330544489e+01
3.466481216836700696e+01 1.256320322625788322e+01 4.890979811418856116e+01
2.799876229795972904e+01 2.663689434280513524e+00 3.876792066664074810e+01
1.264584131580249959e+01 5.230825705349616328e+00 3.354529867348173866e+01
3.996808470885116549e+01 1.094692421878426103e+01 3.504636391785243177e+01
1.002822491767983593e+01 -8.621906627392036171e+00 2.984901098088175786e+01
2.647747709249279069e+01 1.214307693766568264e+01 5.101336480265626960e+01
1.247657342213733500e+01 -1.827948852375811839e+01 3.323916526897482981e+01
-4.189255821804181323e+00 -2.270382668576121432e+01 2.116969859239816287e+01
9.298262404955039528e+00 -2.888742238291706599e+01 4.065127635754834046e+00
3.254213701219350696e+01 3.517173110016892679e+01 6.605251642293796976e+01
3.390291282732505351e+00 -2.475608178275660975e+01 2.089571742705538782e+01
1.164920723990462648e+01 -2.452941331021202132e+01 2.096217956654527370e+01
3.235570457956782775e+00 -1.236708484963401133e+01 4.818310010307868652e+01
5.202565024514115066e+00 -2.649667132630656852e+01 2.020646076842513139e+01
1.802175069837585397e+01 -2.134021423641524962e+01 2.291867990154469226e+01
2.727774640719235322e+01 -1.085974893390675788e+01 9.495907893320236326e+00
1.092038372874685592e+01 -2.627964477708701452e+00 3.876179013296496123e+01
3.934685527886358614e+00 -2.036636178179560375e+01 2.277419589218561669e+01
2.216001868160674348e+00 -2.199459747984565183e+01 3.101282952700057649e+01
2.548252638585563545e+01 4.866784506414660427e+00 3.926955288539193134e+01
1.629881135502273537e+01 -7.546745513145197037e+00 3.686949799837066166e+01
5.457110437354458554e+01 3.076173077483872476e+00 4.219003855660093905e+01
1.458632243310967169e+01 -1.648905625283987320e+01 3.594365894272777950e+01
7.249593048231872672e+00 -1.251988554281069810e+00 4.195489963137060840e+01
2.371734021990278052e+01 1.782565094505116576e+00 3.234008916580978621e+01
3.195122274519007988e+01 1.197171984008491563e+00 4.350162619445700329e+01
-2.303133052454631979e+01 -5.809035410564865742e+01 9.005058813396317419e+00
-4.607308304672187660e+00 -5.376067654151347597e+01 -1.990164704169546894e+01
-5.470461385951239208e+00 -1.004953118239563992e+01 3.410657281791282003e+01
6.017042796271198313e+00 -1.514581973840358842e+01 2.482561162573347247e+01
2.495893762503237667e+01 -4.615638686655529455e+00 3.655371113827504814e+01
7.507388084169178910e+00 -4.638322700023945799e+01 -4.442467543835846300e-01
4.986569430635881872e+00 -1.296027447999085780e+01 3.177720270227791843e+01
4.407828839143894584e+01 -5.053084787473380857e+00 3.423075217959240035e+01
-5.207033818459422037e+00 -3.951044046962397260e+01 -5.469417333022192906e+00
1.409791603826761275e+00 -2.276956988812071359e+01 1.448511036563832022e+01
6.616441379725074512e+00 -2.989540851443598513e+01 2.349751873575223726e+01
-1.895744491200002813e+01 -5.319496073198024533e+01 2.990234562604200619e+00
8.022824975106232159e+00 -1.147401246081562931e+01 2.909231590941180912e+01
3.203552634125662735e+01 6.453625083827319031e+00 4.797979839853542217e+01
2.713123517308440569e+01 -1.687408734128439391e+00 3.880984337007566864e+01
3.833259990576789278e+01 2.296480958011670737e-02 4.459007723760032604e+01
1.865767874554876471e+01 -2.720225365885335123e+01 1.355048461284923178e+01
1.526958386352634989e+01 -1.505748502256392385e+01 2.292015934945629851e+01
4.279194524767444818e+01 -1.884383877095115167e+01 3.308511348828506016e+01
3.179089161249430617e+01 5.029148785783945641e+00 6.684918355497029552e+01
-1.125395186410605675e+01 -2.547415122260645148e+01 2.960057382827108086e+01
3.746983958465534670e+01 4.210638654608828801e+00 3.856214577270338850e+01
3.032880376380308007e+01 -2.898674468378158053e+01 2.479340078751647525e+01
2.885488501782037929e+01 -2.386883196104736271e+01 1.614745453964496846e+01
2.960779641586032085e+01 -1.217517191226670548e+01 3.611060837605600682e+01
-1.192754386167871417e+01 -5.375961066587751702e+01 -1.723716883371707809e+00
1.772835179687444906e+01 -1.451475667494196387e+01 4.014405982159405539e+01
2.253281780657198397e+01 -1.664703301765530341e+01 4.934032909322650085e+01
-2.344227595205666148e+00 -4.809226665319874883e+01 3.256300157374425908e+01
5.854404204547790869e+00 -3.101771406266107078e+01 2.685271106164873345e+01
3.150244423176627606e+01 -2.693150087089361477e+01 4.169744670385080099e+01
3.320414238659122930e+01 -2.029617709531976288e+01 2.905331687330362911e+01
3.759685146088850161e+01 -1.315486595346192189e+01 3.990286606889549148e+01
1.433796028958113311e+01 -4.828939823102518858e+01 9.494686724862731353e+00
2.474864290062942018e+01 -3.299450390185029391e+01 2.727371682892498939e+01
1.515669125459317002e+01 -3.160677250372282288e+01 3.726707829079441581e+01
4.561993632825306122e+01 -8.195614579067296290e+00 4.504939103320793947e+01
3.515057535740470485e+01 1.421818772150800214e-01 7.950553808357472008e+01
3.058148844419338275e+01 -1.226578174857786507e+01 4.467279449123270751e+01
1.793973060660664487e+01 -3.419931908728813141e+01 3.380655759263026994e+01
4.263039038534680003e+01 -4.263280982254400442e+00 5.504796956949121522e+01
7.542587922212442209e+01 3.015933644385768275e+01 1.012454173027772413e+02
4.120410571730735683e+01 -2.656221162091696897e+01 2.234863005367515143e+01
-2.954830258015135769e+00 -3.210244152758150449e+01 3.950496794385799149e+01
2.329537282049113855e+01 -3.558242941605840315e+01 3.579928217851193040e+01
2.465425466525812226e+01 -5.221999807487100043e+01 2.730217976468793495e+01
-3.599225572601426393e+00 -2.028223427850662119e+01 6.337664460650012188e+01
1.859713773073781340e+01 -2.136809483102661034e+01 5.896315049607801484e+01
4.162223360738971678e+01 -3.484765627332308213e+01 3.412747907704942918e+01
3.436390699480489275e+01 -2.812725441530255921e+01 3.421460690946696559e+01
9.119865691161976429e+00 -3.288594097140139638e+01 4.064834599155074102e+01
-4.515875781427894253e+00 -6.444907358701129851e+01 1.452519540076264093e+01
2.197281160786405962e+01 -3.473663161180411407e+01 3.459399885338552849e+01
2.630371970341911947e+01 -2.260037192319214228e+01 4.714717296122398693e+01
8.710720530481921742e+00 -4.729851870531183522e+01 2.552871326769309235e+01
2.650731003285909537e+01 -3.223222552652350714e+01 3.432807431978562818e+01
4.315396661796148692e+01 -3.066199154039077257e+01 4.035432452127497527e+01
3.935581776493199868e+01 -2.377870963237273827e+01 4.245463021950217808e+01
8.005067970461823279e+00 -4.509274499661751179e+01 4.139321395450679120e+01
1.360928570465966914e+01 -5.262577407478238456e+01 8.444131708596614772e+00
2.048492843973235722e+01 -3.688779395725305221e+01 1.753847895852686634e+00
-1.009297003458686959e+01 -4.730931800277267030e+01 3.073530037016917049e+01
1.672159497867050959e+01 -5.416075147585434024e+01 1.886190962138243776e+00
4.933090513843399094e+01 -2.517679619808495772e+01 4.013659537250168796e+01
5.406029505395872548e+01 -1.790089063582763629e+01 5.080408717841964972e+01
6.157232473582553212e+00 -5.039092504620202817e+01 5.006781894279993139e+01
-3.634803104669117602e+00 -3.730926357224234380e+01 3.716076030773638195e+01
3.516476333408081700e+01 -2.615171872820610588e+01 4.848900129819685390e+01
2.796574139203312370e+01 -2.145975197453026340e+01 4.814744707637782994e+01
1.909545783738030877e+01 -1.693365122530576627e+01 3.916535411653057963e+01
2.744937962281346699e+01 -1.660892000707099214e+01 4.392236302087894728e+01
1.703579291524056316e+01 -2.917031510568995145e+01 4.032584645149108837e+01
3.347293229909973888e+01 -3.089011621085865045e+01 2.825911961574638553e+01
2.022561258409950824e+01 -4.456742633636167739e+01 3.531504105919520953e+01
3.681689185992217972e+01 -2.400757429866098391e+01 6.037413873171135492e+01
-1.120594085653283400e+01 -7.969373226424977474e+01 2.149155950544081861e+01
2.610892541242810694e+01 -3.333109183053602464e+01 3.090680143486406450e+01
-7.338124104177040863e+00 -3.843030464532148471e+01 3.917536025788103871e+01
3.620724336554303591e+00 -3.408312997722441651e+01 4.463478290606599330e+01
4.377865680254944891e+01 -3.419193353492482856e+01 5.356179534578677703e+01
3.566720914417055610e+01 -4.516753790998336626e+01 4.441343688606048090e+01
5.659440592948158155e+00 -4.977351433387593715e+01 4.439653499746054877e+01
4.024725802576540445e+01 -2.198393922766445030e+01 4.834442814180601999e+01
6.197233552535635681e+01 1.976985005944698059e+00 6.339446507211414428e+01
1.277910226069434430e+01 -6.456009620868735510e+01 1.325866456040421326e+01
2.227796401696832618e+01 -2.907349506987975474e+01 4.701831488774223544e+01
1.544467370645361370e+01 -2.485295389749808237e+01 5.200102070271168486e+01
1.704134836836055911e+01 -4.836641731179406634e+01 4.210691256832069485e+01
1.137344135992498195e+01 -5.692140403123448777e+01 4.408459935655173467e+01
5.071407543216082559e+01 -3.257883317164487380e+01 5.578243301721522585e+01
1.644265138067203225e+01 -5.036273239097590704e+01 4.291464233672741102e+01
1.106315692936914274e+01 -3.289949711571534863e+01 7.607636942755743803e+01
9.359797153572799289e+00 -2.337553744578781334e+01 6.049364277437416604e+01
2.610708789468844770e+01 -5.516698065696800768e+01 3.031543217098987952e+01
1.319089405678460025e+01 -3.896678359399902547e+01 3.896264719733426318e+01
6.617408360907575116e+00 -4.246392194875443238e+01 4.343114616098682745e+01
6.434593644396954915e+00 -5.367321345074833516e+01 3.003000206094202440e+01
2.238982751332150656e+01 -4.603637027117656544e+01 4.606459746846485359e+01
5.776743412368887221e+01 -3.237677737780086318e+01 4.352840085683419602e+01
-4.041790250194026157e-01 -5.973925987997790799e+01 4.862180085662839701e+01
7.196051525359507650e+00 -6.225523965597312781e+01 2.437796701390652743e+01
3.332827409520905348e+01 -5.065351416049088584e+01 5.634032719715105486e+01
3.673373158382491965e+01 -3.700641212214031839e+01 3.922348165164476086e+01
2.865379475112604268e+01 -3.750807080214053713e+01 3.988860861677403591e+01
6.418177809826192970e+01 -2.814817480718738807e+01 6.807498393526475411e+01
