3.703140475976806556e+01 -1.530348441456635555e+01 1.255301057352471616e+01
7.078682769560009547e+01 2.870948605991134173e+01 3.007374492544568056e+01
6.447821841326685899e+01 1.557873564485362294e+01 3.475554550374681639e+01
7.972204641953339888e+01 2.316806077595902025e+01 2.879977900096037047e+01
2.410952505219256636e+01 -9.498160332096176717e+00 -3.005910444825076411e+00
2.256561869853885582e+01 -2.075990315544868281e+01 -7.192734235605257709e+00
4.838139294885058916e+01 1.803902302146707370e+01 2.634539630242443309e+01
4.473518703218178416e+01 7.046076509606109539e+00 2.642405147510135066e+01
5.165928678994487200e+01 1.173215008930355907e+01 2.674622152062374880e+01
9.779666809953596385e+00 -8.917213060113681422e+00 -1.610628822530861726e+01
7.479678422350889377e+01 6.043285341169939784e+01 4.109366120630420482e+01
3.472875674523595535e+01 9.276404411252769933e+00 3.135863377560951903e+01
1.846318324955336720e+01 1.470461091175002366e+01 1.732696791856119489e+01
1.248306381295606116e+01 -1.286269012678849322e+01 -7.588447815903691662e+00
2.827663310089883453e+01 2.719503207073557860e+00 1.571447687302611484e+01
3.263517616631156670e+01 1.877571344019838762e+01 3.349861728360838242e+01
3.650938388279359970e+01 -6.538588073143273505e+00 3.711236427653602732e+01
3.063144597575046646e+01 3.092769277280081042e+01 2.291510686969536437e+01
3.170218990007288085e+01 1.408147477201862330e+01 4.215645034101623878e+01
2.451913728889076083e+01 1.234044814413891800e+01 -7.433904254585286253e-01
6.688546392319722145e+00 -1.044154422034091567e+01 1.052805053198392216e+01
5.811770008564326417e+01 3.193194445609651666e+01 5.060188715813433191e+01
4.754495510160103322e+01 2.322631157582526384e+01 5.484400124304414703e+01
4.052127893210285947e+01 2.485133858505582793e+01 6.001602265426458871e+01
4.257217631081636000e+01 2.795419418629361985e+01 4.360648832486879201e+01
3.840087106401716710e+01 3.394251258513989455e+01 4.867285264948498025e+01
1.671346722941791541e+01 5.746036146939218270e+00 6.175268404869939332e+00
3.566636505389215017e+01 3.500430496856893114e+01 6.674501703104601802e+01
4.981064924147881356e+01 3.995199106726363425e+01 6.499321235306547351e+01
3.065797086229190427e+01 4.333490317122596025e+00 2.547324039480758984e+01
3.261795337582208276e+01 2.882221809654376443e+01 4.294454868718236185e+01
2.801940389537708143e+01 2.696111153694664608e+01 1.645281673189401772e+00
3.419150054811478867e+01 2.495600032917229782e+01 2.590976398018233340e+01
2.059223745164240427e+01 7.923546852160939125e+00 2.104173227644866984e+01
5.343277847425406435e+01 5.564345502845776537e+01 6.264602374339881408e+01
4.242835804232356622e+01 4.909388210420900123e+01 7.238930106529517161e+01
3.517912739661197463e+01 1.770281165008937307e+01 4.302388386623307781e+01
2.022962280862145690e+01 2.149574828585667774e+01 3.697273357928526138e+01
-8.923289032244070995e+00 5.902704389640334171e+00 -1.537262471667892783e+01
3.620748757550626351e+01 2.771425962529173148e+01 3.489807662336426120e+01
2.173677188502870194e+01 3.447068853967903124e+01 3.174229720364996865e+01
1.161138332129803530e+01 1.789756358745717080e+01 3.031532806992845508e+01
1.512508589143908466e+01 5.354080886121664662e+00 2.356781939887991939e+01
9.086472579439259789e+00 3.204126378980413392e+01 2.077166998514826446e+01
6.882690679876668582e+01 4.804063924613274139e+01 6.854205320018991188e+01
-1.108563900641729560e+01 2.511721498298811639e+00 3.599682739867967030e+01
3.650778930866482597e+01 2.103214825507143360e+01 3.465289138570227578e+01
1.900302459360256080e+01 4.097926001333388513e+01 2.544238520526793934e+01
4.612672611946391044e+01 5.429229704020121972e+01 5.953890096403029020e+01
6.308042180667919752e+01 5.922799737910328588e+01 5.811443356124922843e+01
4.560551892971784582e+01 5.494435241738597142e+01 4.978999464342268766e+01
3.163140475399723073e+01 5.492939746505044241e+01 4.672965137952087389e+01
2.827986700063183889e+01 2.827608498903555301e+01 4.996174140137100039e+01
1.007857881146310319e+01 2.465178114562786504e+01 3.018545413339143124e+01
2.741791747104889510e+01 4.498678589899873259e+01 4.808322386959935102e+01
4.317293777001668786e+01 4.950675226112298333e+01 8.349006728158292390e+01
1.581594694245950450e+01 1.624701061822088377e+01 4.192916537908831742e+01
1.896861106071901304e+01 3.619703654347631527e+01 3.338614505078157890e+01
1.011622732924024604e+01 3.117066670978510956e+01 5.371098001983591530e+01
1.265814499025509576e+01 3.528013839867571733e+01 5.305896773737640615e+01
1.881595250216014392e+01 3.654090736070884304e+01 4.760359685629009618e+01
4.321773734843645798e+00 1.058417569271296088e+01 2.397213527761596197e+01
3.357609589713888454e+01 3.814738300305407392e+01 4.804727587590195981e+01
5.509623857076849163e+01 5.521983825985307703e+01 8.538040951309403681e+01
2.522625642191633233e+01 4.080599656128879360e+01 7.905343308258397883e+01
9.296503336159275932e+00 2.163873955253893655e+01 2.633445705349004129e+01
3.035328444425476846e+01 3.147909649858365810e+01 6.685373023024340000e+01
3.117020739332838275e+01 4.206071257361463722e+01 6.855110701230660197e+01
4.676185311739118333e+01 6.433058462472490646e+01 7.712372780399437033e+01
6.217944658884061937e+01 7.657307135260998621e+01 1.049573941896178439e+02
3.138659679483134823e+01 5.555287831936857401e+01 8.202752320267154573e+01
1.523566086802611608e+01 3.753491278527599206e+01 4.730713130084450313e+01
-6.455587919598656299e+00 1.633485233975352457e+01 6.049716048394475365e+01
9.079639027625034942e+00 2.494062392368232395e+01 5.606572563077634186e+01
3.351170354902660620e+01 3.854115292206415688e+01 5.539550226739493155e+01
6.723951404941726651e+01 8.135605897866116720e+01 1.239159042224091536e+02
5.971749973509940901e+01 8.102571704577803757e+01 9.967748777715223696e+01
1.161612072312436794e+01 2.784044183629657709e+01 4.299190926405026403e+01
3.998744717262616177e+01 6.054490779962543456e+01 7.079498452712778089e+01
1.338943163918202117e+01 3.767298707342615671e+01 5.880108742428456026e+01
-1.551949319140021544e+00 2.399338161056675744e+01 2.668259402217745446e+01
1.649711911698705080e+01 4.307558153206355200e+01 5.343521243680879707e+01
3.505648015315182420e+01 3.937111775201083219e+01 7.993485372207942419e+01
-7.527410785611209576e+00 2.953647405614719901e+01 3.834459765970132139e+01
3.409143173581014707e+01 5.840126341650284303e+01 8.105037912499301456e+01
-1.438573746888869209e+01 2.165552180487975420e+01 3.872013409366718406e+01
1.334304377967418986e+01 7.902916549034671334e+00 6.803618317341897637e+01
3.574921677001202625e+01 3.135777602588314039e+01 8.440425995153782424e+01
1.617301794730065012e+01 2.282704010465340616e+01 4.994838496712418419e+01
-7.254121240939639392e+00 4.044451436751796791e+01 5.312464752261348622e+01
1.953825677828172047e+01 5.266661363203184010e+01 8.319458973112432432e+01
4.743057001069610124e+01 7.184938549484832038e+01 1.042206330964481822e+02
1.305229122930177255e+01 2.614148064378514391e+01 3.518031328470806329e+01
2.581635652831027983e+01 5.492024172485798772e+01 8.738925627910339244e+01
4.402340069069396122e+00 1.830398638932911126e+01 7.014064698397760367e+01
2.457084762303566094e+00 3.641183207616995787e+01 5.856090369748926605e+01
3.494348028348213120e+01 4.988535224621864472e+01 9.499104684777466900e+01
8.195883500595300575e+00 4.906689541514151642e+01 7.869717867722010851e+01
1.311207756099429389e+01 4.720055869329462439e+01 8.541883393516491196e+01
9.766798508441752347e+00 5.464775348967577884e+01 7.039471088208756555e+01
3.059843033059951267e+01 6.334314457317577762e+01 1.081363066214653372e+02
-3.232894193394895410e+01 1.573765931961497699e+01 7.170901166035946517e+01
-2.548022698257773300e+01 3.385746197564913018e+01 5.234583906502939499e+01
2.236317854631397495e+01 7.054295753825954307e+01 7.008811624712598132e+01
2.898287150330543227e+01 8.096039516536529845e+01 1.291003032978824194e+02
4.737264655334388408e+01 2.725727494923580707e+01 2.068620169329324199e+01
4.673088201022892463e+01 2.151698491784281941e+01 3.070202750940961778e+01
2.642751104115768612e+01 1.384454464698001175e+01 4.738972035886490630e+00
5.891170965258288561e+01 3.167163068198715337e+01 2.614633677390293087e+01
4.260902564054117647e+01 2.224012308438068430e+01 1.332557819353860395e+01
3.145463895717659852e+01 2.742798975656933180e+01 2.127482086817997242e+01
3.055628122624420939e+01 2.141033112145078121e+01 -1.601936612619329026e+01
-1.160995388203537004e+01 -7.435946429319074014e+00 -2.021301370841456446e+01
-6.449446886361556608e+00 1.277383644587575873e+01 -2.916613904895120868e+01
1.961534613378580616e+01 -3.948541091845982010e+00 -2.184260270920549374e+01
3.165953588049103473e+01 4.608999939391253520e+01 3.435983532841203214e+01
7.026075286519699148e+01 5.601505162774128621e+01 3.905341727420272946e+01
3.707059366943531131e+01 2.834934163606089896e+01 1.729464719808515838e+01
2.977696037898840586e+01 2.638989291762800349e+01 -4.408055440986117901e+00
1.870036468728926593e+01 2.586473811930454758e+01 -5.466249755737635496e+00
4.134044159490485981e+01 4.961308200549183312e+01 -1.791297701510711704e+01
6.807107969116032109e+01 5.366273222909012475e+01 4.173708487732824324e+01
1.572697053110482557e+01 1.980456508269662663e+01 -1.771583314376903218e+01
4.629686987108243557e+01 3.547768263934085553e+01 1.032193368456364624e+01
1.959118179312281427e+01 3.048712083080954471e+01 -3.295806124268756321e+01
3.088674282379361102e+01 3.979999360971851274e+01 -4.019746909909372334e+00
3.130528867072735011e+01 2.512787825380974027e+01 -2.056116691500028537e+01
2.568704290717971617e+01 4.321952041492079388e+01 6.882466693244623457e+00
-1.517812738401516981e+00 2.802789197681249789e+01 -3.126393658285860511e+01
2.606019393411588680e+01 4.234168713301869502e+01 -9.048371570846938994e+00
1.608238299560753148e+00 1.973481804689777164e+01 -2.285103231707148552e+01
2.156672875450090032e+01 3.807726420268795664e+01 -1.593403034819630193e+01
-4.622520059183443664e+00 4.956645480892234445e+01 -2.042068306369651509e+01
3.355544537596870214e+01 5.480878986382572293e+01 9.911732204054715112e-01
8.048179350538248400e+00 3.274058361340621559e+01 -3.208113755039676107e+01
3.097490951596091691e+01 5.482726612709359415e+01 -6.879676449036878694e+00
3.987738341048668644e+00 2.333343755813353937e+01 6.994758606967650394e+00
3.138534696901433563e+01 6.391917945115551447e+01 -1.112065666094576954e+01
3.512205151936075254e+01 5.549123402066015842e+01 1.373182224161553222e+01
2.620817681229937079e+01 5.636042099424435037e+01 -2.437062463671509249e+00
3.565418866797335795e+01 7.273335567169988281e+01 -4.681756139480512502e+00
1.689611676985475697e+01 5.852824795853655360e+01 -1.428309737972040239e+01
3.298375287294356895e+01 5.046032485322984940e+01 -1.111762418933449226e+01
2.361421174182419236e+01 7.244606567783841911e+01 -1.203668136433748259e+01
-5.660841019744111691e-02 3.817082916610092980e+01 -3.655299813141027698e+01
-1.817443685344824189e+01 2.949698728222074351e+01 -5.202022902231055923e+01
1.706043062635512797e+01 3.865909865832736614e+01 -2.740512013853503959e+00
1.020595584327475080e+01 5.281057654001506307e+01 -2.135611734136000450e+01
1.274372890731774532e+01 5.769003964343733060e+01 -3.394461395272855952e+01
7.555358014717057813e+00 5.375258398813070926e+01 -2.658257154542343415e+01
3.567134764495267518e+01 6.173016730856852519e+01 1.637996161993214628e+00
-1.870101011457245477e+01 4.354975797925590086e+01 -5.129854420332412701e+01
9.319358677955051462e+00 6.916755957264115295e+01 -9.441637805918844606e+00
6.033235578699191137e+01 9.107809899993276304e+01 2.420402851790186105e+00
8.588664323959619651e+00 7.269437556192360717e+01 -4.673699622639787776e+01
1.758620009089781888e+01 6.426554686861845767e+01 -3.080140461693576981e+01
4.875278591763071745e+01 8.554903224348481672e+01 -1.169550828242245188e+01
5.409563252753287088e+00 5.365504690066791227e+01 -4.203898704777157036e+01
4.289775289343106124e+01 9.366845971934435511e+01 -1.423711246454513457e+01
1.736046732639351831e+00 5.996921089951410977e+01 -5.532542975954220310e+01
2.323442768686584259e+01 9.117730330417452933e+01 -1.359665846437212622e+01
-1.169911611916495531e+01 6.491006864049541036e+01 -4.948390427217577781e+01
1.715068739272737730e+01 5.761124469161222805e+01 -5.240620622211463342e+01
3.745690051737278736e+01 1.062872636464483094e+02 -1.230192740256688921e+01
2.436512483726073697e+01 1.024782323669764992e+02 -2.034829850109781546e+01
1.647469770894326757e+01 4.197032556027124883e+00 -3.805273392688604872e+00
5.391474380314821246e+01 2.977619752899977357e+01 2.673026427880722622e+01
3.224082550404273206e+01 1.387853357325457182e+01 -5.664432747873888729e+00
1.134255514446044799e+01 7.057416385108354007e+00 8.753550384271647999e+00
6.218821738215956429e+01 3.216087748454765460e+01 1.127914999676295338e+01
6.880226868993486278e+01 4.408813388453563675e+01 1.768902036349254558e+01
3.852642974141303966e+01 2.524888575259728896e+01 1.472100332888430785e+01
5.761542402180293720e+01 3.455741273483135956e+01 3.274963589883418535e+01
3.525063475642764388e+01 1.458889336420088512e+01 -1.918549157092456880e+00
5.816114523312307938e+01 2.194960668237627033e+01 2.451028946158112376e+01
2.897160813115260680e+01 1.623695587768452242e+00 -2.177891473868476169e+01
6.665825534721989243e+00 -1.622947179502307335e+01 -3.031060663435800961e+01
2.440542748557936648e+01 -1.541657051128595413e+01 -1.537838096365021556e+01
5.725203806378613081e+01 4.852942806434612066e+01 1.553477968907554896e+01
2.444455088665927178e+01 -9.455901722131784481e+00 -1.630632723899634584e+01
2.878438322391866677e+01 5.509297211591729138e+00 1.134394656978292915e+01
3.666277884798455489e+01 2.067279425485776301e+01 -2.461249749563467049e+01
2.951236984909155581e+01 -1.578636200007258594e+01 -2.735277927117203944e+01
5.310251543241793115e+01 1.011831605742372631e-01 2.311547598503830159e+01
3.334090207008375728e+01 -6.441535968056541606e+00 9.654606031891944440e+00
3.059852187181877525e+01 2.037615458094342102e+01 -4.929131080292336264e+00
3.568424616775155300e+01 4.035789763924640283e+00 -6.928027053636014898e+00
3.774445021736937633e+01 1.608954439877379627e+00 -1.184753772496605961e+01
4.151792615186241164e+01 1.650420997547871593e+01 1.295239927201237151e+00
4.379928809774355614e+01 1.980617799909941823e+01 7.555913505699209054e+00
8.258150609480799176e+01 1.953729468013898440e+01 4.739750160675384905e+01
3.978038546252446395e+01 1.041810687943234370e+01 -1.678111836541575030e+00
3.785624736114095867e+01 2.004149048798217336e+01 -3.058735786889883457e-01
3.329069539912325126e+01 2.882747132485292241e+00 -2.675919811355925049e+00
5.284302146544860079e+01 1.319244855549595741e+01 1.569242198264191757e+01
-6.440394190209190128e+00 -3.792954877787724399e+01 -7.319741330624037801e+01
5.611259092416730709e+00 -2.579682720102255189e+01 -2.912190571565179198e+01
3.481785709474661417e+01 1.622064193700725809e+01 -9.748530653781017463e+00
3.851369586164037173e+01 2.073216517956552707e+00 3.766972598195934552e+00
5.809647591776229092e+01 1.284546798873952866e+01 2.049219569054957901e+01
2.574318453744626822e+01 -2.122691047282887666e+01 -1.751489690736707416e+01
2.865699598057562980e+01 1.536540791358720526e+01 -1.843726595172483940e+00
5.706790144372735085e+01 -1.312660393997794017e+01 2.168441545103360113e+01
9.459805236283500562e-01 -4.507777386668249164e+01 -4.181390258282090144e+01
3.540072860091322582e+01 -2.621498624519063014e+00 -1.691237673488058135e+01
2.053600778228064883e+01 -2.833209699210874533e+01 -2.461233502838058484e+01
1.534452371827137540e+01 -3.337001099303142837e+01 -3.685742365848454938e+01
4.460937836652828992e+01 -8.762584372407218325e-01 7.522404860126698622e+00
5.798891595326949755e+01 2.580871096893451977e+01 3.738885730936544860e+01
4.173473707242192177e+01 -7.975093548047880176e+00 -1.531095844397896144e+00
5.257736619738352601e+01 2.993727754290830489e+00 1.781698822113958158e+01
3.266351547922658938e+01 -2.107574360086709930e+01 -4.712514154181917547e+00
3.361286517737244139e+01 -5.376262395030607877e+00 9.842827102046157961e+00
5.617170540629740572e+01 2.366198449803960102e+00 9.022117042327408853e+00
4.197456286629221722e+01 2.345537070159025461e+01 -5.461581650451080350e+00
2.244706439069614134e+01 8.965501931104881805e+00 -2.710166426973228226e+01
7.500885436720318467e+01 2.224311751390359859e+01 2.959864414320190917e+01
2.815565604508537945e+01 -1.949578358880216911e+01 -1.584041218400216167e+01
3.272134254916272766e+01 -2.131549327945867844e+01 3.767141758359684900e+00
5.545279151190970879e+01 7.253724077979313734e+00 2.104970498057809891e+01
3.504201862361696840e+00 -3.978499755452594400e+01 -3.520568167690817063e+01
6.869624480458605831e+01 1.804045734362171061e+01 -2.108320872469448659e+00
5.812817829033974704e+01 1.390635193146408710e+00 -4.031948472156727803e+00
5.333858051853621873e+01 -1.982808632530122850e+01 -2.886853549651004869e+01
4.891230731722316705e+01 -1.050052663617316284e+01 -1.428145077098997717e+01
3.202278644576654187e+01 -3.408172505295078736e+01 -2.333104136783731519e+01
4.949094997539123142e+01 -1.300661713332920044e+01 5.207563685973582324e+00
6.401134834533240792e+01 -5.574206094415785628e-01 1.220760189581869781e+01
3.611799974237328570e+01 -3.224534626994773134e+01 -9.255413235400737904e+00
6.138691756029129465e+01 -1.649896228126453934e+01 -8.107099314325751038e+00
4.503750759399736125e+01 -4.479869506649265531e+00 -2.985400565490181179e+01
3.727739012183155864e+01 -1.505617819971485005e+01 6.345175442947947886e-01
7.582063282647413871e+01 2.698111959432935691e+01 1.591419588261123863e+01
6.776162021162053861e+01 -2.146418155873107025e+00 -1.421397054081353417e+00
6.440366083568460454e+01 -1.008849031268255203e+00 5.705463557504117489e+00
6.147463170485661976e+01 6.814351187899774231e+00 1.459851389328105142e+01
1.042733264485304971e+02 5.351102599473324517e+01 4.573426551102420490e+01
5.326286499811703834e+01 -1.726251658273667999e+01 1.184143291083273652e+01
5.384111433200814645e+01 7.033819440226579900e+00 -2.493670389286580757e+01
5.379692353075461142e+01 -1.270039432679459424e+01 -2.028433798375226615e+01
4.626724279840254894e+01 -3.434092870336371561e+01 -1.538993900597961328e+01
4.355460696953832667e+01 2.439972126292559551e+00 -3.827132690956022998e+01
6.315840247142114094e+01 8.820938017160187883e+00 -1.360037606490095641e+01
2.791846360428280605e+01 -4.478773884303973318e+01 -2.683664163214598375e+01
7.134139888618665282e+01 -1.368699808245764871e+00 -5.712137950566102518e+00
4.571423475897154276e+01 -8.107284396994145936e+00 -1.971520264272658096e+01
2.314932006541948795e+01 -4.164297378249375470e+01 -3.480351278534180892e+01
5.737534220998895762e+01 -4.082469609231338836e+00 -5.614303911500428512e+00
6.847906533350942482e+01 -7.239524953969521448e+00 -2.598477526964416029e+00
5.002650060747509997e+01 -2.295949005435886647e+01 -3.134430643246378168e+01
5.573303888411737717e+01 2.112782715639696107e-01 -4.403222433614246256e+00
4.707782595123535430e+01 -2.086591950445654220e+01 -9.279396878187071707e+00
7.401218165052068798e+01 6.167808070516002772e+00 1.532093977154909226e+01
3.023176223002701590e+01 -1.882270758363301866e+01 -2.497654449392302922e+01
3.781938432033894060e+01 -2.948752526892803871e+01 -8.698775187049250235e-01
3.253622982662363938e+01 -3.669667227686386468e+01 4.141199874159610772e+00
3.531468429418964661e+01 -1.568700684033319703e+01 -2.286755004342830944e+01
3.948091452159496839e+01 -4.526011962418033363e+01 -1.707486058281665464e+01
6.650302029038903129e+01 -1.757457395533401723e+01 -4.332068667580642796e+00
6.472251711537228402e+01 3.255764649678894784e+00 4.127348406716919271e+00
5.706110468465885788e+01 -1.168714665277002496e+01 -3.830064389986182505e+01
5.028022840099765745e+01 -1.232279751070018392e+01 -2.566659011487172393e+01
4.167635619922020851e+01 -1.170036557685671141e+01 -1.848748934685318090e+01
5.803770396461914061e+01 -9.295536495758824458e+00 -4.938581844676264154e+00
3.401602262374581187e+01 -1.671133869042205333e+01 -1.820361556528860092e+01
8.424746487923766836e+01 8.818296824307253701e+00 1.369099750488112477e+01
2.445454649986368167e+01 -3.265181779717750032e+01 -3.261238232709274598e+01
6.417441476634576247e+01 -3.736490000995217997e+00 -8.706935071621046518e+00
6.109550632611353649e+01 -2.794958829945426260e+01 -1.583469993881953997e+01
8.430961699052386393e+01 -1.771944415657344507e+00 -5.830605592978827190e+00
3.284803633307819837e+01 -3.437159090982459020e+01 -4.719119943129044259e+01
4.651186924894318508e+01 -2.642745372080298694e+01 -1.965667676663360908e+01
6.452168330668064300e+01 1.118391995439287712e+01 -3.098651794644501933e+01
4.384397561123569176e+01 -1.573129365910335764e+01 -2.181125609174614510e+01
7.325671016497472010e+01 -1.316409571180702187e+01 1.949957621071007452e+00
7.421455133169183682e+01 -3.042475590439607913e+01 -1.347388539812163799e+01
4.106398731590161333e+01 -3.536075200913364824e+01 -5.278805362699313264e+01
7.337137725126376608e+01 -8.040565713789874280e+00 -8.959132548898196546e-01
8.864577234097214387e+01 1.368485764409342664e+01 3.746485233163002704e+01
4.091258549573649361e+01 -5.139508565674987040e+01 -2.356160691985769517e+01
7.873745395427613403e+01 3.826825003924568591e+00 -1.134704872762449668e+01
6.544839518800836231e+01 2.389019526654919900e+00 -2.605144171399570041e+01
5.034503269204651588e+01 -2.890639124189419817e+01 -2.805136149710597238e+01
6.049918455272199935e+01 -2.957664403489252436e+01 -3.108535035474051256e+01
8.067642050701215339e+01 -3.018989588071690378e+01 5.723324899279759848e+00
4.910737132644317171e+01 -2.788680010363350448e+01 -2.147831494010006281e+01
6.636861827961183735e+01 -3.776556694920145674e-01 -2.583957602821101318e+01
4.770802906201606675e+01 -8.918836037973960629e+00 -2.192296702518069651e+01
5.104276776218648592e+01 -3.000398276169289602e+01 -5.419884025232022395e+00
6.084332142486164230e+01 -1.889666630291685578e+01 -6.254050494175316999e+00
3.823609436032347730e+01 -2.204573776128745521e+01 -4.973158124032670457e+01
5.262456539146478462e+01 -1.622068379761458345e+01 -2.832360563259862829e+01
4.901073085437201371e+01 -2.250849070232197846e+01 -3.171869635162329359e+01
7.464138363801976084e+01 -3.438542548332952720e+01 5.121811695365067862e+00
5.540590067781522521e+01 -1.712838992535034777e+01 -5.259510052033328975e+01
2.135985991301458853e+01 -5.139667541120343230e+01 -4.388172721073533467e+01
4.706863747605166282e+01 -4.256139861172778183e+01 -3.553813585717762180e+01
5.948236727111907385e+01 -2.753965544762377249e+01 -1.568912767475012515e+00
4.025989760750962887e+01 -3.386982150769472355e+01 -2.175826225857417739e+01
8.262829629719635705e+01 -2.467407600793194433e+01 4.262920437226057402e+00
