2.493040645039855008e+01 -2.461179993598216242e+01 6.190191476962809247e+00
5.370476586352788217e+01 1.297453772693415885e+01 3.777875148892326251e+01
5.879706307328251569e+01 1.578254117702499570e+01 4.059213121044558648e+01
4.684573600769454060e+01 6.915923195690993452e+00 4.864497283831133245e+01
1.814705967014106136e+01 -2.945764277647458584e+01 -1.210319334645646450e+00
8.621148261738198926e+00 -2.400522245006550293e+01 2.108061519182683696e+00
2.487710881295697618e+01 7.862384920318618242e+00 3.253558488474800470e+01
3.251129625500971088e+01 1.185568893444497007e+01 3.323196805598831816e+01
4.540846925576033755e+01 1.902979407680231816e+01 4.307687903380519856e+01
1.529095527324625436e+01 -1.869713103051662983e+01 2.844829893640053342e+01
6.258176028714797212e+01 5.415936050804930346e+01 7.122063961710819058e+01
4.302400026568943758e+01 9.532014650030419034e+00 1.647739286786537605e+01
2.862905158981288878e+01 1.527933170982760203e+01 3.068782947217073342e+01
1.066856832039866276e+01 -1.284092822084312502e+01 2.122699957850318242e+01
2.023815702368574421e+01 -8.189779294966001544e+00 1.294481002553561666e+01
4.530947858850902321e+01 3.135891174865628273e+01 3.566704851282361233e+01
3.573468419420350983e+01 1.341232403317007993e+01 2.614598569811300877e+01
1.786497357328016733e+01 2.245276862114906180e+01 3.763333791721970556e+01
4.743210993743537074e+01 2.491535692454465334e+01 2.669689673046883627e+01
1.891529699494935812e+01 6.350138828008539349e+00 2.904523572068501380e+01
-1.886729275897437219e+00 -1.816010348663428431e+01 -5.809349779847821083e+00
4.923298759727913421e+01 5.017849888474393083e+01 5.127301473376655849e+01
3.529522405881095892e+01 2.723540524413203912e+01 2.436134517881077954e+01
5.145656583169920850e+01 4.276515089265672032e+01 2.482190255244654509e+01
4.783575458672352454e+01 4.384938558817160015e+01 4.059655505801460151e+01
3.666297057900317213e+01 1.654112423366979101e+01 1.952989411840079015e+01
3.155418399382244843e+01 9.880045537734190475e+00 9.637373576594086444e+00
4.233602784510912898e+01 2.765869355751442527e+01 1.024577674489160017e+01
5.036385837315208391e+01 4.132637297659925935e+01 3.553074418304345272e+01
2.505907147269567758e+01 2.862010409191952931e-01 1.833404204338285126e+01
2.770798214028047823e+01 1.671568803195759756e+01 2.095134675133073188e+01
-1.509688839740988442e+01 -9.438555063798958145e+00 1.925538158372705766e+01
2.890191105262135807e+01 1.538179230806053965e+01 1.820729715801741122e+01
4.014954556379495898e+01 1.494244333198184904e+01 1.193723042392571188e+01
5.965305910524705268e+01 8.686396206118206464e+01 6.358201881380477971e+01
3.251000759524367822e+01 3.931023935113512380e+01 3.163881449216353303e+01
2.755472531719705387e+01 2.039527979895950693e+01 1.758553675758419388e+01
1.737989208089726390e+01 2.067903000701130622e+01 1.205512965233532441e+01
-6.619425252907177537e+00 -4.366686877583617843e+00 2.112239855459236537e+00
1.104256744668651891e+01 1.633285054379985013e+01 4.080303427895273671e+00
2.080297463662259361e+01 3.005357773880223249e+01 2.116611212439806877e+01
9.224025887958987369e+00 3.715901986149424374e+01 1.730859279323976807e+01
2.926868895291488570e+01 2.621001494900065154e+01 1.776669386002208739e+01
2.653847144070437025e+01 3.640350566279539635e+01 3.380344454278383637e+01
5.181098143364761199e+01 4.945773308548541536e+01 2.806367632396518275e+01
2.685973945448813538e+01 2.438463872441343483e+01 -3.423457116201916506e+00
1.068496618421119138e+01 3.806046722662136972e+01 1.648162135560392016e+01
1.087217218900293147e+01 2.479512473983464815e+01 3.561927928561715362e+01
2.093421691593880496e+01 4.884303520477260463e+01 2.072226652666677182e+01
4.740249831588212714e+01 5.372444732239307541e+01 4.970012415849683407e+01
3.769781124594192079e+01 6.110258917975124859e+01 4.607240667788209976e+01
9.431641826220584335e+00 3.947717056554802184e+01 6.548665136586805602e+00
5.477330574357256410e+01 4.808227128011185414e+01 2.452750776816992584e+01
2.756644683019976583e+01 3.495963084190907466e+01 1.053966668385555749e+01
2.974404395305418802e+01 5.198835210944253049e+01 1.658009692151563286e+01
4.930119778920925455e+01 6.846027993201096251e+01 2.197257698702787820e+01
1.863120813064188042e+01 7.957708685743000387e+00 -7.938202212865689944e+00
1.149972426208023535e+00 1.551837384058399039e+01 -5.516112779615468753e+00
4.720983764466382127e+01 4.003644247781176091e+01 9.757006746316619683e+00
2.919543235672108494e+01 3.272484864506850499e+01 -2.606690019560574001e+00
3.745412731728629296e+01 5.484238412277272801e+01 1.202710537966413540e+01
1.766482216339454681e+01 1.756250580376035941e+01 -1.720840744911129150e+01
3.378552866413906486e+01 4.883165832021290953e+01 2.548051484760230778e+01
6.028345905762989787e+01 7.690496599849075210e+01 3.433192302392171769e+01
4.419846704662904813e+01 6.372437446749427181e+01 1.664412847478797630e+01
4.946629000646680652e+00 2.666722286015601640e+01 -4.302729554030065628e+00
4.739262073587087798e+01 6.124522406640380723e+01 9.273998313219635747e+00
4.817996407170130624e+01 6.959919906287177582e+01 3.298439993413376214e+01
5.452528852163595730e+01 6.990590885677647748e+01 2.463451638079459372e+01
6.370794328128977213e+01 8.757194959487060260e+01 2.803244791941597214e+01
6.238898687488563155e+01 6.036360993842299649e+01 2.634568237236999266e+01
1.431673101739397680e+01 4.398446636989092440e+01 4.548131286082934821e-01
2.209657412223623396e+01 5.813753023338085768e+01 -2.202713077449880075e+01
3.730824712154389999e+01 3.467829907819623259e+01 -4.753116685046734347e+00
4.409222811341624038e+01 6.227721763901854501e+01 3.274728334367819116e+01
7.372955614460806828e+01 9.241399993649156386e+01 2.384200777607748023e+01
6.108126712705416139e+01 7.910738898636736849e+01 2.987194419435627424e+01
4.117293247167435766e+01 5.487571381237466994e+01 1.043207746790994861e+01
7.454534737323865556e+01 9.811638855905403034e+01 3.197869144025844435e+01
3.556601785077373279e+01 5.943230031920211331e+01 2.149347470405564309e+01
5.102866769748288789e-01 3.009434428991153254e+01 -4.595950418065513077e-01
4.922953496703576093e+01 7.041084730617149035e+01 2.713237019188454724e+01
4.776586830254927918e+01 6.614394928644469474e+01 9.609493325830953836e+00
1.135501469419887144e+01 3.802296348029722139e+01 1.980522842018217489e+00
6.059899951814895758e+01 8.999679865888083441e+01 2.720193716167887032e+01
2.322108904107153649e+01 5.053998576875710569e+01 -1.874147515557797306e+01
4.371404922896817880e+01 4.838824804069827223e+01 -2.370909717841186648e+01
6.881570018646652898e+01 6.250482307886613853e+01 1.600232007174781756e+00
3.092587756183002057e+01 4.989105532834764745e+01 1.300769454415149085e+01
2.015359643655028776e+01 6.836136702524527209e+01 2.132605004885226663e+01
4.174416969760386564e+01 8.681481106145929516e+01 -3.799582625834773353e+00
7.095103039816603996e+01 9.869054888996106456e+01 3.429032585458480753e+01
2.781992941824228183e+01 4.977447525260186012e+01 8.828539607610309758e+00
5.486020590670432284e+01 8.653800332203718426e+01 8.091657262423723296e+00
4.651516796478790639e+01 6.459514250425309001e+01 -2.636725235624999186e+01
1.127505642405685649e+01 5.283085870544437057e+01 -9.621800606772012543e+00
6.188684788826139993e+01 7.302092525977695914e+01 1.250652178988639207e+01
3.108648620464919077e+01 6.742753051322597457e+01 -8.576319823380799789e+00
5.671074487010082521e+01 7.830062828788140905e+01 1.833190401114734414e+00
2.073964613425687276e+01 6.568092291422453854e+01 9.525794705859880196e-01
6.810402197025268833e+01 9.845256321882880002e+01 1.663216896954145341e+01
6.026358157291178941e+01 7.032271937691439234e+01 -1.614194635869171179e+01
2.702439560244602035e+01 5.812587633252860542e+01 -1.976261343558417138e+01
1.340079818799677014e+01 8.376413695691826433e+01 3.445884083229429962e+00
7.193720280789148092e+01 1.284100614825729281e+02 3.290887870660662884e+01
1.929682176518122105e+01 1.501492685399966831e+01 3.204232859872240624e+01
2.669167109053614695e+01 4.878333474062401365e+00 3.425531594358608345e+01
3.586705826996876567e-01 2.578230959432403324e+00 1.448347762380331005e+01
2.252789317814222159e+01 8.947709245824171376e+00 4.543542903895195195e+01
4.209241463677858519e+01 4.008771593812389256e+01 4.699678099120592378e+01
1.764807817262055778e+01 1.227378323104073843e+01 2.552868759547152422e+01
4.079094544202234829e+00 -3.819980866323930968e+00 2.997938600414227039e+01
-1.342707079993033403e+01 -1.988439754000046378e+01 6.363505693140723452e+00
-9.106861437542193016e+00 -8.225960078363414141e+00 1.516818091250161160e+01
-2.173765869581438892e+01 -2.489557346686206074e+01 6.647878368174588104e+00
4.488460321342779480e+01 4.435865094044072521e+01 4.641865221944954101e+01
2.501193676295542900e+01 1.763455661291800425e+01 5.202503028510091099e+01
3.420714041252404058e+01 2.218777683156667990e+01 4.530188378334355548e+01
-7.246927965513350500e+00 1.644339638561177708e+00 3.671097228217877273e+01
-1.078717965537134660e+01 1.138437026382644035e+01 1.395808935730337907e+01
9.175352094442587259e+00 1.686975290465761645e+01 4.654025585777390006e+01
4.762803023100514110e+01 4.303691857196645287e+01 7.312307237861614340e+01
-1.396828119015344782e+01 9.371105436719517456e+00 2.076915137731816685e+01
2.816502129506807250e+01 3.038029289283304024e+01 4.669580105404520509e+01
-2.964646748332052084e+01 -5.182008995700471132e+00 2.389861528200435714e+01
-8.168604183985280542e+00 2.528211180749758569e+01 6.159241255023425765e+01
9.089670422386916471e+00 1.222079929967640055e+01 4.439851055117105716e+01
-4.905822657231965422e+00 3.546000605745484791e+01 4.305889113740181529e+01
-2.712031021218172100e+01 1.060115471891094785e+00 4.358712013837475752e+01
1.388813837254929240e+00 1.406356740001501748e+01 3.924617201660203136e+01
-3.154727410693703860e+01 -4.905102600502004861e+00 2.002183657704108555e+01
-1.178669014417846483e+01 8.613708801418852090e+00 4.072098670947593746e+01
-2.805062230118869593e+01 2.029678401339015181e+01 4.261924634749425422e+01
-1.359426227655603725e+01 3.009932751434666898e+01 4.098090606829373428e+01
-2.713272697733236782e+01 -4.483340280729862570e+00 3.778850495195047188e+01
-1.173174110679269688e+01 3.595689888175775195e+01 4.330766090030260784e+01
-9.360640094159293767e+00 2.030774919336602125e+01 2.376040766024823370e+01
-1.078822099182616512e+00 2.378859907538890184e+01 5.933605401593013084e+01
1.430540506152578928e+01 4.414302718053022545e+01 5.250661313342379799e+01
-1.190252729895291850e+00 4.040916757919490010e+01 6.064781213973742524e+01
-2.299187183155299863e+01 5.120127963752156575e+01 6.710924947779540162e+01
-1.261517350803092086e+01 2.860228736571309582e+01 5.294997404619243753e+01
-1.313234654942971247e+01 1.789050450815102522e+01 5.249952319031490333e+01
-2.083151614476014402e+01 4.967900706897148666e+01 6.268523342474486526e+01
-2.993848504649304232e+01 3.258065272329122308e+01 5.488564898577169515e+01
-4.550546071472763288e+01 3.154036927965535142e+00 3.686364310294311508e+01
-5.448396450085738252e+00 3.066070735645212153e+01 4.541638025815086621e+01
-2.738161372256081449e+01 8.208066229967698746e-01 3.114542866209012573e+01
-3.617733231298416285e+01 1.342239404598194596e+01 4.123781775589623066e+01
-5.250808818883115237e+01 -2.926844739704392850e-03 3.837393782993194691e+01
-6.597559105710615768e+00 3.443200079306711814e+01 6.640585007478648549e+01
-5.279713605971073775e+01 1.087476029527670107e+01 4.126031573449836287e+01
-1.362912758706534078e+01 5.997093055600112166e+01 6.764060977213671322e+01
-1.010720562048618376e+01 5.216573765543694208e+01 7.390056511093052904e+01
-6.685548731887138274e+01 2.161014953033463826e+01 5.024615162548934677e+01
-5.329421634491063742e+01 8.278071474269381724e+00 3.499045103465005013e+01
-3.988428286828502678e+01 4.296672496790415607e+01 6.444555680103394479e+01
-4.241194165859587883e+01 1.847354166160994282e+01 4.670494673794291884e+01
-1.689892299763596384e+01 4.500169567788088898e+01 8.414373835807600699e+01
-6.203287556327268248e+01 2.247664288689702516e+01 5.961993804190615265e+01
-4.479011960256480052e+01 4.398165590463781882e+01 6.668483309441512574e+01
-5.778159394779345348e+01 3.582171913308070543e+01 5.575276613107826051e+01
-4.392345193595019737e+01 2.367205222135680742e+01 5.505786524901623125e+01
-3.048261514483147039e+01 4.707337773746530729e+01 7.393559945321612759e+01
-4.866726548472797731e+01 4.255343394324336259e+01 8.234439350649699918e+01
3.600170798116096194e+00 -1.277235459534063011e+01 -4.083680600751904421e-02
3.891444889469789814e+01 1.158070043228190116e+01 3.017620004426726155e+01
2.450829460807653959e+00 2.935304287785584165e+00 2.313539493957614468e+01
3.316093036571419361e+01 2.768784196151273136e+01 3.398407898436494179e+01
2.824079480556792987e+01 2.057159550003461845e+01 5.271900946041569114e+01
1.892884451866893869e+01 9.508654392266180366e-02 2.772901373206468634e+01
1.865560341798209265e+01 1.997119339483924705e+01 3.296049495883903546e+01
2.698311049206722601e+01 1.935567566808504125e+01 3.302547057835454325e+01
1.909786804302439123e+01 1.093252491342354915e+00 3.700181024150970188e+01
2.442714644350007802e+01 1.055838146717951531e+01 3.453253828101378531e+01
1.690666281128142145e+01 -1.325897087695284426e+01 3.436443401086171434e+01
-5.516550473214010708e+00 -3.618201400772159104e+01 8.217855841202435840e+00
7.650086591325361951e+00 -2.845645826526424571e+01 3.399381419415021810e+00
1.996285630829561342e+01 1.628024042593870035e+01 5.404526001872272900e+01
1.609090628755438956e+00 -2.414692733643369138e+01 6.867857329008984379e+00
3.012280489139493511e+01 -5.020227973994678905e+00 2.855806244956602313e+01
-2.991045822053820302e+00 -1.665555462474640080e+01 4.198626230316313013e+01
1.847510145997239306e+01 -3.083833210336888442e+01 1.623172965761386877e+01
1.559249449847220603e+01 -1.227625343879071806e+01 2.517921172302885680e+01
2.666217066650233392e+01 -2.274520708723366624e+01 1.852415814911591951e+01
1.457251309640741965e+01 -9.133812696262793906e+00 2.842171516320240698e+01
6.056191855000179203e-01 -2.182585934558892404e+01 2.328177885851846440e+01
1.515566072584078938e+00 -2.487668279661284032e+01 2.607576866546060046e+01
1.430517686581561065e+01 -2.691456573242248851e+00 3.774851815874944805e+01
1.326659694667705480e+01 -1.096116225491732621e+01 2.527433311770755608e+01
5.775942507360741729e+01 1.930627182591297242e+01 5.283579102581325060e+01
1.823320460637751239e+01 -5.074818653195507068e+00 4.186791694783732964e+01
3.335083949125328218e+01 3.407789294007670833e+00 5.912161693156122055e+01
4.449606158970436809e+01 7.744379328802097007e+00 3.876210615864329156e+01
1.378122031277644055e+01 -9.873835872083873255e+00 2.047366908227832027e+01
-2.276763144903361535e+01 -6.451618008664627268e+01 -2.554748767249293451e+00
-7.715519143263009028e+00 -4.489936724886592856e+01 -6.446079384810673218e+00
-1.152477785028168000e+00 -1.798479797397340008e+01 3.323242097944603302e+01
2.229240480942189606e+01 -1.232233900705159613e+01 3.240655188379150786e+01
2.963069279669934986e+01 1.267023820255417377e-01 2.933727650689343136e+01
4.376217707716477889e+00 -2.912405030059971978e+01 8.288050504025704868e+00
1.220565072239560322e+01 -1.376656495620591159e+01 3.419878122776481177e+01
3.701404856068438676e+01 -4.650655938696218072e+00 3.332343691189635138e+01
-6.633055032919401128e+00 -4.049587120578962640e+01 4.730509275801978220e+00
2.577264569997623767e+00 -1.525536657263182860e+01 1.334051186075748774e+01
1.186995010295777320e+01 -3.964837743477073673e+01 1.583361834634888510e+01
-1.006728774559360318e+01 -4.941375194963711692e+01 2.262016821647193865e+00
8.517256417253065592e+00 -1.128729020775199388e+01 1.828153815068890253e+01
5.576235171457256001e+01 1.669267621641756705e+01 4.527515252628700182e+01
3.879740291051029999e+01 -1.387413343012485711e+01 1.623412477929286979e+01
2.429014192196973454e+01 -7.600317251391061291e+00 3.161969394252719212e+01
1.693419828962259999e+01 -3.146831896552885155e+01 1.944008658032316816e+01
3.401826934854807405e+01 2.252015406287227961e+00 2.110709176722593838e+01
4.151962105060101749e+01 -2.651488775885900395e+01 3.027844195135276095e+01
2.639138440522128803e+01 -3.321193730671438971e-01 5.453440309343750414e+01
1.392720827499761072e+01 -1.853661944731447875e+01 3.626167924091805617e+01
4.001306696688379816e+01 7.185538990482200461e+00 3.349881113428637036e+01
2.021811738170163153e+01 -2.130353528390060092e+01 2.007704517650654452e+01
3.259162282796660293e+01 -9.440934147904044949e+00 2.771926926446576545e+01
2.431118356421757198e+01 -1.521583059689965012e+01 3.184686304072783969e+01
-1.394838968109888810e+01 -5.419317925983978057e+01 3.523806690117453400e+00
5.125540988649481733e+01 -4.463783045119271264e+00 7.463395435383426957e+01
5.045913644254778774e+01 -1.310319957101728505e+01 5.760409397625062411e+01
2.066853447384164610e+01 -3.061793726167252316e+01 3.578647593063487875e+01
3.414923205238574155e+01 -1.836235527655389888e+01 3.808296125183551339e+01
2.815459013534018595e+01 -2.669453349365994654e+01 2.890672240284220607e+01
3.120474587276567036e+01 -1.913745446116990934e+01 2.844889104812955338e+01
4.761814329393655498e+01 -8.897997783510618319e+00 3.740547494384554739e+01
2.057697463873410015e+00 -5.109814274070504325e+01 -1.368922356579514599e+01
3.212040760505533399e+01 -3.710877166368209146e+01 1.294596355403609778e+01
1.862778115955825342e+01 -4.780903170114470413e+01 3.441690513647881744e+01
3.721016443791086203e+01 -1.232463343331710348e+01 2.468691155424130557e+01
4.045468067070214602e+01 5.490865529851362226e+00 6.692429708163308533e+01
1.200097069880030176e+01 -1.265929026915364375e+01 4.624656648302789108e+01
1.383238842298760574e+01 -2.957185688634490361e+01 2.988649225859171565e+01
4.088453788982678816e+01 -6.537204280640253273e+00 3.854660044371394179e+01
9.208103990986728604e+01 2.210365930667194334e+01 7.514838731623331114e+01
3.783842254016690276e+01 -2.851706361808737711e+01 2.539708494655405957e+01
2.237054008307495678e+00 -3.234563364714267664e+01 5.142184293663103745e+01
3.475258859090718033e+01 -3.869343367444616888e+01 5.057978253552664683e+01
3.217273044214925903e+01 -3.869290854230348486e+01 1.817613466425427760e+01
3.867966163471464824e+00 -1.896942894784933742e+01 4.898647507073928864e+01
2.790066000113256450e+00 -2.687372923799739510e+01 5.290478184893891012e+01
3.962113789277464093e+01 -3.771704104988111794e+01 3.721653192964095069e+01
3.213570120943859365e+01 -3.007351033977738552e+01 3.684287816854703124e+01
1.424408604896871111e+01 -4.316272060258506826e+01 3.307463727007962007e+01
-1.588660965374583611e+01 -5.908308171125554509e+01 1.309491603584319819e+01
2.313588711778720608e+01 -3.612803389554210298e+01 3.368113542922219494e+01
5.561418195114765695e+01 -6.556031819238341996e+00 7.089127715014819842e+01
1.062193628129534773e+00 -3.473883944949466240e+01 3.446621995921304915e+01
2.013980828232797649e+01 -2.573835098051040404e+01 3.394693835955058603e+01
3.196829008680106199e+01 -3.027176853091259545e+01 3.950256062497737730e+01
3.148140484852410736e+01 -2.691614809390102891e+01 3.260787861166681978e+01
9.620073686262003321e+00 -3.982227275221521268e+01 3.281849262438481674e+01
2.213239341693861206e+01 -5.689027366351820092e+01 -4.767821571310378204e+00
2.850801833262858054e+01 -2.694704549144989869e+01 7.093955223670036503e+00
9.552078624555178976e+00 -3.057931806196029356e+01 3.677488916923357465e+01
2.681693795068895270e+01 -4.506009984663342038e+01 1.258498562490512995e+01
3.237015703277575085e+01 -2.016104614107553061e+01 3.296926181496291974e+01
4.437467904166987864e+01 -1.774247571846444771e+01 4.280515581377494527e+01
1.323063254167391278e+01 -4.543451817617096822e+01 6.116418122038885485e+01
1.738453824798489222e+01 -1.650979581971569132e+01 4.610044295854004304e+01
2.567207639957359788e+01 -2.228246501976263971e+01 3.290009295539312006e+01
1.079403211828321218e+01 -3.501868388459206471e+01 2.285421283230152767e+01
3.013342934045795118e+00 -3.982737011925928527e+01 1.741643379537435976e+01
4.488159689641997829e+01 -1.529915369969239691e+01 5.270422818225324590e+01
9.365290141213336028e+00 -4.849214739222952630e+01 1.860281279159607948e+01
3.659467361647875805e+01 -4.277066699299666652e+01 2.544874567852912151e+01
2.292750044005242671e+01 -3.419846475203303271e+01 4.411240409184483724e+01
2.198945633900075336e+01 -4.315614482871205837e+01 5.013315040961606428e+01
-6.910839529708027840e+00 -7.034943131728323351e+01 3.852689126752375159e+01
1.806439688187037973e+01 -6.206752025781770499e+01 2.358014783462840569e+01
1.538568734636464796e+01 -2.800005121645881445e+01 5.510626847679759521e+01
1.939228938141241088e+01 -5.086600691482180991e+01 3.645816235694928764e+01
6.174617579016376112e+01 -2.165354071941055736e+01 6.330742460890814982e+01
3.018463016765417706e+01 -5.638733937235701887e+01 3.529781308754081692e+01
3.478035146343245287e+00 -6.528167186051723547e+01 3.199442335237836232e+01
4.112543346331040084e+01 -2.536739451813809865e+01 5.784861377900870139e+01
7.853959433492855169e+01 7.265724037747531838e+00 7.797701093038995168e+01
2.252626662076545472e+01 -4.616020290744381782e+01 3.585202446752919059e+01
4.411974743606879201e+01 -3.534868301813730795e+00 6.308077432495065295e+01
1.488298571871473541e+01 -3.093175254645848327e+01 5.246110742844120978e+01
2.871718884820074891e+01 -4.760318932892550947e+01 3.392248875124460028e+01
1.183837182600836968e+01 -5.809941228303068783e+01 2.827525428315675526e+01
6.086520630483664718e+01 -3.815505420409317594e+01 4.654918172804718779e+01
3.808771402848287835e+01 -2.751562186189767090e+01 5.156069347930406366e+01
2.626613318729141611e+01 -3.250926201995389420e+01 6.692023204257930047e+01
3.000317903395261965e+01 -2.478359022963013558e+01 5.796942440687598719e+01
3.484785782906146778e+01 -5.750917109405963856e+01 2.108215725640820892e+01
2.702356523736489180e+01 -3.409343227371573448e+01 4.507220284314098535e+01
-7.333284526783245383e+00 -6.132229105478472775e+01 3.558507223438027722e+01
1.374624581003990897e+01 -3.798180926359054865e+01 3.558262657365594350e+01
3.226386665387690300e+01 -3.913810712880058418e+01 4.390241815237641276e+01
5.789161307671201939e+01 -3.756853767384563980e+01 3.282620171058715641e+01
-3.190028478409658419e+00 -7.248547264206354157e+01 2.277571859353702166e+01
1.790232296610702178e+01 -5.529693390717420698e+01 2.222656250357340468e+01
3.794675701217602182e+01 -5.074736214525182731e+01 5.236449213390187651e+01
5.190468429985503462e+01 -1.252588859344086814e+01 4.269800875022701803e+01
1.705811872479898739e+01 -4.419198048055477557e+01 3.369474687228466792e+01
6.164594128590033506e+01 -3.061369713418753236e+01 5.343172878377481538e+01
