-4.349428875428714036e+00 4.004042382336043815e+00 2.038713501726083166e+01
-7.117988978528615007e+00 7.156240172140648781e-02 1.904331956115142077e+01
-5.897116221764832744e+00 1.921515893071576997e+00 2.019154348727523995e+01
-2.658396301401126038e+00 1.750165629286362101e+00 1.256656023232220321e+01
-5.817759780605172182e+00 9.498963220665093132e-01 1.685137968426130328e+01
-5.694833532987246372e+00 -1.761376344020877838e+00 1.674400739219993284e+01
-6.246705599494816852e+00 -8.730091108269533606e+00 1.695129790732451625e+01
-7.934989465750732052e+00 -4.914597363614870318e+00 2.038781712927357148e+01
-7.284940753721230067e+00 -3.082962741835771681e+00 1.787087855566900885e+01
-3.182224024667391404e+00 -5.049491682773364687e+00 1.208610060389440832e+01
-7.744039353231642053e+00 -1.008400384285482687e+01 1.359665918022110986e+01
-7.767973706864779615e+00 -5.974565479719728955e+00 2.574934034047404907e+01
-5.529470479598330712e+00 -9.861250647386228252e+00 2.262407485887669623e+01
-7.311403804665474127e+00 -1.024523032504859543e+01 1.726690323007395023e+01
-5.810413030258814615e+00 -9.332455809716719841e+00 2.047052958739334372e+01
-7.029970961949516095e+00 -6.818025276266070023e+00 2.340537224613677836e+01
-8.055847983173293869e+00 -6.464617883221578154e+00 2.032274168103006673e+01
-7.047625599269167651e+00 -1.529304347230932137e+01 1.959139795745886659e+01
-7.810602275956682661e+00 -7.301165479581584350e+00 2.490622090793908683e+01
-7.477696278565076682e+00 -1.098320501408389305e+01 2.174242515438169221e+01
-8.908394800679104719e+00 -9.936656775160400912e+00 2.483008144587529387e+01
-7.510681352296842306e+00 -1.007466296355953261e+01 2.192722901757414888e+01
-9.070542601608337918e+00 -1.053461890306114412e+01 2.956406809899647214e+01
-1.132902656517325113e+01 -1.350632500870571562e+01 3.052939764993845984e+01
-9.144093362470357533e+00 -1.363368001974268395e+01 2.584709096915401005e+01
-8.922686361912894881e+00 -1.123815092329971321e+01 2.617375002537238515e+01
-6.329296158991269294e+00 -6.378800907200286474e+00 2.698746722828477118e+01
-1.007448121932623053e+01 -1.048013712255706764e+01 3.322539879272210328e+01
-9.191914523403738713e+00 -1.093036775765968116e+01 2.951740995377031140e+01
-7.164074689474034585e+00 -9.919232430233847708e+00 2.281778783352368123e+01
-7.571349018851606161e+00 -1.251157239382571618e+01 2.845677249778145779e+01
-5.523119382872550887e+00 -1.698509724208776106e+01 1.541892016732055026e+01
-8.628700743647925719e+00 -1.292705195974907895e+01 2.703463263523889282e+01
-5.657264860831048736e+00 -7.309877295977017297e+00 2.466098446802476474e+01
-8.903424915727782718e+00 -1.900913742897279235e+01 2.720670645118627817e+01
-1.094760694107782228e+01 -1.709380566742635210e+01 2.660573786169521782e+01
-7.201324510330834983e+00 -1.139361946607483844e+01 2.668590348987265770e+01
-8.259822483673872284e+00 -1.662256427217715782e+01 2.718134268897034644e+01
-8.312336348813687437e+00 -1.922632758195950942e+01 2.471786498274053656e+01
-9.311463646672450523e+00 -1.415967092179407416e+01 2.269139843307164028e+01
-1.068744280965734106e+01 -1.874343192994774654e+01 3.071412769560987499e+01
-8.407700899140991169e+00 -2.064040792278319714e+01 2.847379568636614522e+01
-9.041170435178003117e+00 -1.146397516315732901e+01 2.935807273307830201e+01
-9.863312911068305766e+00 -1.772061157966561495e+01 2.938983986185894537e+01
-9.425607599622651378e+00 -1.247872346024371382e+01 3.247521667107855592e+01
-1.429761654646961233e+01 -1.801856473135521242e+01 4.087824909415286356e+01
-8.737116330694334465e+00 -1.517758035110557557e+01 2.695592116726362519e+01
-6.219853123001712447e+00 -1.828422402121211121e+01 2.501293609168334342e+01
-1.046486131595793267e+01 -1.927822004378342058e+01 2.821537768287856807e+01
-7.199999671099647003e+00 -1.492200900725219981e+01 2.612566323088412901e+01
-9.858672398833164152e+00 -2.044331102978949843e+01 2.799104265216243448e+01
-1.231927758730876121e+01 -2.420450924726790731e+01 2.990913982477820809e+01
-1.239968824047628004e+01 -1.559729788878780710e+01 3.534556077116917550e+01
-1.397303660318618768e+01 -1.870391502740926626e+01 3.633266374459401504e+01
-1.113278379465032231e+01 -1.918815092220634710e+01 3.162680200670337172e+01
-1.096896099220839460e+01 -1.888934116413949482e+01 3.878016839368962110e+01
-1.192212931521385144e+01 -1.539913403566373518e+01 3.621082771877848927e+01
-1.198851575224182398e+01 -1.902363295607588611e+01 3.372081913236542050e+01
-1.426139979905997279e+01 -1.872518989025596170e+01 4.236333913499214532e+01
-1.261325211347116237e+01 -1.914540387244039721e+01 3.915704263082744774e+01
-1.038808853677426214e+01 -2.174037155278602995e+01 3.499546172024645330e+01
-1.195525926834773145e+01 -1.654882722761252012e+01 3.607348972043416779e+01
-1.014027987898168703e+01 -1.807911367366745026e+01 2.982064538122904196e+01
-1.187169571045433258e+01 -1.582594551106072345e+01 3.621697246537746651e+01
-1.474934734652504176e+01 -1.852180657952911247e+01 4.269449214680582827e+01
-1.088065830746813845e+01 -1.987089821283856850e+01 3.412363978553707966e+01
-1.208526238450235724e+01 -1.931671958726050775e+01 3.797720458480335992e+01
-1.250932495787321841e+01 -2.429345757156934837e+01 4.002871519237180564e+01
-1.433280357511443981e+01 -2.329624177537655783e+01 4.278974941576541369e+01
-1.432119570145164289e+01 -1.983956110635753589e+01 4.295610762723697462e+01
-1.462840329033531361e+01 -1.899392836286997976e+01 4.261034296115934694e+01
-1.194776877503591095e+01 -2.320449066058213816e+01 3.629275196492466193e+01
-1.519665250511536669e+01 -2.214399011585135213e+01 5.050161440768079046e+01
-1.358703566683766439e+01 -1.786675614696872572e+01 3.910358482658540424e+01
-1.042281755244277974e+01 -1.819020399289038892e+01 3.425068018123471347e+01
-1.404912237565633859e+01 -1.537127112311804922e+01 4.410368642116196725e+01
-1.258474760590866026e+01 -2.039003706251796189e+01 4.042719321217776951e+01
-1.253593713152019973e+01 -2.118752970148153736e+01 4.183249938481185382e+01
-1.220372976760233996e+01 -2.269614234970777034e+01 4.024301805035827329e+01
-1.408130823515023167e+01 -2.133359312951304787e+01 3.823189265891949162e+01
-1.230627317747780580e+01 -2.491752143537263464e+01 3.642302090235875767e+01
-1.218352206096017198e+01 -2.368856597479833681e+01 3.947035270009030228e+01
-1.388334184525524506e+01 -1.734330302391487066e+01 4.208090942633236864e+01
-1.488427049189886020e+01 -2.627856224671529617e+01 4.414059933221847132e+01
-1.454911443790717840e+01 -2.251870834324984116e+01 4.579764799608949488e+01
-1.347002553566051120e+01 -2.447722230943901423e+01 4.548767817642658429e+01
-1.571104613050749776e+01 -1.798427429369556307e+01 4.742129447515230822e+01
-1.687675869750785296e+01 -1.428969642587148314e+01 5.150160841309667603e+01
-1.123035885040690118e+01 -1.912163873147807180e+01 3.924031381439999677e+01
-1.395017035122918969e+01 -2.946112403304226746e+01 3.698545817795138646e+01
-1.679183971978261525e+01 -2.698822637403250724e+01 5.132520786027339454e+01
-1.518055108194334935e+01 -2.297108332149770149e+01 4.311876228152129897e+01
-1.224896877789626615e+01 -2.331782264446928821e+01 3.690624194247993728e+01
-1.649177871235974635e+01 -2.288320272970051406e+01 4.774466214232597849e+01
-1.700971261542963475e+01 -2.207872691293528078e+01 5.443335953357870949e+01
-1.417509570896027071e+01 -2.910290530136435905e+01 4.523366602403530123e+01
-1.530359933193631150e+01 -2.314169604300298033e+01 4.454689619953842339e+01
-1.611826427243499893e+01 -2.903054988113689205e+01 4.878426257684748180e+01
-1.766614834899326070e+01 -2.504072726697702933e+01 4.997239778615721661e+01
-1.555113347608539698e+01 -3.205825947593550040e+01 4.515232256162437352e+01
-1.963600538984212562e+01 -2.669230756151088713e+01 5.359297048532232566e+01
-2.026218570339540292e+01 -2.394707932350729607e+01 6.129917026452221762e+01
-1.688373227626584594e+01 -3.095877950187221472e+01 5.058769969279626366e+01
-1.642817108115366409e+01 -3.289986780569645930e+01 4.258207677441362193e+01
-1.931058416151779511e+01 -3.117795320839059059e+01 5.327937557859434037e+01
-6.561362088643875268e+00 -1.002813346117633841e+01 1.990561103684316890e+01
-5.061834498009488925e+00 -4.856187677560861005e+00 1.890280982933916221e+01
-5.134157188777294323e+00 -1.227762139163750987e+01 1.845055282605721914e+01
-6.159036538783652759e+00 -1.217058947194334451e+01 1.011202542623939848e+01
-6.480584961246563580e+00 -8.963501012229315279e+00 2.031467478621289047e+01
-8.187972973148703204e+00 -1.363408026618714075e+01 2.042266227095734621e+01
-3.336294190324736064e+00 -1.417284268606086073e+01 9.552428625768726533e+00
-6.356583408597884954e+00 -1.280241960314826599e+01 1.685658719844485631e+01
-6.102514732522934082e+00 -1.749198622693675986e+01 1.432244039909880939e+01
-5.342036364097566548e+00 -1.229048209736444619e+01 1.475437843935876003e+01
-6.125309984105854255e+00 -1.334340497642038770e+01 2.310436468889776052e+01
-4.778022042957672966e+00 -1.218632512346358965e+01 1.580313486467727557e+01
-6.293778906573038512e+00 -1.149701340819474638e+01 1.778152183737330461e+01
-5.034701838658236284e+00 -1.614502223911871681e+01 9.451468410954305455e+00
-6.913153213109922035e+00 -1.760632363501468944e+01 1.553282434808670587e+01
-5.010082535512196955e+00 -1.821623779304707114e+01 8.044422449409523779e+00
-5.787954364380368588e+00 -1.292087807210737083e+01 1.742205466718718299e+01
-4.858144302945049731e+00 -1.950046182311507437e+01 1.792186767515494239e+01
-5.675147616390461280e+00 -1.788996645915639760e+01 1.201598931179563579e+01
-3.308820608951634767e+00 -1.994654516836891389e+01 5.076852135122578602e+00
-4.688539405736150911e+00 -2.276840548839092548e+01 6.811820472186070674e+00
-1.405164435213436036e+00 -1.262795672442241823e+01 8.503692550075697909e+00
-5.795182199003477308e+00 -2.487912881766237660e+01 1.583275788420445451e+01
-2.378709423367922682e+00 -2.418998773739784269e+01 8.557729917204767389e+00
-4.556566068675465431e+00 -2.133517294150939847e+01 1.060325723302753431e+01
-5.252980530218337663e+00 -2.274395278933940290e+01 1.266622981016149652e+01
-6.686824578973642019e+00 -2.585317404248283424e+01 1.294393065815353339e+01
-5.727031522007962394e+00 -3.023114849045228425e+01 1.142646201374537895e+01
-5.174558617209527256e+00 -2.476474181026387100e+01 1.169380127045815243e+01
-3.366368853412666340e+00 -2.448938946727912480e+01 6.153052068427939503e+00
-6.215175837792287439e+00 -2.694447547259787257e+01 1.485887913770795876e+01
-7.424767498603443983e+00 -2.379568721815374488e+01 1.842934117026226204e+01
-5.291022732819214980e+00 -2.540422545734216442e+01 9.043813858660143978e+00
-6.000212727099608401e+00 -2.714284565144566841e+01 1.539196828133134431e+01
-5.752676650028604399e+00 -2.909343377996123081e+01 1.025863429631868939e+01
-3.185407415072972981e+00 -3.112213899468588352e+01 4.383637706695708403e+00
-6.210180073029050618e+00 -3.290939424829267068e+01 1.141628605777913208e+01
-2.381627582722614989e+00 -2.552174150571192968e+01 9.161233409159365237e+00
-3.463613657174278160e+00 -3.710305546318255665e+01 9.062701436192696747e+00
-3.003345861608238465e+00 -3.335496293365935117e+01 6.808255023937647366e+00
-4.309239701503997821e+00 -3.009471735439299778e+01 5.318248051212492555e+00
-5.355769629528651876e+00 -2.629422045936306063e+01 1.294743748280961881e+01
-5.510829474177910470e+00 -2.738232186029011928e+01 7.396237705017540520e+00
-3.289413253344207533e+00 -2.976153872825165081e+01 6.610465125541281850e+00
-3.834741259394888857e+00 -3.101127121532380215e+01 8.354853298770478887e+00
-4.220572959521803114e+00 -2.991748887089215714e+01 9.528182049059410019e+00
-3.604337222865979129e+00 -3.587717929344316303e+01 4.794498023119501795e+00
-4.071421449454135200e+00 -3.607280345422276469e+01 9.322683373245183702e+00
-6.095490902901758545e+00 -3.483629841860721399e+01 5.810118724999426831e+00
-1.016430531451192110e+00 -4.326664717066967114e+01 1.430291500176281261e+00
-3.240185743183019440e+00 -3.346314965679687248e+01 7.237084385023194955e+00
-3.279926829740134053e+00 -3.712952579517326512e+01 2.395038460857676910e-01
-2.570652814364223104e+00 -3.582170558963258600e+01 2.072411895228015055e+00
5.516496786519837769e-01 -3.642378539258550063e+01 -2.548107761335813848e-01
-1.922386330935637488e+00 -4.246542196606094421e+01 -2.138279475143065156e+00
-3.384706991738426041e+00 -4.273332045056645256e+01 7.826070466328815201e+00
-2.424424484354290144e+00 -4.147940326839625413e+01 6.839994545573063078e+00
-2.262340446008863637e+00 -3.780112764272331560e+01 1.894534227864710374e-01
-3.622348251116875417e+00 -4.216904116313293116e+01 2.469724955968672475e+00
1.431217400157720476e-01 -4.222457413091206035e+01 -1.429711364522177064e+00
-7.636853147226815963e+00 -1.196849652980985468e+01 2.040875216316436536e+01
-6.832203389628318746e+00 -8.516614980156006709e+00 1.986833929161241485e+01
-4.045601083370115703e+00 -1.284463344942614071e+01 1.621691793453058494e+01
-6.631377511125208457e+00 -1.064178152354924123e+01 2.090892734022162358e+01
-4.809095201177115086e+00 -8.851180015554604097e+00 1.192970506088727234e+01
-5.092061799859692428e+00 -6.887638678747784127e+00 1.408508851052289401e+01
-6.089092489062238656e+00 -1.402292539267266136e+01 1.628868809095268944e+01
-5.523853307789067912e+00 -7.091716729851071932e+00 1.870754050533545865e+01
-2.926991369198191251e+00 -7.250167501015816640e+00 8.060677482760098655e+00
-2.659953035485159489e+00 -5.987371463246631720e+00 1.433642177551831765e+01
-1.865566008593020797e+00 -6.017157653014564289e+00 1.236001031548562423e+01
-4.262785583213826612e+00 -6.766958376174329715e+00 8.485603399830381477e+00
-3.947808187341024677e+00 -1.226082347192534172e+00 1.481870584459800000e+01
-4.093787718063083503e+00 -1.328729863985826398e+01 9.516408171433340613e+00
-2.947220530834044894e+00 -4.666277948101722473e+00 9.996844535770321727e+00
-4.112384052981781224e+00 -1.067124319271922417e+00 1.679991913545754301e+01
8.246208866472954924e-01 -6.284324641644943199e+00 4.075076079870996182e-01
-4.652772486405027053e+00 -5.723829656664491949e-02 1.023683058744379082e+01
-4.038212501030756130e+00 -3.303792661050941604e+00 1.498608983425626207e+01
-5.554946342909886425e+00 2.164216782850717280e+00 1.798763653671610996e+01
-4.699673021680752072e+00 -4.403116055321611100e+00 1.007927432255880262e+01
-3.676529399497184158e+00 -4.456481874551528222e+00 1.346882687465367212e+01
-3.311031794229990055e+00 -4.810824054342738521e+00 8.163119587152721124e+00
-2.125690700437587566e+00 -5.395419043959215344e+00 1.267065509447689919e+01
-5.171467235684986008e+00 -8.092891325940676950e+00 9.635137088747285361e+00
-3.996062993055289780e+00 1.351142965170073040e+00 1.587709744224034125e+01
-3.428929878937282183e+00 -4.962564942576989324e+00 7.953808334965216886e+00
-3.235077652492492462e+00 -6.859564901267518167e+00 7.472213329784523239e+00
-3.803754402488948472e+00 -1.757122229915463407e+00 1.648628357597598892e+01
-2.983478112776253965e+00 -2.337587017644064957e+00 1.511646840352510424e+01
-1.421596863145722978e+00 -1.870138612670995570e+00 6.030970195074402795e+00
-5.004705031261948989e+00 -2.659618743448847411e+00 1.319931765628712128e+01
-3.540595283412926619e+00 -8.476691802178159207e+00 7.917754191124600993e+00
-2.178582562651428134e+00 -6.548611610290038243e-01 1.300337449519587096e+01
-4.870908216168686522e+00 -3.831451979482782377e+00 1.287586743839511882e+01
-4.465730258790841845e+00 -8.351046139783147026e-01 1.498680376210700160e+01
-3.552147594765472149e+00 -8.260177378980543494e+00 1.068916461083949798e+01
-4.867206040122738386e+00 4.021330849236797178e+00 1.560726105080520654e+01
-3.221277302092687478e+00 -3.019528745169015593e+00 1.360686862539112951e+01
-3.984715091071961979e+00 -6.344329817198108401e+00 1.400755816499199113e+01
-3.902783738402959557e+00 2.519882382242109031e-01 8.825481406043593324e+00
-2.424523009186074773e+00 6.151082835271377558e-01 1.100094771488664946e+01
-3.750748549578219126e+00 -4.877669270299378468e+00 1.266534321122946949e+01
-4.660385055926326459e+00 -3.614979257858564665e+00 1.086165372302166077e+01
-4.971171906747628100e+00 6.047199894673491727e-01 1.651538735487491749e+01
-3.031966531036232482e+00 -6.958701087689718179e-01 1.129882273551294247e+01
-3.417760531560190884e+00 2.031515348311085489e+00 1.465003154007637676e+01
-4.752293804782254938e+00 -2.177350442135189468e+00 1.764826239780600758e+01
-3.686763596698781953e+00 5.564459473864477701e+00 1.257668524956149270e+01
-2.209907863642030179e+00 -4.685833720766744648e+00 5.420753549405034732e+00
-3.851075304895914542e+00 -5.830717442266220019e+00 7.741309596256883196e+00
-4.566808156440743005e+00 -1.482683160523059485e+00 1.505433592962754119e+01
-3.472434545403672246e+00 3.682527594886236599e+00 1.359749297131963175e+01
-5.406837811237437563e+00 3.192781355267392485e+00 1.565263784717110696e+01
-3.364926811624314951e+00 -2.152519769235202496e+00 1.025439207551578136e+01
-2.011303348960566950e+00 6.932827568937316443e-01 7.665781758218077613e+00
-1.818513016554459405e+00 7.504982670901689801e-01 -8.163331122686479091e-02
-1.095857652220448841e-01 3.582951693079447608e+00 3.525170088199383045e+00
6.667339470104316490e-01 5.938086407338509787e+00 2.792566391530293402e+00
-3.176759668282841176e+00 2.353481186152556859e+00 7.923057548966699670e+00
-1.283069598042750670e+00 7.634580409344629004e+00 8.009963828312208989e+00
-1.871661104658997488e+00 4.936190657804154114e+00 1.123450944313887234e+01
-2.869039869216123861e+00 6.629172008034679209e+00 1.135394862811920014e+01
-3.481257438227913781e+00 5.375451839830660106e+00 1.576139102739632492e+01
-3.806802112427124740e+00 9.046651728209177179e+00 1.034862939440409235e+01
-2.837162066323095644e-01 5.756076115656753700e+00 3.198465079948327627e+00
-2.455121030275051908e+00 7.022598615946293421e+00 1.195958416836433003e+01
-1.404656317417000366e+00 -1.576296461339554256e+00 1.959730818288143439e-01
-2.312197738657225443e+00 5.445832504462666535e-01 3.598620772255227251e+00
-3.704195707021739281e+00 6.706752976509431363e-01 5.171117406665882044e+00
-2.677461932043556203e+00 1.628483010712925783e+00 7.391485229601805429e+00
-3.922011116252761553e-01 6.604085530788950109e+00 9.546521694233115696e+00
-1.901789141473287259e+00 9.294706203989129278e+00 1.592385928613371249e+01
1.546744351509104831e+00 2.431108834204137370e+00 -1.492318999957554126e+00
9.470382958546892382e-01 9.136754231945097615e+00 5.505019645438295584e+00
-2.687851835198304506e+00 8.949531204879981772e+00 6.180280734344336224e+00
2.409650308784407002e+00 -4.530959873920515690e+00 -1.948443123801595789e+00
1.714165489434797962e+00 7.175600985221599615e-01 -2.501641868831512738e+00
1.417108472512850881e+00 1.329245184417368364e+01 5.738496179431933797e+00
-2.466111403669003721e+00 6.154169152737686943e+00 3.561332114843828833e+00
-3.020993181700077912e-01 3.687257017552582283e+00 2.960762678806332815e+00
-2.118065061523612513e+00 3.399467075791029913e+00 3.546322995798689703e+00
-1.455531752684830593e+00 3.794653799251832993e+00 2.710271933520836285e+00
1.550503442835079682e+00 8.611022466778983642e+00 1.406754971777942842e+00
1.894100826554343087e+00 7.553977182067171725e+00 1.602903532447918167e+00
-1.506509134383186677e+00 5.886303830415435812e+00 5.836250235304369482e+00
-1.483201816252437855e+00 9.245629113257322729e+00 6.650113015664757654e+00
-1.782378673997037311e+00 8.025614394766485304e+00 8.485796632692171215e+00
8.389129676961744053e-01 6.344427727473245682e+00 7.018767950919340137e-01
-2.327292087283694855e+00 9.898116055855609829e+00 1.327656588513580971e+01
-5.657144014511857222e+00 8.966622575432808162e+00 1.678388813073087249e+01
-1.560019094135167705e-01 2.473209748252306994e+00 1.017250479417707965e+00
-2.306625520592824330e+00 1.123439989943888406e+01 1.266227463176421963e+01
-3.450367052371806409e+00 9.142409130745065227e+00 3.936101002188905795e+00
-2.917480154611940435e+00 6.843076501516861754e+00 8.281054587055670879e+00
4.850821526853650312e+00 7.780977628066516161e+00 -4.805189022146990396e+00
2.485082445253108396e+00 2.624958125860421099e+00 1.310589228809870832e+00
-2.244452064905900102e+00 4.352749979483075293e+00 5.947235997087791937e+00
-8.754090703507468874e-01 2.929451478925710006e+00 2.388518558921067125e+00
-2.077917493185305720e+00 4.133098991962636859e+00 3.260014800267750701e+00
-1.880663203153355667e+00 5.935927717345670374e+00 3.796342206003650688e+00
-3.224334664698371711e+00 4.851919479546509706e+00 1.708255026349931427e+00
-4.201578401605420510e+00 6.567435795728549408e+00 3.445319261329487404e+00
1.680329672465433077e+00 1.090460326977039074e+01 1.912090515384178957e+00
3.078174831237362241e+00 9.508942255764722518e+00 -1.102262850369328362e+00
3.304925093877528752e+00 1.020746462659882070e+01 -2.533502726045881559e+00
-1.652471753412093847e+00 1.100432564947493574e+01 5.399356811925400734e+00
1.530040846812312338e+00 1.640659725830896143e+00 -1.849117967282181141e+00
-1.009300475184353729e-01 5.610947845729452155e+00 3.034142511740576253e+00
-3.391863938823291846e-02 1.296438087633701741e+01 2.713838329589734144e+00
3.041147407924967183e+00 1.553520662379681028e+01 3.506370857200835189e+00
4.041416405130064504e+00 9.746552002419889504e+00 -4.519668639158169299e+00
-7.561580387860402652e-01 9.100235399394364322e+00 5.968048560982126105e+00
-2.132558118557037474e+00 8.570793547185687089e+00 8.135081971633212561e+00
1.609205263843165312e-01 1.139324784474635521e+01 2.671180416719579398e+00
9.978530308416821981e-01 5.815700615684768593e+00 2.551825317386104075e+00
1.154218347264603040e+00 7.846618893800698658e-01 -2.522919334574247330e+00
1.562266431260525223e+00 1.216758271183005036e+01 2.299051867509831482e-01
3.008284001672450358e+00 1.031213357008161324e+01 6.430899241179304227e-01
8.221436409303350956e-01 1.693052943197804439e+01 3.807536890014205255e+00
2.174182136182878367e-01 1.150723997348985961e+01 1.045546532609549217e+00
4.833626082188459350e+00 9.273489112442696580e+00 -6.507596496056208935e+00
3.299767686907401298e+00 5.849799549399183007e+00 -1.599215303680551870e+00
2.381796418212715594e+00 2.023169621752548153e+01 5.668055428738426826e+00
2.509897515290163028e+00 9.375660012701480639e+00 -1.165585421926422782e+00
2.647395027300916581e+00 6.391221923096395585e+00 -3.988451643070263231e+00
1.513744068223587647e+00 8.535137070713254559e+00 1.234550931385498984e+00
1.521115472861026774e+00 7.939978039034123469e+00 1.318374956809037712e+00
-1.049240647570442775e+00 2.022598950849194921e+01 9.826911638608663679e+00
3.324594936275644841e+00 1.019152560481733616e+01 -6.105736293811020232e+00
1.472457784588044660e+00 1.110178620494990298e+01 3.857576847188369129e+00
2.647081725054050594e+00 1.647710979341654536e+01 -3.201761470428465373e+00
-1.899575443758152460e+00 1.053074657474473952e+01 7.827053622671130029e+00
4.596362745389939164e-01 1.117608771032527670e+01 1.740295380778988488e+00
2.046421105091383197e+00 2.177051658990657756e+01 -1.454307327048809384e-01
