-2.669271074707785374e+01 1.797947832919544453e+01 3.585668636814716592e+00
1.534392156409967356e+01 4.293979465180063926e+01 5.194946538319072715e+01
5.762435691577593389e+00 7.260357266964274459e+01 4.824991722497998126e+01
-8.293182046049878409e+00 3.571892403091896995e+01 3.686034175811619207e+01
-2.933329431067113546e+01 2.406577759048559528e+00 1.328167601455015756e+01
-1.297184140349781956e+01 1.260908664428370685e+01 1.441727635294591892e+01
1.969068339308387294e+01 3.679470188917684936e+01 3.423784881744677477e+01
1.410913270397031738e+00 3.574598981256349362e+01 2.150857784139270734e+01
6.701021580851829640e+00 3.277649326001983354e+01 4.156415379828422374e+01
-1.677061736228142763e+01 1.010765797938438482e+01 2.728007499068507968e+01
4.909010465720257343e+01 5.529808071584466234e+01 8.540910136088950821e+01
1.699149018718503612e+01 4.790893812249726125e+01 3.076949020550068781e+01
7.594849455292205676e+00 2.033651058293503411e+01 3.425197624159659426e+01
-1.180238191863918473e+01 -1.299899033614428845e+01 1.213675440403994799e+01
-1.729010669858075744e+01 1.418997679168569448e+00 -9.457141988391413179e-01
1.507517611020455206e+01 3.211151248132546243e+01 3.677400356380883295e+01
1.592263081792702906e+01 3.624850520979953217e+01 3.440884204509688971e+01
2.281678998315146600e+01 1.519014915652769560e+01 2.923490363050291307e+01
2.064219671959114066e+01 4.932815219770543536e+01 3.053661002294097671e+01
7.927764666897019197e-01 -1.170260059800739327e+00 2.374516537951967621e+01
-5.533326112379540973e+00 8.277500213653183891e-01 1.668417809485276848e+00
4.336657522667496778e+01 6.505009490462816757e+01 5.127429491836051056e+01
3.714324174371978415e+01 5.586908113694266831e+01 3.075660884665893491e+01
3.845377372501684476e+01 5.095839867049767236e+01 2.980861613810384370e+01
3.310875617637928769e+01 3.758625261647429738e+01 2.903038840704433454e+01
2.188444175250583612e+01 2.952862116945442494e+01 1.670565022247987486e+01
-9.040009748943191425e+00 2.463262133679529597e+01 6.030836144943521049e+00
4.495795255854227435e+01 6.468683219762510817e+01 3.797969891116531471e+01
4.848964009302926570e+01 6.475945351318819121e+01 2.700449152596490876e+01
1.558024498045301698e+01 3.171509373908838825e+01 2.147036525684939079e+01
3.222802216563547972e+01 3.208512275216332910e+01 2.366905380547376581e+01
1.498443316715884066e+01 -7.479333423445950757e+00 1.417246493884431402e+01
1.728910864059912456e+01 2.937537017145979235e+01 2.555235477744042782e+01
3.015343302399742242e+00 3.588474979248644559e+01 2.473226276030345616e+01
6.583036039510579940e+01 4.949351500686861982e+01 5.145079686549570397e+01
5.249310825236352684e+01 5.017226883794955938e+01 4.299157519320351639e+01
4.010291008958560610e+01 3.304628816483699438e+01 3.430795749451883125e+01
2.025998414236130429e+01 1.871653228053384055e+01 1.138454891658147972e+01
-1.721370020913113308e+00 -1.588479848453221166e+01 -7.718264065508975591e+00
1.409986325695467713e+01 2.991778492836505166e+01 1.985108374919417429e+01
3.723666420333324822e+01 3.174623201528243044e+01 2.132586747231562185e+01
3.151920975905204614e+01 3.730264720579430104e+01 2.469829655576495497e+01
2.878402541754439881e+00 1.948559891109539421e+01 3.153482937504577421e+00
2.220422994705063502e+01 2.693272774133038183e+01 1.572740819430418924e+01
4.843507368502946520e+01 7.933386836746672088e+01 4.868848212303191758e+01
1.212495530046226122e+01 2.016693816191309452e+01 -2.543866759412594547e+01
2.365033659944185729e+01 2.446641244116688085e+01 1.822183655423248183e+01
2.575081108394004659e+01 1.008518029230982904e+01 3.168481398742081367e+01
3.525931323048598642e+01 2.987265739693157229e+01 1.841655584876002649e+01
5.755847063569363797e+01 5.385755095845661344e+01 5.579626514417191174e+01
5.309814958916899741e+01 3.936419940416044483e+01 3.768603026243204113e+01
6.325695388416215792e+01 3.552644218929890485e+01 3.448363561809719613e+01
3.572960182269571305e+01 5.028084316022841449e+01 2.229012677949367571e+01
4.877836162682660870e+01 5.089647430373997850e+01 2.102498110362421357e+01
4.633600963011986096e+01 4.968949923869240592e+01 3.021339717074897635e+01
5.625639982557549956e+01 6.871019504820196744e+01 2.520413809672072603e+01
1.990961007326905019e+01 2.407922954216837752e+01 -6.074072659708235733e+00
1.863393608280875924e+01 1.436211869268890950e+01 -1.228320386347149906e+00
4.720984389634031686e+01 4.828123274286099331e+01 -1.234860383819977869e+00
4.176877302124785274e+01 4.343727073909485625e+01 1.095698589569110482e+00
4.512802045422358788e+01 3.185646536564581766e+01 8.366534645776027901e+00
1.612050629413761271e+01 3.324480091461555276e+01 -1.178934076254381580e+01
4.731254011295231976e+01 3.943893747567562968e+01 2.750030255940419011e+01
4.827562917873865445e+01 5.967682690648143762e+01 2.089627597595153929e+01
5.041274312305540661e+01 5.209366647725164512e+01 4.305486247828412161e+00
2.403075750414382128e+01 2.070422826809408434e+01 3.319924259439630987e+00
5.813954750185803277e+01 5.399246162059125709e+01 1.459061112772633351e+01
5.576982356148255349e+01 3.065588259987725905e+01 6.625800229145170306e+00
6.726802189862883097e+01 5.811991243216925795e+01 1.988532870466860913e+01
8.483187847540193616e+01 8.654873833223973634e+01 4.056299546106311027e+01
5.812006450984972616e+01 5.935395571549997840e+01 1.568879740032389236e+01
4.111731416813790929e+01 2.725683109224064538e+01 -1.983052227492862585e+00
4.535750769902097090e+01 5.129972489299871086e+01 -1.443614958370017121e+01
4.469917226688721712e+01 4.693126915545690281e+01 -1.572801636164513184e+00
3.924160200421601985e+01 2.576946782816912673e+01 1.625758545718554160e+01
7.649172904913120874e+01 9.790745241474087379e+01 4.119131904792266141e+01
6.874282122739350598e+01 7.243345784304892732e+01 4.147975946755104815e+01
2.033089806451334880e+01 1.484788738389761420e+01 -1.791755589620152023e+01
7.268580471677068999e+01 7.474151334015095927e+01 3.076852197188418359e+01
4.000707975078785239e+01 3.114589685812734388e+01 1.171302569362524082e+01
2.699939170747074968e+01 -3.766513557349753683e+00 -1.422140947744946970e+01
5.673364206228689000e+01 3.842702832170743932e+01 1.024002628726884723e+01
7.470492094956534856e+01 7.477952334444580629e+01 2.697850785057926259e+01
4.272788408131600590e+01 3.443781938269148668e+01 -1.125703716503267060e+00
7.681505725820625230e+01 7.455178695079030149e+01 2.121553511256024649e+01
4.274645291450542572e+01 3.866262873079540441e+01 -1.349399103411997203e+01
4.491387458302233426e+01 4.969005303822450514e+01 -1.125007785323396092e+01
5.186471373371568916e+01 7.208236175974707294e+01 3.950995175297066453e+00
4.477301316143348231e+01 4.430130346502892280e+01 7.405749207516691968e+00
6.386091172463147814e+01 2.488526009059842181e+01 1.080343847117910627e+01
7.037026319164669985e+01 5.481922175402633002e+01 2.128227199846151052e+00
8.239973539334732777e+01 7.976855882897143601e+01 3.628559018325177021e+01
4.719675373544123431e+01 3.202736863549125701e+01 2.562199603707995266e-01
8.278941985643086809e+01 7.437044255649834668e+01 2.462168678638226993e+01
6.177673925244289421e+01 6.043824185797166137e+01 -7.374181753905759251e+00
4.586178797068259883e+01 2.522439482919071452e+01 -9.677473112611551187e+00
6.527503406679352338e+01 5.714186868119486462e+01 1.706357889206356049e+01
6.180231715158606676e+01 4.534254282303390937e+01 -1.062843330532996333e+01
6.483620038192566426e+01 6.097933390721482283e+01 -1.747405138050453388e+00
7.369854501244935818e+01 3.382126066915952833e+01 -2.883210034423427715e+00
7.967440185500890948e+01 7.687460653522612120e+01 1.391495878582099976e+01
4.907839005088499107e+01 5.815492329174594488e+01 -3.264365349660693028e+01
6.385911954711718863e+01 3.410801282232205267e+01 -2.174195061689897557e+01
8.064459723892923648e+01 4.814334947685892985e+01 1.293584956351060100e+01
1.077818386173621548e+02 8.755083323266262596e+01 2.426739403962164943e+01
4.365629701983380073e-01 4.293329357676839209e+00 1.107336783751202347e+01
8.462540489652838005e+00 3.137381137009742815e+01 2.865362991870551923e+01
6.431942254203022458e+00 -4.322190689264971297e+00 2.327172112069183640e+01
1.654768059928801449e+01 2.571493556948826154e+01 5.565267055790036466e+01
2.625159092842363862e+01 4.118963016421480461e+01 4.047858515189727768e+01
2.675510288586497154e+01 2.807580744442248033e+01 3.524115093919851915e+01
8.542770576714246999e-01 -1.556616398088226561e+01 2.366013890789145080e+01
-1.641199056609457330e+01 -1.426752091566913805e+01 1.519191147325318525e+01
-2.217395201347471811e+00 -2.382645842608508246e+01 -2.225321885371386088e+00
-1.844256513645314044e+01 -3.833812537228004658e+01 8.045496729185742879e+00
3.983218668311928923e+01 3.225591359454654139e+01 3.677501790116104985e+01
2.440923275477234711e+01 2.382773095423954146e+01 4.283483612137706587e+01
2.067632171443847255e+01 2.945113723808890427e+01 4.278317446040409777e+01
-2.245421311971313116e+00 -1.755060520300776261e+01 2.442650141580907075e+01
3.588251353632517748e+01 1.285476650279974820e+01 3.640742130775106489e+01
1.546093498047639514e+01 2.534139796637646214e+00 5.206592320809750163e+01
3.834208362001731984e+01 3.426863967003464495e+01 4.415569313182049882e+01
1.014771498956179130e+00 -1.452583235831593811e+01 1.398065666620254888e+01
3.859589069234789349e+01 2.483109786672048358e+01 4.662905748492903513e+01
7.839659077265878295e+00 -3.078304752835765612e+01 3.423811639349833058e+01
1.150085499102669928e+01 -2.636919133627498013e+01 3.611796322078271260e+01
1.151820762114857644e+01 -6.951134847331559286e+00 5.796843618671391596e+01
3.864108157176383429e+01 4.539695877012945857e+00 4.264905667016728330e+01
5.939227411399770062e+00 -3.656828010392700889e+01 3.011774088233096336e+01
3.094001704677475573e+01 4.491334063603972027e+00 5.280635258146685374e+01
2.830104177899329443e+00 -2.930539046094986588e+01 1.166244095485876642e+01
2.320271591786013232e+01 -1.293991255416108288e+01 2.494728753944468735e+01
2.661909205899996778e+01 -3.266219478030802748e+01 3.170058519156100374e+01
5.398180183566296364e+01 1.185887485644889239e+01 5.185364939107648752e+01
1.386086950582557620e+01 -3.649736600835421996e+01 2.859221971415172447e+01
3.477024909213332649e+01 -1.376303135137754907e+01 3.788736712138529583e+01
2.842117073656828552e+01 -2.014155273813059921e+00 2.384517325387548681e+01
3.351896309268204277e+01 -3.367397138279557112e+00 5.197745241480970435e+01
5.952807189318878045e+01 1.484222078801815314e+01 5.283715775413600113e+01
3.752790797986904181e+01 -1.199874416443117298e+01 3.481034702349847976e+01
5.987168688924293747e+01 -5.819990326848255791e+00 6.745889892914465236e+01
3.832095259418974820e+01 -2.172313342098868816e+01 3.391507468968075045e+01
2.804474948022425451e+01 -1.744051079713881336e+01 3.924325867011566515e+01
6.803133034107304411e+01 -1.742500651670184197e+01 6.474372535478710233e+01
4.486245578666057554e+01 -3.975126802512249924e+01 3.899747621637743578e+01
1.668776801721696756e+01 -5.568688559104293745e+01 1.872466780575405210e+01
2.800477637641165529e+01 -1.445087040906946640e+01 2.142797054450898031e+01
9.255824536921409162e+00 -3.968924227424213313e+01 1.872436354386081803e+01
2.179688303350440037e+01 -4.222698362106120840e+01 4.180600157133858374e+01
2.697530959146115492e+01 -2.816929337519513865e+01 3.848526854965666644e+01
5.846417276095121451e+01 -2.546101949967578548e-01 5.986614061922159635e+01
1.395804832843532495e+01 -6.464234404769786124e+01 2.469379617252070602e+01
3.419478391028974329e+01 -3.862136265623280451e+01 2.969891785706431619e+01
7.490969950830640300e+01 4.391963616001703485e+00 7.128210613553574149e+01
4.376025126799322607e+01 -6.411078165730259570e+01 3.707834460582034808e+01
3.197339203224009907e+01 -3.536433639840379328e+01 4.365157718340651627e+01
6.323201877214432898e+01 -2.952373141697307801e+01 6.125694085681516299e+01
3.486832923035717613e+01 -5.278220897748633433e+01 3.613478057520205766e+01
6.513666229974114685e+01 -1.377122881247441910e+01 7.448931344360471485e+01
4.427752503483679902e+01 -6.475352651098228307e+01 4.827973663210741506e+01
5.427875166331136825e+01 -3.679474691038058154e+01 4.379394760220611715e+01
4.783406346834999567e+01 -5.724464719995012274e+01 4.729249512484193474e+01
3.203279590662850751e+01 -5.919452842369219070e+01 4.918661344800375446e+01
7.890232442699561943e+01 -1.978630778104479759e+01 7.360999695554937716e+01
6.436632604557826198e+01 -4.529399641844611324e+01 7.599718948601594093e+01
-5.680715878536375385e-01 9.843068138669423206e+00 1.160563311121586594e+01
2.050986236080302660e+01 3.894991723966222708e+01 3.855122400208279032e+01
7.940091063228919666e+00 8.054821934906613023e-01 9.847306426966952131e+00
1.473331740655794420e+00 1.700272423878959671e+01 2.840424214041490814e+01
1.746274440087654511e+01 1.898015244213729602e+01 6.028120349452228766e+01
1.064592417667427071e+01 2.110313837913690804e+01 3.731875064887208282e+01
2.481821641768215159e+01 1.997629371625180283e+01 3.689317766901581308e+01
1.894197267213985469e+01 3.225874585440715236e+01 3.944247492194972438e+01
-7.098457296973720076e+00 7.939576524074254849e+00 4.498934786698282551e+01
6.773535060555786913e+00 3.232155697783673531e+01 4.459758084337681794e+01
-2.050567869237374907e+01 1.878847849603516806e+00 3.161504933390187944e+01
-3.248457112508549471e+01 -1.334692564036231488e+01 2.071193230282278819e+01
-2.546487839704059297e+01 3.785249638190180121e-01 1.443580581693868226e+01
3.744193855760568113e+01 1.956880645692990583e+01 6.956306411857713101e+01
-2.334724152066792158e+01 8.800452465457055951e-01 1.369671520435258572e+01
-1.649015835912769035e+01 1.665940415921113527e+01 2.200059181033338973e+01
-7.936254387936969579e+00 -1.368841226521635690e+01 6.114902545161749003e+01
-1.682794259283036808e+01 -3.964886512430894072e-01 2.805935735615639715e+01
1.615621834588637284e+01 3.057652146606642418e+01 3.938466766467126945e+01
-1.729425113619799959e+01 2.837056209067759482e+01 2.256388901811942560e+01
-1.175466133571990213e+01 5.612555969751156226e+00 3.252065268063870462e+01
-1.558474645346359466e+01 5.035416476316640910e+00 3.139389367321109603e+01
-2.019456376962716604e+01 -1.013036296569043770e+01 2.095476720358783496e+01
-1.489249810414639796e+01 3.610628107533557341e+00 4.056989193007302674e+01
5.523674182808008482e+00 2.053189582968479954e+01 4.743446102337429693e+01
1.536860380006964988e+01 5.092788308648550810e+01 6.586180211106329807e+01
1.676769319853519846e+00 4.616284969348271261e+00 3.442484903086824488e+01
3.443838862566735770e+00 1.484128771832183702e+01 5.380343083512343583e+01
5.114040329138333618e+00 2.885955139065936237e+01 3.880454060733518418e+01
-1.330826859089484060e+00 2.993096675150763986e+01 3.263264487575361272e+01
-4.982912730479347374e+01 -1.734560582401354623e+01 6.372938328544478281e+00
-3.339167829879306737e+01 -2.743609596935129957e+00 1.411318608826968557e+01
-1.831880929397175350e+01 -5.605550640081673919e+00 3.691180751050524123e+01
-6.148989183256162505e+00 -1.445487347038579173e+00 3.174320041606824816e+01
7.976959207406252972e+00 3.732495613799528655e+01 4.986389610813921536e+01
-3.530927368670654687e+01 -7.622098212409582629e+00 1.113508772378054346e+01
-1.089052157444484692e+01 6.563187295276293298e+00 3.566301577980493676e+01
-7.882204081975032750e+00 4.305377466261688824e+01 4.487278744832201482e+01
-3.346440800831533124e+01 -1.179873662371119281e+01 1.580026218124658044e+00
-2.115553792133914612e+01 -4.195460191139318340e+00 1.581732940814072208e+01
-3.683269462284988549e+01 3.149576043968409067e+00 3.326153371561485983e+01
-4.599362680152989924e+01 -2.134683946903533069e+01 -7.046306048142469081e+00
-1.237235716454097201e+01 5.743906176668133412e+00 3.059488316579745515e+01
2.122287836602117750e+01 3.939481016270565306e+01 6.196844397694894724e+01
-2.219239232747941060e+01 1.581276303259528504e+01 1.082908136574133096e+01
-1.036825409415996546e+01 1.975190593428942520e+01 4.149361770687301032e+01
-3.341474863008670582e+01 3.341409132626722567e-01 2.092514813350499026e+01
-1.136452183384972159e+01 1.410923599086936520e+01 2.789199424227626878e+01
-1.698880227746758464e+01 2.380425913482031319e+01 3.894998950235458324e+01
-9.450657477898857906e+00 1.412879156421058724e+01 5.214553134027300985e+01
-8.388386979812821664e+00 -1.683193691023916472e-01 3.092886630343946308e+01
4.896286198142661306e+00 3.368331682450525477e+01 4.429956703875222956e+01
-3.591199686235449917e+01 1.598273533173596661e+00 2.946368905802683003e+01
-1.581039208584343214e+01 4.470749888976934017e+01 3.857155032398804906e+01
-4.999522602250181080e+00 2.342553433571811183e+01 4.260185137269309052e+01
-5.582548579433751001e+01 -2.983382989177698619e+01 7.363284586172085255e-01
-7.813799104153076769e+00 1.895465866065205773e+01 6.620678906689317955e+01
-2.023256113412662671e+01 8.107357823706479394e+00 5.432853235603306530e+01
-4.252044162534730276e+01 -7.485881081016486860e+00 2.899314044601760543e+01
-2.018280002284700458e+01 1.170380058249247668e+01 3.729439447931417817e+01
-3.120562078436250886e+01 2.082616931233860669e+01 2.618451716145591490e+01
-1.789526050485164888e+01 3.363956814644552651e+01 5.396505823651841638e+01
-1.614637548765676911e+01 3.868326427988813521e+01 4.097877637872170453e+01
-4.603895927727626258e+01 5.964282046880725829e+00 -5.546647402907183277e-01
-2.701065345772258297e+01 2.624152854960175318e+01 4.397187855345055141e+01
-2.993190343145670340e+01 4.595730514573915571e+00 5.344733009111587307e+01
-2.336931262412690558e+01 3.112570491842780029e+01 3.950072513448412792e+01
1.979632525552369771e+01 3.815195929591209278e+01 8.493080575251042319e+01
-1.234183919007591612e+00 1.786002477747479134e+01 6.013190612745802355e+01
-1.334123690030628495e+01 2.524607578195627866e+01 4.242720355743404070e+01
5.730916266138592619e-01 2.499176459278714901e+01 5.978778179967775941e+01
2.871913026814581826e+01 7.230941719083602948e+01 8.311392223442817340e+01
-2.855967079393212771e+01 3.785858775444830826e+01 3.236025272763890825e+01
-3.132402031874880777e+01 -2.023842025858357374e+01 4.735074920608803950e+01
-2.415286662619564595e+01 2.791624942008820653e+01 4.934171419959147897e+01
-3.351777286187098071e+01 2.418026557936991594e+01 4.058500386278410588e+01
-2.180548486171301192e+01 -1.314025752459292562e+01 5.167080516357691522e+01
-2.033517666184161499e+01 1.117871580663450004e+01 6.893070649922083248e+01
-3.916149944324570242e+01 2.416867776734397921e+01 4.203486976103704365e+01
-1.979468695726518490e+01 2.691460453075160331e+01 5.221843704211914883e+01
-3.072639425759098231e+01 7.454943505442315654e+00 4.278481995665606519e+01
-5.450039418809774361e+01 -2.245668317184117768e+01 9.635652215427398914e+00
-2.713387654913913138e+01 2.131392977526047616e+01 5.362567270782437845e+01
-2.410870476071158919e+01 2.043294768689338525e+01 6.127322662125061470e+01
-3.819595885022499715e+01 -3.708989300139364786e-01 4.295570430224688607e+01
-2.139290198967864853e+01 2.589876853030364146e+01 5.595477150595434068e+01
-2.754993171202568192e+01 3.626818598662794102e+01 4.212484576662245672e+01
-2.227834635869203339e+01 2.874572022989195830e+01 3.982885541982886934e+01
-4.128309321859978809e+01 8.552493848599624471e+00 4.094210098136318265e+01
-3.996086228351759928e+01 2.149084240748834418e+01 2.561902814668701467e+01
-3.948215652689304989e+01 1.459647678807777993e+01 8.016706391308616730e+00
-3.573329018970434845e+01 -1.427111204222546803e+01 3.958446451708005043e+01
-5.410538389849989471e+01 1.879688073149645788e+01 2.698227651650086045e+01
-2.058850164446630515e+01 3.191693373619546037e+01 5.494249470816703251e+01
-3.031855314244330657e+01 2.637563183015936374e+01 4.362055735661033395e+01
-3.696530695257388288e+01 -5.833582257899251999e+00 5.575100638601361425e+01
-4.434027512718057551e+01 -1.878663316804795613e+01 3.378195751242583356e+01
-3.815185816878602054e+01 2.033802369079239725e+01 3.713354508532211185e+01
-1.808788468550574180e+01 9.083635211430191703e+00 4.883770735852522193e+01
-3.367889475870651950e+01 8.097807381310303754e+00 3.446928305906931200e+01
-1.370515823495497898e+01 3.551562323614052730e+01 5.627778892258811538e+01
-4.203782700845567888e+01 2.536732782884428161e+00 3.550094049332619761e+01
-4.143221361414634885e+01 4.088095720871024241e+00 4.267826835401683638e+01
-2.576326769959541707e+01 5.413060795499404776e+00 4.777852866336615989e+01
-2.621841014035453554e+01 2.153665986729356518e+01 6.083146887682778470e+01
-5.543028202467939991e+01 -2.165461662213965610e+01 3.963993208021565806e+01
-4.747562181797093217e+01 2.185409016591620457e+00 3.077172882159175060e+01
-2.647743507996983681e+01 -1.635325782556174090e+01 4.370951436104951426e+01
-4.121021276539158862e+01 -2.102830356609047158e+00 3.868341589270858094e+01
-2.474649307502022566e+01 3.478014089287717070e+01 4.693929711433429475e+01
-5.017754619885636203e+01 3.502289764621673385e+01 5.233167475805021240e+01
-6.666856370553250599e+01 -2.565937530149858503e+01 2.492422258875740226e+01
-2.096589569888965343e+01 4.203447115120434319e+01 4.955458110617291823e+01
-5.451669939981911739e+00 5.870088005110210361e+01 6.662892459474187490e+01
-6.109615778004808817e+01 -1.891932374755924684e+00 3.002576564173159568e+01
-1.908706510933734535e+01 2.746864962715881120e+01 6.448693967400777183e+01
-2.213908037065812096e+01 -3.788220371770876227e+00 5.826531785453607881e+01
-5.155265014256838185e+01 9.391058560355304508e+00 4.746909848864379455e+01
-5.433328626522961713e+01 6.822705142281847657e+00 4.725768293242072104e+01
-3.735958487990683352e+01 3.943079100951035798e+01 5.871406141186162131e+01
-4.622725585897387646e+01 1.399938816150643106e+01 4.048705037013678520e+01
-1.744035588294718764e+01 1.652467331371735781e+01 6.858964740643568803e+01
-3.355623685886348539e+01 1.982690211181761697e+00 5.083858802503345942e+01
-4.357551681617223949e+01 2.479145203381449392e+01 5.159812471718123561e+01
-4.326305554373902851e+01 2.448887525159079814e+00 4.235864711352041923e+01
-4.783786484905613179e+01 -1.906657410059051472e+01 4.359070073706425319e+01
-3.905259486897466559e+01 1.008280472782280413e+01 5.561001350150763756e+01
-3.561514621241440182e+01 6.175314813444856554e+00 4.185555148203093268e+01
-4.577328321019649593e+01 4.889465041754920094e+01 4.666710634195533203e+01
-5.013159453349726391e+01 2.926669086456968216e+00 4.300308778629732842e+01
-6.661078557914424891e+01 -1.161695033898104157e+01 1.985143224663079309e+01
-3.912668413434039394e+01 2.865182756203284953e+01 6.131922661841053923e+01
-3.486245684619279928e+01 2.634693093519490503e+01 4.181542021808581922e+01
-4.639770384806888615e+01 8.158479741086921422e+00 4.539824698421853100e+01
-3.252491285157157108e+01 4.365988458881838596e+01 7.567345357966951269e+01
