1.863186438401871214e+01 -1.030348948584156688e+01 1.478242894916007799e+00
1.731606402030411118e+01 -9.270388527847785554e+00 5.000062776281026800e-01
1.864219518049901581e+01 -9.822834149928155512e+00 3.059184662312475211e-01
1.162778579980906102e+01 -4.889494060003016784e+00 1.687797487407181052e+00
1.534007116816707139e+01 -1.006991052911843099e+01 -1.659871769993145563e+00
1.582429207350671163e+01 -9.142996834843245324e+00 -2.045862285186757390e+00
1.725871657695120120e+01 -6.429098571730150979e+00 -6.541320629712913615e+00
1.863659662576822029e+01 -9.464673615249523664e+00 -4.445337059139774283e+00
1.617544965684766112e+01 -8.855568450713178663e+00 -5.386778251783255200e+00
1.393662451197459973e+01 -1.804398647999391869e+00 -5.947540449909780591e+00
1.543715392640342543e+01 -5.701079455007402430e+00 -1.078961186065174616e+01
2.623022268175634508e+01 -8.080646351367988700e+00 -5.042256286189285674e+00
2.137729980486318482e+01 -6.050887534000878532e+00 -8.210201671903917031e+00
1.750399153837503263e+01 -6.311454373622609637e+00 -8.850115318204814230e+00
1.925059992162130129e+01 -5.715750405073379170e+00 -8.651905208796392799e+00
2.311678130627717564e+01 -1.067970885289156513e+01 -7.338004831077341805e+00
2.084185451233543063e+01 -8.543664578473226356e+00 -5.462044469970066984e+00
2.015539109269957407e+01 -3.843646735562401773e+00 -1.313383431643381982e+01
2.475126627743304653e+01 -9.976745541550997132e+00 -7.174931143138564948e+00
2.239633574167362440e+01 -4.963862465408851676e+00 -9.879293641879257848e+00
2.410542851653144680e+01 -7.662816574467512964e+00 -7.954814529238944942e+00
2.295582251864095724e+01 -6.873066352993760120e+00 -8.438571382523718967e+00
2.839029181447591554e+01 -8.341823321172000760e+00 -9.003178857772866195e+00
3.065850154751592527e+01 -1.026970081098568244e+01 -1.293968097988846466e+01
2.505680955607431315e+01 -8.248018153873886149e+00 -1.160431234066447814e+01
2.506974062286553817e+01 -8.861084478740167469e+00 -1.053691161078097593e+01
2.541624753110670554e+01 -1.018877526634651076e+01 -6.221811157483784882e+00
3.377386448371498773e+01 -1.181179773908252173e+01 -1.037016242189474724e+01
3.028622375897788288e+01 -1.265410494513957929e+01 -7.476988057209268845e+00
2.363732099910379247e+01 -7.088036136621838068e+00 -9.023437534726951981e+00
2.842374687265470357e+01 -1.014665316250761862e+01 -1.167617908126646853e+01
1.890823370918963064e+01 -6.653022846043654681e-01 -1.519858941047078815e+01
2.765680309921111757e+01 -8.096599984396902983e+00 -1.215342817605011305e+01
2.491555015899183445e+01 -8.288901013441432042e+00 -7.582449873889856917e+00
2.835352140722170589e+01 -4.629488959983063978e+00 -1.560859570933598661e+01
2.840937345459849439e+01 -7.881277309161532685e+00 -1.569446562121675015e+01
2.864700065811427976e+01 -6.517441456043798098e+00 -1.285369661275194630e+01
2.838700014485630163e+01 -4.456191244936235307e+00 -1.480373603239297609e+01
2.562965055367919831e+01 -4.060174668312811264e+00 -1.653970682777827506e+01
2.373316035907987498e+01 -1.023943489103368165e+01 -1.333973392144241643e+01
3.204644238261175815e+01 -7.300509185106648147e+00 -1.762866879760724714e+01
3.144308690894570191e+01 -4.788191959324421987e+00 -1.674421212387738933e+01
3.145190222718372297e+01 -9.622911729730844854e+00 -1.013997617128569573e+01
3.032872742224719786e+01 -6.224556950194710225e+00 -1.606239675996749838e+01
3.042490014553857236e+01 -1.143580751535739637e+01 -1.070881052093915287e+01
4.156089035614786553e+01 -1.361564570864629786e+01 -1.586932308828147598e+01
2.800300280336170999e+01 -4.778406991262272641e+00 -1.322368510324020008e+01
2.643348012291119176e+01 -8.871220015250855795e-01 -1.732355048361785066e+01
3.052388660016572430e+01 -6.619305832843565440e+00 -1.722648546606927766e+01
2.706593713799406942e+01 -4.893061123639540710e+00 -1.274591435779535686e+01
3.075600577015211456e+01 -4.581399942430721239e+00 -1.832243059971904131e+01
3.300688218905611393e+01 -5.520401835578013561e+00 -2.236834196472614167e+01
3.478051015040500715e+01 -1.163850714171610434e+01 -1.385840958077380947e+01
3.784550546462776310e+01 -1.017564778545636273e+01 -1.861191299118149800e+01
3.516948140176009474e+01 -7.069960434737481592e+00 -1.873906639336178159e+01
3.813676910670449161e+01 -1.254383662485281548e+01 -1.575144480312076212e+01
3.678940453469670047e+01 -1.048355255091212257e+01 -1.521520622426226055e+01
3.350675087056788470e+01 -8.321859165108662637e+00 -1.885872031248834446e+01
4.323985783349473877e+01 -1.391893439672764998e+01 -1.736177378441550445e+01
3.945332931059829207e+01 -1.173207810319490818e+01 -1.773657651946120950e+01
3.865044989561317834e+01 -7.577422588459967301e+00 -2.036443231515545449e+01
3.825648861905574449e+01 -1.200090285259216216e+01 -1.388507906185259344e+01
3.189569893247471555e+01 -7.267778235652940566e+00 -1.591795633354638539e+01
3.800598261985408044e+01 -1.324311522940547547e+01 -1.408781075196202437e+01
4.313773735237521123e+01 -1.387684963711296859e+01 -1.835156114800531668e+01
3.570471701322742319e+01 -8.168339466566862939e+00 -1.858590483685804884e+01
3.970302970753834870e+01 -1.198987142849614429e+01 -1.891703845825247754e+01
4.192907783647729048e+01 -8.827934526419198846e+00 -2.151682550521979920e+01
4.433075087207396336e+01 -1.149652415105447290e+01 -2.148651551372233826e+01
4.480958806108685621e+01 -1.475533201662392457e+01 -1.882207355938646742e+01
4.376653404251169377e+01 -1.208715118179122783e+01 -1.823676079100459901e+01
3.954207276878958055e+01 -8.320201326707092448e+00 -2.094775466892610893e+01
5.215890704972446201e+01 -1.433074066807228064e+01 -2.125072176162950655e+01
4.010257169729550242e+01 -1.300363255787181060e+01 -1.778668368354931317e+01
3.500417022619853924e+01 -6.822106273636563856e+00 -1.779579775574109135e+01
4.548431064640146815e+01 -1.462566023625868183e+01 -1.436259868097874914e+01
4.162347519696129439e+01 -1.092321290493237029e+01 -1.638646103025746470e+01
4.269686284126169085e+01 -1.129913890192301551e+01 -1.885197996966053324e+01
4.231824411575905742e+01 -1.118737390537103238e+01 -2.094013968868955544e+01
3.887297681812162864e+01 -9.232924975344985796e+00 -1.876194604607951533e+01
3.801817572586583083e+01 -7.202280279540673291e+00 -2.042109303656707198e+01
4.255673479308063634e+01 -1.053545663955230793e+01 -2.123435307228760394e+01
4.244124407604761018e+01 -1.215100410205127446e+01 -1.711413444341849299e+01
4.491220002416378065e+01 -1.141955279970147785e+01 -2.484078495344033399e+01
4.674150166328149680e+01 -1.476757752930154766e+01 -2.082788935043390666e+01
4.883059892708342886e+01 -1.291106544020578895e+01 -2.444158749775090200e+01
4.671725919420623541e+01 -1.651070954256533696e+01 -1.680071137865866149e+01
4.910600705550484690e+01 -1.737333062040931964e+01 -1.525440756948012222e+01
3.932785826375663873e+01 -1.156762430002129349e+01 -1.731568510091744884e+01
4.066858044480272838e+01 -6.712207275556465902e+00 -2.666437592680256330e+01
5.247318546373162462e+01 -1.142925724099632134e+01 -2.398205612024185029e+01
4.659952130119893354e+01 -1.285820897332575896e+01 -2.261189148771552482e+01
3.944005129105687502e+01 -8.587342874878913790e+00 -2.132631055833383016e+01
5.020093160284545775e+01 -1.352168392825205956e+01 -2.219497370037288420e+01
5.414842178701110242e+01 -1.766085163038951578e+01 -2.045091527118859176e+01
4.744082900626369792e+01 -9.085375979224863840e+00 -2.476347585775545213e+01
4.820979313788279796e+01 -1.233485216861265599e+01 -2.069111646603994359e+01
5.196142679123693142e+01 -1.154208947896142945e+01 -2.757650276268770995e+01
5.171088182993548799e+01 -1.512236206593604493e+01 -2.349113890973910657e+01
4.926878556027702416e+01 -8.474543172221729037e+00 -2.858091993873779302e+01
5.693204383809552382e+01 -1.523829353672476827e+01 -2.448774463504412324e+01
5.966821809969451351e+01 -2.088052185859419296e+01 -2.143430789562523842e+01
5.407577456981516661e+01 -1.233511253853680500e+01 -2.990150492511565972e+01
4.623373885391958993e+01 -9.704563113005292507e+00 -3.010394208236607483e+01
5.561439868197476244e+01 -1.404995499499841571e+01 -2.826290028916253050e+01
1.992060292045869119e+01 -4.343051914192813001e+00 -1.076571837597879266e+01
1.885469264557661973e+01 -5.340106110602960143e+00 -4.951403724599060752e+00
1.881908464374589585e+01 -1.918503712618246482e+00 -1.196234040805404675e+01
1.205921870030954324e+01 -2.311930248163548640e+00 -1.160377494861651826e+01
2.072850815071882380e+01 -5.348319450344433790e+00 -8.161057466738725452e+00
2.156541200149206361e+01 -6.149217418993714546e+00 -1.257267920371100445e+01
1.268741780880981196e+01 5.572750004852196071e-01 -1.231938640354218251e+01
1.843678075918552395e+01 -3.794238356029609349e+00 -1.053466259470741306e+01
1.883664667220551792e+01 2.242584827535551995e-01 -1.577128097878204471e+01
1.522541030257781358e+01 -2.685906358711349640e+00 -1.071790365725175320e+01
2.330182531295025683e+01 -3.105451513972923294e+00 -1.268463384973853181e+01
1.747304920447010090e+01 -2.345639974639766479e+00 -1.121493677669343469e+01
1.779219629598492247e+01 -3.342719012677719093e+00 -1.024124205156158496e+01
1.315847643069264450e+01 2.321017992994484302e+00 -1.471063964822081971e+01
1.829039514952063428e+01 -2.028314875380715421e+00 -1.575278915215619691e+01
1.282098622384722830e+01 2.417959891463112854e+00 -1.654427732022062969e+01
1.876720366060681044e+01 -8.760687842935794833e-01 -1.224116534858171690e+01
2.021346390353284050e+01 9.843260688741111153e-01 -1.671341833905302110e+01
1.403276062178537131e+01 -5.743807350903011866e-01 -1.414448276145378713e+01
1.033694284760321125e+01 5.547062217724828770e+00 -1.810772041563191692e+01
1.190466754798501370e+01 4.351314887636874573e+00 -1.859320017902541622e+01
1.088189250184041157e+01 2.955459247508713361e+00 -1.308915970039623744e+01
1.998754857675339736e+01 2.932771716308423038e+00 -2.267086170448345683e+01
1.354845451083883745e+01 8.411880988064581288e+00 -2.269662392563981257e+01
1.393014818457209003e+01 3.557318451699757134e+00 -2.008165138614782563e+01
1.746411260250852138e+01 2.428782614391479910e+00 -2.123276327635454663e+01
1.769662677934002204e+01 2.973480602301208364e+00 -2.276442847941143555e+01
1.709850582535182184e+01 7.137675750545270148e+00 -2.660783681555631119e+01
1.831851803175982241e+01 5.004589092386083848e+00 -2.207383133139177289e+01
1.371263014378848766e+01 7.856026246470889873e+00 -2.280997867263624812e+01
1.806137339455938218e+01 4.467924056597837534e+00 -2.548836771179708194e+01
2.266870904534255260e+01 -7.947715027013941835e-01 -2.238373295287459541e+01
1.381780746822175843e+01 5.837544026277555531e+00 -2.366539369194720166e+01
2.050045857678549055e+01 4.580055527225624701e+00 -2.396141796248150513e+01
1.539035285751106130e+01 5.596530530073550835e+00 -2.606627837844376927e+01
1.138952799665764815e+01 1.064004222981128578e+01 -2.896029041136654314e+01
1.882527357041863070e+01 6.609005034562414949e+00 -2.795630413204219167e+01
1.444985814371528932e+01 7.617263693082122700e+00 -2.143118857657577792e+01
1.537555044177213404e+01 1.105322630341737522e+01 -3.333271748569472948e+01
1.382376805819524179e+01 1.124387997137188222e+01 -2.909096747289083851e+01
1.240410936161754307e+01 8.789484350240513777e+00 -2.775741897790965140e+01
1.783295259110104780e+01 4.454067753588958567e+00 -2.246157192699007510e+01
1.382937962675293875e+01 6.025657061499885003e+00 -2.598050942410390007e+01
1.297962896579895187e+01 1.118100583035362661e+01 -2.823393514913175295e+01
1.301485978945515853e+01 9.694025106117521773e+00 -2.703052551362554823e+01
1.385201447551253295e+01 6.980416209739246369e+00 -2.712500475497193975e+01
1.160256764018220110e+01 1.360902741459455001e+01 -3.079299348580019569e+01
1.644326447028015536e+01 1.142747516076371994e+01 -3.279655091129814082e+01
1.486263390741248713e+01 1.028144670770808489e+01 -3.134633258989504156e+01
1.003375574146480176e+01 1.761214929304793486e+01 -3.800147119166348375e+01
1.323776462786258890e+01 1.270124279608592133e+01 -3.091076096161725673e+01
6.889964763162993222e+00 1.373376412409317027e+01 -3.277174553439095916e+01
9.495707463864505371e+00 1.516421862760989825e+01 -3.174438331109166711e+01
6.854763201431183006e+00 1.838061485865489431e+01 -3.100109527957354771e+01
7.659074880610319269e+00 1.959374784396760560e+01 -3.644696839713111558e+01
1.623883780285234479e+01 1.712644524598118778e+01 -3.724010740031673095e+01
1.693080334806188603e+01 1.757964794731498159e+01 -3.569365494631620095e+01
9.609711794661848216e+00 1.685330948442839372e+01 -3.360883277637901756e+01
9.430117325370588333e+00 1.626161892669466624e+01 -3.554435835142601263e+01
8.261887414513807926e+00 2.043909258661864214e+01 -3.598535708256804355e+01
2.182965992140509570e+01 -6.536289329701219231e+00 -1.149711385994055490e+01
1.878117634466605068e+01 -7.617560153357828767e+00 -9.006029644420664226e+00
1.614270193887955429e+01 -5.512515753201796542e-01 -1.084538714885354693e+01
2.219745000467150930e+01 -5.109438637819380347e+00 -1.069359478456243551e+01
1.319420610981990194e+01 -2.099223088716371421e+00 -8.441204839057093068e+00
1.360757716354709146e+01 -5.679502488504681423e+00 -6.082129981670050256e+00
1.828829648834306454e+01 -3.088748508539936211e+00 -1.332137496342079430e+01
1.822554815015769236e+01 -5.839043884998147860e+00 -8.361487486504643130e+00
1.004796083655435268e+01 -1.184326562898263546e+00 -6.893865174949780794e+00
1.511734030290571695e+01 -3.713938124794537998e+00 -5.388250177460434998e+00
1.180658973178495330e+01 -9.298813889429311530e-01 -5.061924982232312686e+00
9.191992165319817332e+00 -2.356406516108251026e+00 -6.248166712383351751e+00
1.537065827477729840e+01 -7.395535193309171973e+00 -1.856657313699230372e+00
1.098734325294708469e+01 2.780240832835829679e-01 -1.196772650286723660e+01
1.040434685774258128e+01 -4.068371018579739484e+00 -5.036494801503579311e+00
1.630730808419335176e+01 -7.302993965366624707e+00 -2.935363837389132868e+00
2.657114092672216543e+00 2.726392044148141736e+00 -5.865632239190638586e+00
8.223195400083071149e+00 -6.184388711384343651e+00 -1.537403099143162422e+00
1.678507650452274902e+01 -6.062132645421513644e+00 -2.703804119837826647e+00
1.745669853288521267e+01 -9.586528493128071204e+00 8.547789744140743551e-01
1.240856761927938123e+01 -3.137383238617672987e+00 -4.838650818462127745e+00
1.327434804725646700e+01 -3.532727326861959227e+00 -3.783595358542413578e+00
9.649544684273536177e+00 -1.617635933440254803e+00 -6.794333213412812711e+00
1.089999763867189131e+01 -1.667646412422897129e+00 -5.121399988528764879e+00
1.079481165618943805e+01 -2.388105103563020748e+00 -8.373821393564952587e+00
1.611915037141375251e+01 -6.871150777556835010e+00 -4.222394022907565159e-01
8.188925610860678717e+00 -1.364606815288453845e+00 -4.824052650009321042e+00
1.027419417016793091e+01 -2.078377108893675995e+00 -4.707374438637828007e+00
1.437142740986169542e+01 -7.653317821365476448e+00 -4.277343257676392341e+00
1.491301494377927384e+01 -5.215672305741577475e+00 -1.908597817040970313e+00
5.417221069098218322e+00 -2.923143014890669633e+00 -2.580768017407081061e+00
1.097259566064673209e+01 -7.508288643967063081e+00 -2.495035841685165678e+00
9.185046770975020536e+00 2.971116792222971981e-01 -6.942855867775250545e+00
1.204988435526817625e+01 -3.211534124185533301e+00 -1.337533982392727694e+00
1.292306355541265361e+01 -5.577069081682452634e+00 -2.828849109487066471e+00
1.470351895752389737e+01 -6.395066419040489336e+00 5.222729186616561492e-01
1.244690154546117355e+01 -2.046797817628799976e+00 -7.218693962956280075e+00
1.221228413281976088e+01 -1.008282155431186311e+01 4.397157429346776780e+00
1.323170356169649153e+01 -5.281781765141374763e+00 -2.190870760385735139e+00
1.392083502067413292e+01 -4.701151058142954753e+00 -5.694578254465625378e+00
8.136647185228397916e+00 -8.346438638790687037e+00 1.407420631804583877e+00
9.008017615315210946e+00 -5.408334082154993894e+00 -2.249801685607053514e-01
1.277743228226535166e+01 -3.691327038662080895e+00 -4.720043130594916647e+00
1.232803927778206798e+01 -4.964031004479920739e+00 -3.233420244582248415e+00
1.490256195367604164e+01 -9.962747658279710095e+00 -1.371966889846703452e+00
1.145641208545549716e+01 -8.283951830470243749e+00 -2.683685698897733118e+00
1.272266624897861220e+01 -8.284882219775624890e+00 1.234799302375250818e+00
1.416229410539176570e+01 -7.880367179904681052e+00 -4.401954481558078669e+00
1.043204105440749885e+01 -6.801696361447625350e+00 2.886764533629005314e+00
5.622276333492635558e+00 -1.984877006497782759e+00 -6.030607000150567387e+00
8.291477391915520911e+00 -2.609963130397119357e+00 -6.033943238087346117e+00
1.396992796347484500e+01 -7.712391541703624398e+00 -2.729327641494393220e+00
1.282261789584192968e+01 -7.572159487059565208e+00 2.587136208536634285e+00
1.406047244954503128e+01 -9.078107848619453080e+00 1.981654035063513675e+00
1.072498379558827253e+01 -6.404586258695985634e+00 4.748339288014449266e-01
6.768065265688811394e+00 -5.381889016495733813e+00 9.867392892163877605e-01
-8.306801343720096042e-01 -4.616693524074276134e+00 -5.060698513589310110e-01
2.025382863560739821e+00 -2.752005298325371996e+00 3.118578456748904770e+00
1.439213461249465809e+00 -3.413148753194926499e+00 5.062878666970441088e+00
7.352461833352691656e+00 -5.640548194098400359e+00 1.421399744743155225e+00
5.149110898003193881e+00 -6.013128177348129100e+00 5.094968324048416264e+00
9.151405739188554378e+00 -7.074187596225726793e+00 4.510782491611834644e+00
8.820332052217327856e+00 -8.551228302718357099e+00 5.822108815434660301e+00
1.195682568076662733e+01 -8.927106951838510440e+00 5.231125641605586907e+00
6.018129997288301780e+00 -9.725963390473026493e+00 7.985114437019362299e+00
2.969407797770813318e-01 -1.192132559106557466e+00 4.303875252864113321e+00
7.743510926884951573e+00 -8.945146481628654556e+00 4.379834948058046962e+00
2.799276565110130122e+00 1.412779821945626679e+00 -9.876237620338450540e-01
3.042482262915292779e+00 -3.672967344155573244e+00 -5.332440055886422670e-02
5.774222756936076451e+00 -4.100331363824167852e+00 5.252330873868515937e-01
6.828108366666100437e+00 -5.147327485669720204e+00 1.142446401560590630e-01
6.259422399349647392e+00 -5.221191115515708248e+00 5.269037669170103300e+00
1.165372262697953687e+01 -8.638551279519873560e+00 8.848186940272597667e+00
-2.803583362487607644e+00 3.361544170487611893e+00 1.405830384444747949e+00
2.643881641475402944e+00 -4.162767683785759232e+00 8.248219153666518366e+00
2.546287278612979321e+00 -8.880504740926937757e+00 6.922155135605009946e+00
-1.722045525944650990e-01 4.152802607119496336e+00 -2.299900422501025332e+00
-3.101294487771745878e+00 2.509187111006383475e+00 1.788776989683441343e+00
2.963757709743475743e+00 -4.732762485968748933e+00 1.208608121330036056e+01
1.226126356386302518e+00 -6.303409757272453895e+00 4.327515612318684646e+00
-6.138223639578654911e-02 -4.132553636148207588e+00 2.306098140863388490e+00
1.087447036887155605e+00 -5.638368593779615523e+00 2.666577537679956755e+00
4.814508911463519780e-01 -6.066463740001955429e+00 5.098362076823003797e+00
-9.449671854076200361e-01 -1.181292965717062771e+00 6.107409557081304285e+00
4.667221799076344269e-01 7.416686587093366256e-01 6.835903042769096771e+00
3.273589099745006337e+00 -4.751344856582960574e+00 3.274782247982642502e+00
4.572188175852794245e+00 -6.402478488083716002e+00 8.334415508200223144e+00
7.500645398782566531e+00 -7.050227144538936841e+00 7.483431455401380106e+00
-2.853518045944667847e+00 -3.055907400298366383e+00 3.777654013828602331e+00
9.675696356738427539e+00 -1.134375375129462782e+01 9.022502699581607999e+00
1.327401864709636925e+01 -1.240016962975818160e+01 6.326307300438884340e+00
9.088746681325616805e-01 6.288333789975553145e-01 2.590973946691201846e+00
7.917358719489143937e+00 -1.046551683175550806e+01 1.022908679619965255e+01
2.155756841799828294e+00 -1.000124521292457480e+01 7.349246572273932188e+00
4.636776214749598779e+00 -7.891866380924966506e+00 5.183482889744496447e+00
-5.043365693360726709e+00 1.840935130305695111e+00 7.892460915943587452e+00
1.086021360533472091e+00 1.616828233439921547e+00 2.752390614558581916e+00
3.699549507719503971e+00 -6.425565505080506057e+00 3.445362964517201476e+00
1.188647719783467949e+00 -5.143319768006453074e+00 6.673560444438280115e-01
1.658964551194173964e+00 -3.212452715291442829e+00 3.663522938738976720e+00
1.864413573523940215e+00 -5.404534973539404596e+00 4.693593075386940150e+00
-3.982982383343269817e-01 -5.820355592536484934e+00 4.319393177921805993e+00
1.506465738323299774e+00 -9.740775049623280779e+00 4.770341144281478485e+00
-1.048359577886799343e+00 -2.546982090862982773e+00 9.760661289398001372e+00
-3.993668239263143960e+00 -1.129113052701256947e+00 9.903485849521544537e+00
-4.477780492265765133e+00 2.613069383029738901e+00 8.541768734694372256e+00
2.716734145977895309e+00 -5.338838445452601889e+00 9.879375082470515324e+00
-1.883648085577373621e+00 2.954514356802654618e+00 8.484818776085987224e-01
1.770309797753753855e+00 -1.918947643609930864e+00 3.487432137020146428e+00
-5.191202741454219449e-01 -7.360524846715087222e+00 1.102981724177278977e+01
-1.054643144690857071e+00 -4.926815158298666120e+00 1.576911930829739106e+01
-5.150488740586439462e+00 9.183765963276471211e-01 1.030371936026934065e+01
1.005644654301022456e+00 -8.731092979726556180e+00 8.800861718922117660e+00
5.717186159766747267e+00 -8.361898000156024580e+00 8.057249138498256968e+00
4.646693286481706764e-01 -6.175615595340715913e+00 1.121109138404224126e+01
1.733698656413480421e-01 -3.202071512273349185e+00 6.853157594240482098e+00
-1.338831771796648695e+00 1.656882931694525496e+00 2.525162513511311602e+00
-2.149148126160497441e+00 -3.205704179601937653e+00 1.154823230308927862e+01
-2.136059837464188149e-01 -1.209103778464225343e+00 1.068331481916342796e+01
7.631473868988791764e-02 -6.839774574445129929e+00 1.610897410394460394e+01
-2.121499665782323518e+00 -4.777357051190264770e+00 9.121081954277698856e+00
-7.552453725371748305e+00 4.201085768849708302e+00 7.521730445129833242e+00
-2.028731350073783801e+00 2.188193530549995103e+00 6.096199963293670976e+00
1.445655671674501264e+00 -5.945921589761042014e+00 1.612421585411007641e+01
-2.757116996927095443e+00 -2.402580110342853459e+00 9.138541270969497532e+00
-5.002122786737345450e+00 5.128281782995429694e-01 6.971367474715933099e+00
-1.157469788150450540e+00 -3.560495472366383751e+00 6.798073248836679738e+00
-8.106550962093876933e-01 -2.318302362812389106e+00 8.397367623033666462e+00
3.586935663313425948e+00 -1.196492279971513994e+01 1.857100602337527562e+01
-6.315616514171381368e+00 2.256906037564107237e+00 9.096468651979876086e+00
1.584516772371102888e+00 -4.250475574679796864e+00 1.116816059471392464e+01
-6.757544455654340254e+00 -2.745458152100695770e+00 1.548108880702193346e+01
3.186995897035529879e+00 -1.077855054617447195e+01 8.870955585603272908e+00
-1.816419385362735284e-01 -4.631185641161380317e+00 1.081839813660128868e+01
-4.257466831812337205e+00 -8.563766496128494055e+00 1.979738454757384147e+01
