4.035870151759036162e+01 -1.320523090166216207e+01 2.733109376268657797e+00
5.023863233398424200e+01 1.987936690747119428e+00 3.007854171748113004e+01
6.357179549292823140e+01 2.160375196570066691e+01 3.029090663994793431e+01
6.473872285096422274e+01 2.197288572829620534e+01 5.667264305833214166e+01
1.504807887791366738e+01 -3.445783245441816689e+01 -2.562229250311247597e+00
8.626361293991067214e+00 -2.066923007259856604e+01 4.824343169936128106e+00
4.046148997982072615e+01 2.133528034525079420e+01 3.479094129700843041e+01
4.806892314770766461e+01 1.160698941326086242e+01 2.676035216568106989e+01
3.709184715102401242e+01 2.960735239139921759e+00 1.468218998218208071e+01
2.219160290901209009e+01 -1.556645117720336202e+01 2.345094938700594867e+01
4.420552705432646690e+01 3.767398248486915691e+01 6.606246774912779074e+01
3.918764380888001142e+01 1.479017649934962719e+01 1.089231486987137032e+01
2.852891662296929098e+01 1.688312334579745766e+01 2.141367520910580424e+01
4.103713651420548558e-02 -1.610760412018589705e+01 2.695436731493373372e+00
8.159863142232097744e-01 -1.675704615730182923e+01 -4.308661019047121954e+00
4.178590376623822067e+01 2.122418209053671490e+01 2.908849879553724804e+01
2.845586364795713052e+01 9.228527061907470852e+00 2.904178490347612751e+01
4.523442265925427819e+01 3.384868957832077285e+01 5.380374887270500039e+01
4.184075636929151187e+01 2.628584967745496215e+01 3.137102702437266544e+01
2.414775327819643280e+01 1.495637253768950359e+01 3.230664662769913775e+01
1.577036250764035685e+01 -1.144749411918610349e+01 8.901000342367524354e-01
5.117987392619193088e+01 2.300652173594960459e+01 3.929953005107222452e+01
4.100281760618690896e+01 3.726435952864090950e+01 2.520083327553334129e+01
5.157718918365935679e+01 4.163148554007193525e+01 2.614856100058545962e+01
3.482657882380169667e+01 2.669333691164844424e+01 3.038381376215676255e+01
3.493035930559042868e+01 3.883837002058220378e+01 3.715141140606124281e+01
2.381161900794177200e+01 5.821047014505325023e+00 2.505826294442783819e+00
5.975927696696385283e+01 5.055471455125734792e+01 3.527911759171001904e+01
5.568118054841363573e+01 3.811647269392506132e+01 4.037288464977757485e+01
2.503306314862243198e+01 1.199640168518862993e+01 2.071238941877390971e+01
3.246106992948818970e+01 1.941280678644602631e+01 2.799472860025736054e+01
-2.357316380711722559e+01 -1.448360708027553301e+01 1.725669775351479984e+01
1.627551749887243204e+01 8.089384265104342830e+00 2.638153290264881434e+00
3.216701519383491359e+01 1.138979533134624944e+01 7.418684066951755085e+00
4.205546851474957748e+01 5.059316567310281698e+01 5.352064633373902325e+01
3.119455618998131285e+01 3.654127845170796718e+01 2.315553144028126553e+01
3.195978278201053513e+01 2.811747477012640672e+01 4.289301378662322861e+01
1.623188132334610145e+01 2.397720682340587928e+01 1.570695658201788092e+01
-7.475881157244501196e+00 -7.285853301209314736e+00 -4.758399881112381991e+00
2.014715889170275886e+01 1.477014815599380881e+01 2.525568388446936297e+01
2.569938254009070988e+01 3.349219246065513289e+01 1.812040134566382221e+01
2.814684238132099381e+01 4.708798152303825191e+01 2.518590422541433327e+01
1.445012395358162394e+01 1.883664640442327709e+01 8.441596345347988972e+00
2.988623713595666231e+01 3.528803181261037025e+01 2.140917155758074841e+01
5.710175535538655822e+01 5.238831550006875659e+01 2.984509392184099852e+01
1.816543450592325826e+01 3.123183901690572384e+01 -6.365372472078888677e+00
3.023604552620463437e+01 3.393705503724868322e+01 2.613874259663128896e+01
1.389588509677838601e+01 2.475853827881960001e+01 3.381668222275702362e+01
2.408539419893213562e+01 3.853274165239531612e+01 2.190202777487684216e+01
7.240294387670302001e+01 6.309862608562667674e+01 5.970428729067462825e+01
2.953972264960907523e+01 4.633617461797348369e+01 3.203881277410096118e+01
1.092355812447021890e+01 5.940470423750230111e+01 3.210882285925708857e+01
4.659786740525305504e+01 4.341026904810860287e+01 2.393729347810040053e+01
1.562583589819632834e+01 2.828995347057616527e+01 -3.069898598376767040e+00
2.197469803797366694e+01 5.273964346101138290e+01 2.202732253419162589e+01
3.961659659358656427e+01 5.513636969479694017e+01 1.929763489448669134e+01
1.258731191202150512e+01 2.550883264783578852e+01 -2.410175699707906460e+00
2.363011065972750657e+01 3.667018856629192669e+01 1.976523897979404865e+00
2.488928031802242913e+01 4.776516827205432492e+01 1.279646044989476650e+00
3.059321529633461978e+01 4.490945155988219994e+01 1.415465454311834037e+01
3.031308798221425604e+01 5.633187025418737903e+01 2.157953129430916306e+01
1.027518236924788653e+01 2.115751638404526602e+01 -1.981233686616769774e+01
3.705944659292845245e+01 5.090868344157524916e+01 2.720898565735251395e+01
5.564617800436553807e+01 5.825547248825341740e+01 2.860897429923988966e+01
5.892161560716976965e+01 6.472637596208960531e+01 1.178465926030048649e+01
1.086509025154964547e+01 2.323043513607990462e+01 -1.056172557063291606e+00
3.406703016064466283e+01 4.728552794942288529e+01 1.644507474140254999e+01
3.846252890051619033e+01 7.041619643070771417e+01 3.316210800718954488e+01
4.644639018982343259e+01 8.523057741900447581e+01 2.612419137955930637e+01
6.755087975010701484e+01 8.743273695605512330e+01 2.474912714651418355e+01
4.800930502218579932e+01 7.260694301299645304e+01 2.523848384632401576e+01
1.035691589011094038e+01 4.398172813702876738e+01 6.098236285715756821e+00
2.366983026864272688e+01 6.129211910680260189e+01 -1.061449689806886454e+01
3.788288516113652804e+01 4.399029206779687229e+01 1.047745809307753007e+01
3.696058350014072857e+01 4.455722602520972941e+01 3.084229812027660955e+01
6.843463889719623694e+01 8.415383290598856547e+01 2.416619399236515164e+01
6.700752452951110172e+01 7.230107233230683050e+01 2.243569623726125428e+01
2.042204245981702115e+01 4.464577868307242170e+01 -1.212078291498073668e+00
4.950570367473483202e+01 7.843006277123458858e+01 3.983016498657343618e+01
3.910046758418911850e+01 5.411193245650520112e+01 1.894362598865518521e+01
1.400613608333515003e+00 3.421902846125294673e+01 5.537050045668365783e-01
3.503725414181644737e+01 6.394425656400017033e+01 1.657670473439975467e+01
5.068324085840686166e+01 6.093752324024217160e+01 2.398348945964153245e+01
2.136893290618172614e+01 6.200962171703213244e+01 -2.125680108370943344e+00
5.046168403602405306e+01 7.293764145002296573e+01 1.380849168079930678e+01
7.143066569073198480e+00 4.808558763478231413e+01 -7.899179355358683097e+00
2.799177297463484138e+01 4.773742754794875509e+01 -2.412986229386933701e+01
4.162182395690615522e+01 5.554159286270169105e+01 -6.097311507326594437e+00
1.946681944471856696e+01 3.539090575845830244e+01 -1.078947466123736376e+01
2.312700691221652960e+01 5.581521520196065467e+01 1.621799035722324334e+01
3.280954541975188476e+01 7.433676761147216894e+01 -8.274982357022963697e+00
6.294765636188822100e+01 9.558988799596863828e+01 4.155601076291713980e+01
4.397610431297289324e+01 6.717545088979431966e+01 1.433938369272300406e+01
4.124311314370152104e+01 7.489272154907575896e+01 7.883806936682049127e+00
1.865403407102712663e+01 5.159271167848419282e+01 -3.036456114191332745e+01
1.450053252965790307e+01 6.074804329879043507e+01 -4.848016423272383690e+00
3.937414383910345350e+01 7.537784935366562422e+01 -6.478387226279664901e-01
9.582148046071779390e+00 7.525718155148842925e+01 -9.948844476921294699e+00
5.357393052592306049e+01 8.546280243564251577e+01 6.379031222784760757e+00
2.727788031506770494e+01 7.546453963628937345e+01 1.160337857634658576e+01
5.461098768267856940e+01 1.041950760594263556e+02 1.565200369404101366e+01
5.095619358999283577e+01 6.886258858689870976e+01 -2.334277775979353464e+01
2.086718706737337925e+01 6.723996860475472204e+01 -6.702127003590248933e+00
3.093411833489062701e+01 8.304777046725848777e+01 1.587367556989283912e+01
6.973236313824327226e+01 1.158492798868119280e+02 3.524642028202379151e+01
3.739273467112116123e+01 2.549853535623105927e+01 2.581093798597089517e+01
3.006644010028639968e+01 7.084050436898451153e+00 1.880742767460333198e+01
3.170115836371905971e+00 2.512186761752900566e+00 2.641950257304119987e+01
2.259031538548242679e+01 2.140018731907730398e+01 5.398211171752927839e+01
5.156282337026118512e+01 3.201031004158426185e+01 4.926896149828144189e+01
2.706437697665069209e+01 2.476147346449283759e+01 2.541506263816643241e+01
7.236638160685288312e+00 -3.289508502380613209e+00 3.151993189824270303e+01
-1.642040212136294031e+01 -3.424285968883600617e+01 -6.505705161531750491e+00
-1.347298340171050768e+01 -7.430354917964223205e+00 2.441168515218782886e+01
-2.129850119176262524e+01 -4.116439424618602061e+01 -6.695643811000991263e+00
4.198343610410029214e+01 3.274407290038288920e+01 4.381801749656710854e+01
2.100715811784039033e+01 1.689705254080445229e+01 5.373857741045549119e+01
2.950624228891842904e+01 2.292944861995238170e+01 3.092471757464113580e+01
-1.008311640139072551e+01 -1.873703157804811781e+00 3.490869261877514873e+01
-4.088279346942954362e+00 3.072791573873473681e+00 2.317148896562798654e+01
-3.650477668863459257e+00 -8.033002688239321287e-01 2.844369447389908601e+01
4.281028166548389891e+01 4.313714903559275626e+01 5.956721278973441258e+01
-2.509830342053078311e+01 2.997936864755502029e+00 1.230545531124380432e+01
3.939218599944297239e+01 2.799550717643160169e+01 5.641236042185801125e+01
-2.083254544952160359e+01 -8.148678374735482066e+00 3.391090839107118882e+01
-4.127115761833920260e+00 1.982009817114385442e+01 6.537780987011501566e+01
1.908920589619083330e+01 4.125760823264045030e+00 5.201845837525524985e+01
8.737063616799787269e-01 3.345876582622361184e+01 5.212642997387888499e+01
-3.297856291064317702e+01 -8.517143792782462697e+00 3.485322015008478047e+01
7.029091628515743650e+00 2.835278648251096456e+01 5.725125631079117738e+01
-3.052142631674564655e+01 -8.211203560879766883e+00 2.051624023901672444e+01
-1.802844087579455845e+01 3.742759040995224495e+00 3.408506561629383214e+01
-2.435366855244865292e+01 5.297938242153804822e+00 3.580849226206532876e+01
-1.361755285948061100e+01 1.089145354611241601e+01 3.732378487455457616e+01
-3.763267436277419620e+01 -1.609064920944456389e+01 3.318542684197791459e+01
-4.196485750600459141e+00 2.620461178135735736e+01 5.146156980725345420e+01
9.523799683306037878e-01 2.939934425325350276e+01 3.030885284123775136e+01
-9.845473607765597990e-01 3.322812436665390123e+01 6.184881490529414805e+01
5.182429822207495818e+00 5.063835858575475868e+01 4.550733762232857771e+01
-1.585985448089536476e+01 2.868607341963138424e+01 4.876596186940014377e+01
-1.729174478936238302e+01 3.297890012481730082e+01 7.736338601705392648e+01
-3.140500609094294759e+01 1.277530529752243638e+01 3.482953141145696918e+01
-3.859895759288974659e+00 2.540458915875387902e+01 5.598222759962800410e+01
-1.982671838512351314e+01 3.719498828587461503e+01 7.166715010581083334e+01
-2.901573460527765747e+01 1.484730937694212116e+01 5.234665006222462580e+01
-4.473249623567699018e+01 -9.408227701143914601e+00 3.555155151847247907e+01
-8.526352795598313605e+00 3.084741980920989590e+01 4.370768205466129075e+01
-2.913175339308668299e+01 -8.121139278184728028e-01 2.719291537893900568e+01
-3.750173058592099551e+01 1.684079273554107203e+01 5.513275980516482377e+01
-2.467132609642249008e+01 1.288232838625117438e+01 4.816708621855877936e+01
-1.529455679662282819e+01 3.505904657447922546e+01 5.799786879264024719e+01
-5.522222952139873087e+01 -7.153043131344020367e+00 3.912083461492193237e+01
-5.702299295455964057e+01 1.476141713843992420e+01 4.081770081576314624e+01
-2.803713475700760682e+00 6.884772469152017038e+01 7.993920401139462228e+01
-5.645559024304520790e+01 2.626879235271144353e+01 6.767767867688144179e+01
-3.537764775897562686e+01 7.470308772320322532e+00 4.376730181728294156e+01
-4.262986174470643164e+01 2.746717406546849816e+01 7.274916665571163321e+01
-3.368087482650207676e+01 2.178169445587309383e+01 6.527732962447680620e+01
-2.306163398940498155e+01 3.139574495637589280e+01 8.283807266993881058e+01
-4.550463237927942828e+01 1.403848310941248201e+01 6.778657619793102640e+01
-4.358033227605164939e+01 2.423467368605042793e+01 6.223985010775663795e+01
-5.927004103457852580e+01 1.877203383844141626e+01 6.053666253226697336e+01
-5.136264115789208518e+01 7.938485623783435585e+00 5.505741330998398553e+01
-1.946220209507532672e+01 4.498955765622008585e+01 9.073085995096380429e+01
-3.807054446349593491e+01 3.619266099259630209e+01 8.672558394946236149e+01
1.488893496313744436e+01 2.549391164207008842e+00 1.016286426554006539e+01
3.231939034906395136e+01 1.024955056077124027e+01 2.354384731799632391e+01
4.551176482818846125e+00 1.447933814427869947e+00 2.328376500400963778e+01
4.178221284364144594e+01 1.599923037389567071e+01 3.065829611682124778e+01
2.680984653105997495e+01 1.182267271449291002e+01 5.078464945057294244e+01
5.047610552272635687e+01 1.081663813641489469e+01 4.354188251469577153e+01
7.097144793844563537e+00 5.903219612566772412e+00 2.278190915423056140e+01
2.641741465028735547e+01 9.998075078312922415e+00 2.512596487686823821e+01
1.889314307289077988e+01 -3.642286480760503764e+00 3.595285107729569063e+01
3.722950021416227173e+01 1.111585444150614421e+01 4.094450994816816092e+01
8.548910526668350940e+00 -9.743125267096274911e+00 3.379800576047136929e+01
-3.571185594465532631e+00 -2.667736931538911449e+01 1.619585115123209107e+01
3.450915829789664713e-01 -3.013158230514227398e+01 -3.177630458504609123e+00
3.521747478020552080e+01 2.620483103702463268e+01 6.325154074182864861e+01
7.362949571353055944e+00 -2.913621733955415039e+01 7.398261117205038317e+00
2.521644386335765375e+01 -7.332140710959265562e+00 3.215395264256994778e+01
1.383559941178646113e+00 -2.952368235128051310e+01 4.726574370461639774e+01
2.568985381756192510e+01 -2.865813960965260776e+01 1.848461562805368885e+01
2.548608630135413478e+01 -3.949526446470372321e+00 2.511389772696111322e+01
4.096380194223047511e+01 -1.268925506103460066e+01 1.861762545130522994e+01
1.425134963145410438e+01 -1.872663169028464836e+01 2.542139535847763909e+01
1.226964554190180934e+01 -1.797498781812601010e+01 2.221233142651999515e+01
5.763280512496748997e+00 -2.236229758872195816e+01 1.229179573493911448e+01
2.217362139504348306e+01 -5.223339652783579368e+00 3.574053294552641091e+01
1.558452809881873691e+01 -1.363568944644885050e+01 3.648214745703717199e+01
4.317213249647193152e+01 1.215953995090467288e+01 3.437442800369399265e+01
1.969434978921071888e+01 -1.572735889687464805e+00 4.516343601433800359e+01
2.184936920223481138e+01 -1.529755530301918043e+01 3.525929546751376620e+01
3.007382639114348422e+01 -1.220649977450466395e+01 2.576230614601627167e+01
3.219111141757730365e+01 -2.958205072332475538e+00 3.761460052562688361e+01
-2.158374987564366165e+01 -5.986480361900521530e+01 -3.797984460288716946e+00
-9.717979145815206721e+00 -5.080988243653428071e+01 -1.897606286841664769e+01
7.191377597723658255e+00 -1.208672889057925204e+01 3.842671315354891703e+01
1.905940172903592611e+01 -2.181066845919076513e+01 3.276337444604723714e+01
2.457614538012194316e+01 -6.065267392478290276e+00 3.188957941091393877e+01
2.385603885863929463e+00 -3.292442736382326984e+01 -3.591626681451543845e+00
-3.619620291642604570e+00 -2.523068738296706215e+01 1.926217297204175338e+01
5.491049961095814069e+01 3.626224741328769596e-01 3.566942822801865987e+01
-7.577341313610759244e+00 -3.474373036647875779e+01 3.538855258693729411e-02
-3.151783121221797046e+00 -2.575351737519258677e+01 1.630915836383655915e+01
8.733021936565819487e+00 -4.625434590937675239e+01 2.695035964980888821e+00
-1.709055373287719704e+01 -4.634483451720552694e+01 -1.618985557653104479e+01
1.528014403170027435e+01 -1.539691112575155785e+01 2.113800444000708012e+01
4.376974523204216894e+01 5.647905935855305870e+00 4.249508569866429752e+01
2.038419331354816677e+01 -1.909063946529886380e+01 1.035334821599371935e+01
2.786779329471210076e+01 -1.937170681137467909e+01 2.421621970258638612e+01
2.156064812691420229e+01 -3.411213876897818409e+01 1.184534280456409761e+01
1.270365979789448829e+01 -1.254577127673519499e+01 2.286692266114414451e+01
4.822966067870493134e+01 -2.815414151543609478e+01 1.822467610227613477e+01
1.917178113790123462e+01 -1.033915485133002221e+01 4.303340763782671274e+01
9.551985632887408428e+00 -3.557554292827535392e+01 2.363478848720933456e+01
4.903702384834105032e+01 5.348674819596908492e+00 3.670226251223266445e+01
2.078921883952625649e+01 -2.419399882515790523e+01 1.254371787789250448e+01
4.066398286308003662e+01 -7.347311871388228610e+00 2.276786427249999178e+01
2.870882860348228860e+01 -1.876944675483355240e+01 2.914305145365688077e+01
-1.076360001827561064e+01 -5.765553710519634478e+01 -3.861683485250068770e+00
3.125913922568906855e+01 -2.174861704230443138e+01 5.662283953883343202e+01
3.505694783780108992e+01 -2.049086138500297238e+01 4.991221555828633427e+01
9.864021495991437405e+00 -5.584460712349027744e+01 1.273602446303357283e+01
2.876204392853378522e+01 -1.393176050671900157e+01 2.609623897647270496e+01
4.110888396414156887e+01 -2.012006484086487035e+01 2.756739570711761189e+01
2.042480268851250003e+01 -2.759070324885124137e+01 1.518801804742452077e+01
4.936506892517718370e+01 -7.030212616973585682e+00 3.443833548270231404e+01
2.272632342525685090e+01 -3.772423753695238702e+01 -7.680517219059765921e+00
2.285869113621720317e+01 -4.682198993433939904e+01 7.508835946284307283e+00
2.648381326894468657e+01 -5.393994501560609933e+01 1.676969942825144244e+01
4.362789635915942199e+01 -2.204291386486602278e+01 3.146844677646822674e+01
4.345292222638090607e+01 1.656452130709021731e+01 6.844414168668845377e+01
2.895702637218437303e+01 -1.205827599175972864e+01 4.786344022787579888e+01
2.297694822738958464e+01 -1.357290972102600790e+01 2.843659068184297212e+01
3.030181588751111121e+01 -1.676117950768548326e+01 4.031951755548107030e+01
8.861460303030617069e+01 3.057948727729399252e+01 8.310833473300499463e+01
3.846302976650895289e+01 -1.892091398732372909e+01 1.654788234352145082e+01
2.343245904648756550e+01 -2.936713441736264940e+01 4.699828129167235602e+01
4.913116666276437172e+01 -3.046715567702813132e+01 3.932969655114447960e+01
2.141097507600352401e+01 -4.186202592979861947e+01 5.342358258025342366e+00
6.228565536069254449e+00 -4.138354852691827546e+01 3.496388467974520609e+01
2.801419402594365238e+01 -1.800068841196298308e+01 6.043108199615653575e+01
2.889413125078408484e+01 -5.112518147966511606e+01 2.226640780587604240e+01
4.689533852732256491e+01 -1.999234190198967553e+01 3.949058411894111487e+01
2.769145312783712143e+01 -3.497031611238890036e+01 3.633210461779071920e+01
-9.779523125025662011e-01 -6.418551715850207984e+01 1.044632977936907992e+01
2.599472249304471916e+01 -3.850659850569354603e+01 2.607835061362311535e+01
4.266066144531032478e+01 -1.101322607638940099e+01 5.284798761032925540e+01
1.502029611274338095e-01 -4.927162702117311710e+01 2.095999179456794081e+01
3.368334797082388832e+01 -1.813391455300643429e+01 3.295649342061187781e+01
4.582825745031459519e+01 -2.115365300774283241e+01 4.137997917973734729e+01
4.341815104462057207e+01 -1.860528887487635075e+01 3.376313281299007940e+01
2.651004317279148381e+01 -3.701305540602788824e+01 4.034178918210727716e+01
4.059054569631371123e+01 -3.902915211052913946e+01 3.229726475171446509e+00
4.507781934625472786e+01 -3.492492847378753140e+01 -8.865509714208656078e+00
1.196571627176672337e+01 -4.156934171038574277e+01 3.542724888371503766e+01
2.674142440117157093e+01 -5.048960471835835051e+01 5.084755848665736266e-01
3.602382415918054903e+01 -3.562276223148637655e+01 3.057451469934767374e+01
4.732642504363593616e+01 -2.076521956582564599e+01 3.387470614382345957e+01
1.004249854723093449e+01 -5.585132541956772911e+01 3.294593467740742199e+01
1.320451858651813382e+01 -2.593472714597555751e+01 4.349064056560382596e+01
1.841326093966199551e+01 -2.472100410803341219e+01 2.620723384605480533e+01
3.303467735377944337e+01 -2.873788382854490919e+01 4.099199777424655622e+01
1.517085247957402316e+01 -4.909438013425733516e+01 2.995762309792371525e+01
4.705141933311097091e+01 -1.755626105679311877e+01 5.038514129771556327e+01
1.261995099758314609e+01 -5.258250023112213967e+01 4.252669623829206103e+00
3.515994951204538665e+01 -3.613175045142270392e+01 2.661816356728922983e+01
2.635410716817841603e+01 -4.174389126814367046e+01 3.994742429632697167e+01
4.668685871761772432e+01 -1.724004777188565640e+01 5.026781949974065355e+01
2.989789212553660036e+00 -6.393758162917765731e+01 2.938437739181063080e+01
2.994726506103870634e+01 -5.298285900482369470e+01 2.923900138494173007e+01
1.993665680476624402e+00 -4.206422934599504515e+01 4.629543076219306386e+01
3.104225357963969145e+01 -3.855281940287932230e+01 3.955642437042843085e+01
5.520246694549041422e+01 -2.466096853034196101e+01 3.761227668186620576e+01
5.133442975911202666e+01 -3.621178723620050732e+01 4.168960037455781276e+01
2.075046185773317120e+00 -7.068995407355214411e+01 2.741070848778508662e+01
5.192419771603726986e+01 -3.034946124824728031e+01 3.273903015092309943e+01
6.114444617373192159e+01 -7.338029057347739581e+00 5.656138287285466504e+01
2.000558726577946800e+01 -5.670131827601471741e+01 2.239371682384080486e+01
5.195957579254263692e+01 -1.820491364755889663e+01 4.846114139469773363e+01
2.398856520439221640e+01 -3.223573215007854742e+01 5.624514376123806869e+01
3.383015537204119028e+01 -5.149032911389440414e+01 3.396256059005554562e+01
3.270558882913883281e+01 -4.658273169510539446e+01 3.682572205080214189e+01
4.906666418995519052e+01 -3.313224405291566654e+01 4.369609241187026782e+01
2.934430773820713512e+01 -4.656635899160028202e+01 3.119278746623876941e+01
1.999827988026481762e+01 -3.915637854992928624e+01 6.202247432651711279e+01
3.777943953708836489e+01 -2.452137231123469974e+01 6.387473797341954196e+01
3.849723296212778223e+01 -6.387008254975444288e+01 2.901209740870308451e+01
2.028335837529266428e+01 -5.955667924855879392e+01 2.564595515514065482e+01
4.465764415566809475e+00 -5.648628321009528008e+01 3.318317250440304633e+01
1.284100790444699669e+01 -5.971149149626853614e+01 2.509480760291080514e+01
2.431375487142122438e+01 -3.099950707276184403e+01 3.401690394786146499e+01
7.651760765247763629e+01 -3.642447733993321890e+01 3.471184993358110660e+01
1.218657198638175032e+01 -5.333138634301030834e+01 3.279532369783737522e+01
1.985722027353676822e+01 -5.794732748854221427e+01 1.347050411654709023e+01
3.621788958265460678e+01 -5.315566326100451988e+01 4.214137036739884934e+01
4.780708251396845299e+01 -2.489899104327741952e+01 1.802321697866227623e+01
2.796447197126599349e+01 -5.389373978677122068e+01 3.800868627741783712e+01
6.375099496492657636e+01 -3.779575611917789502e+01 4.410594386174307147e+01
