-7.891779980639626046e+00 1.042300710812828868e+01 1.538311001405203626e+01
-9.386863540708020537e+00 1.028696634137554611e+01 1.219847887870761838e+01
-1.078224708054544578e+01 9.727642232117858612e+00 1.365610265504611220e+01
-5.740953495588556166e+00 5.952635228580035687e+00 9.331839339506572628e+00
-9.892311213666687308e+00 8.038988126313824978e+00 1.209985136315002308e+01
-1.086946071899632216e+01 8.943070115655558538e+00 1.069094379292222641e+01
-1.432806411797102442e+01 1.028298466695309799e+01 7.464656157258247049e+00
-1.438446064012097736e+01 1.173805100432775816e+01 1.268722752364820394e+01
-1.393347938001610942e+01 9.126602713894328645e+00 1.065529911334050439e+01
-9.770889602613976876e+00 8.346854190950921293e+00 4.943815034051624480e+00
-1.526338346964303128e+01 8.796764482080192238e+00 4.084881970957212616e+00
-1.808361627203504440e+01 1.649940853601162871e+01 1.524300477827478062e+01
-1.894663780422160926e+01 1.207963444883836246e+01 9.978051010627268624e+00
-1.666109360926725458e+01 1.137984195111573626e+01 5.726720990413951995e+00
-1.828869529804228478e+01 1.257032784530923664e+01 8.419299372326207731e+00
-1.856341141418860730e+01 1.393041916483701925e+01 1.209166619549512234e+01
-1.588834737649702333e+01 1.188487837566097483e+01 1.080826999581711334e+01
-2.005095808626424514e+01 1.265380108391016734e+01 3.505028557795924371e+00
-1.970021098523525893e+01 1.591635755334206692e+01 1.333973206198515982e+01
-1.864248191878144212e+01 1.224972196616079145e+01 7.581813589054036129e+00
-2.106500608427020893e+01 1.503657172763789163e+01 1.167857261803928282e+01
-1.969532493172098953e+01 1.332456710062686511e+01 9.491914969055130769e+00
-2.289830919303329893e+01 1.819397584004207147e+01 1.289978963585849669e+01
-2.760162023856406677e+01 1.977844556684965482e+01 1.243810397382571864e+01
-2.366339994896412691e+01 1.476347929866966524e+01 9.100225438066843253e+00
-2.158554794947792743e+01 1.475781313225274971e+01 9.869391884651150804e+00
-1.960023584930627294e+01 1.565550936486778255e+01 1.380539778851473898e+01
-2.512739676320006765e+01 1.957633740199020167e+01 1.746487780829073699e+01
-2.315452751479392646e+01 1.626989833674855390e+01 1.643022896612507111e+01
-1.946448444107332421e+01 1.478556910646869937e+01 1.063946935713386210e+01
-2.315206019146410199e+01 1.747330007784569261e+01 1.181913508945552849e+01
-2.007071413203004795e+01 1.105001949244470438e+01 -4.520407101294949825e-01
-2.519485601046682177e+01 1.627450400869162195e+01 9.805505802957213746e+00
-1.759370479975621038e+01 1.417971832013861899e+01 1.173146973321505016e+01
-2.714923681637526443e+01 1.713843589601685835e+01 7.566716920515489164e+00
-2.840755519171858623e+01 1.621067396718416376e+01 9.506557066623884111e+00
-2.519293824194056697e+01 1.609660973429760134e+01 8.309962412128811593e+00
-2.665316641627384797e+01 1.699248504918125491e+01 7.858786298839959272e+00
-2.590681369180589400e+01 1.744033316808639711e+01 3.814787123946871361e+00
-2.360911737050804504e+01 1.215501565083161495e+01 7.034379187648823972e+00
-3.105251014365046558e+01 1.831202544312282043e+01 1.029071587034775348e+01
-2.998374908619547341e+01 1.801169223571474731e+01 7.270878334592623560e+00
-2.481432674635055946e+01 1.899760894235464548e+01 1.276989299406056944e+01
-2.961194920859128388e+01 1.703186633432625285e+01 8.627109339670482768e+00
-2.596714943793813291e+01 1.779308991298660203e+01 1.416396034303414808e+01
-3.621442808520572498e+01 2.392831815784290939e+01 1.696669868783226320e+01
-2.631394702246666384e+01 1.638128736905633787e+01 7.292751202700230806e+00
-2.580119372665762967e+01 1.518150005125613689e+01 4.513490091374023905e+00
-2.933409137675170086e+01 1.870235991494104155e+01 7.545217773211902568e+00
-2.472232605877684364e+01 1.735312392863625064e+01 8.831876031921694903e+00
-3.001359872471522294e+01 1.996410178413145786e+01 6.446180868056615054e+00
-3.690672089105515852e+01 1.776198808738530488e+01 5.266642428462205316e+00
-3.112353118458406698e+01 1.945602433705903422e+01 1.415558924481246095e+01
-3.378208505316371202e+01 2.233116864926023482e+01 1.297385001390074422e+01
-3.307602792858187968e+01 1.805345887314047104e+01 9.452526770722670335e+00
-3.538322600462043965e+01 2.259749766143391980e+01 1.566860888881444680e+01
-3.085107144703516724e+01 2.287020022179439138e+01 1.366560692872405980e+01
-3.180842598711632263e+01 1.897742724191311936e+01 9.795568802383741058e+00
-3.700343243924578474e+01 2.521893149479234353e+01 1.735660601343573717e+01
-3.397952464956381391e+01 2.287053518970344612e+01 1.433586140530655939e+01
-3.636738461433293423e+01 2.316386037209190363e+01 1.069043429715247839e+01
-3.054236276791567661e+01 2.166088180400839747e+01 1.493810913997054968e+01
-2.980226530506763538e+01 1.986196020723781430e+01 1.012038561711193552e+01
-3.165258853319488708e+01 2.176755672769263583e+01 1.606357209803650221e+01
-3.600153052638501094e+01 2.427843564978729773e+01 1.601749528010083168e+01
-3.465692791839882148e+01 2.161571563986166211e+01 1.005987696669217257e+01
-3.568262317171564746e+01 2.235696635918975517e+01 1.480821463615984612e+01
-3.866432808077826166e+01 2.411334700599735470e+01 1.278652710057042441e+01
-4.130311983998092273e+01 2.622624576930883222e+01 1.477588017233404116e+01
-3.889307075230823330e+01 2.632865838649928492e+01 1.768508837308189641e+01
-3.751172350923076237e+01 2.600827083762612801e+01 1.604762454445454978e+01
-3.475153698601394581e+01 2.313271135906501286e+01 1.041653031716742817e+01
-4.219772716636646237e+01 3.140152859811371400e+01 2.081577024252851515e+01
-3.626227083687257391e+01 2.443621660971621168e+01 1.496965584620653544e+01
-3.243674889615357415e+01 2.164424229120572818e+01 1.142401988285303105e+01
-3.505726618693853425e+01 2.777507928481662702e+01 2.099919253689580501e+01
-3.632890498542928981e+01 2.401919550225278499e+01 1.463096481041469588e+01
-3.854738546458753490e+01 2.471929213879644749e+01 1.451752872713512943e+01
-3.958551087995010676e+01 2.600263920853484478e+01 1.407936432975378693e+01
-3.713995800518063106e+01 2.389719375568193982e+01 1.344343083558959506e+01
-3.823456597365361631e+01 2.402499664966165938e+01 7.958104622183213905e+00
-3.908901962586514856e+01 2.403905909047546174e+01 1.420170230057868821e+01
-3.685832865221289012e+01 2.687333907426506130e+01 1.827172097732704970e+01
-4.389451483848051794e+01 2.605812622420722846e+01 1.220857814877848568e+01
-4.369585601449932710e+01 2.827604685822046804e+01 1.841669015716740887e+01
-4.336405454335556442e+01 2.829699928920729235e+01 1.576326769802068384e+01
-4.035429794466904241e+01 2.667066346114870612e+01 2.149184838529043873e+01
-4.040300131414460338e+01 2.951074757164275297e+01 2.402519644790783104e+01
-3.532376293808209766e+01 2.398672954360557696e+01 1.450189092074913333e+01
-4.125701797348006039e+01 2.567664389384822243e+01 8.976395842840190653e+00
-4.681130401748168879e+01 3.164013873325404802e+01 1.832530118626357307e+01
-4.241570344372337331e+01 2.746190781835616690e+01 1.688279140561701297e+01
-3.774563015154922141e+01 2.421335412186380154e+01 1.097375347470961060e+01
-4.586771165095626657e+01 2.928011506845552958e+01 1.884021417948599719e+01
-4.699155165603485784e+01 3.245917909466481888e+01 2.327723394023047376e+01
-4.418597524553263156e+01 2.851055404271613725e+01 1.187963179175164896e+01
-4.329756406231149413e+01 2.652594199220374094e+01 1.673037593952182078e+01
-4.851559327259201382e+01 3.180979081062105251e+01 1.605275425675063161e+01
-4.800797724189737892e+01 3.059130822822260143e+01 1.848435124031300347e+01
-4.944517695590377571e+01 3.079130998345669923e+01 1.197682612325365881e+01
-4.935724369014826607e+01 3.226615902069841013e+01 1.976003439936664563e+01
-5.105562443989936128e+01 3.481609637135136381e+01 2.539185191346496140e+01
-4.981709603354556748e+01 3.189383955439620877e+01 1.527067542453983151e+01
-4.817903062225775557e+01 2.655615113042392750e+01 8.485948343293443941e+00
-5.183478353328450794e+01 3.182032530676303850e+01 1.763438583068477783e+01
-1.987206755531946101e+01 1.018476442436929119e+01 6.009618229455981009e+00
-1.526423888053764699e+01 1.234049152707120811e+01 1.019007545714157459e+01
-1.808320278827793004e+01 1.111111962899306604e+01 2.376459639692342307e+00
-1.649889360397153837e+01 6.365942278360421369e+00 2.165175216204318076e+00
-1.834277211428155852e+01 1.265590903116884647e+01 8.145509332173645589e+00
-2.281565904148709478e+01 1.249026342777440846e+01 6.952545543922298066e+00
-1.658179192540447389e+01 7.356414470422834029e+00 -1.220263074068526521e+00
-1.793190337431971670e+01 1.042641913122238861e+01 4.709404022502752696e+00
-2.071936842475048479e+01 9.201790201693540894e+00 -1.102674528804300280e+00
-1.607624760901478567e+01 9.502318820535947452e+00 2.100501121020641904e+00
-2.168930178349330617e+01 1.489034150089946706e+01 5.909278279429656777e+00
-1.748595118584833585e+01 8.904302264838065639e+00 2.410980065851589416e+00
-1.670783913682313937e+01 1.211539260130433604e+01 5.537924205348815576e+00
-1.831149589626033958e+01 9.412654475582570512e+00 -3.358449118799882172e+00
-2.216845782971290646e+01 1.148206429553800945e+01 8.536791628051787484e-01
-1.907920231740547479e+01 6.252515174475348658e+00 -6.713667905773746725e+00
-1.973498290456939230e+01 1.108309245268179666e+01 3.071275487426902373e+00
-2.324480255562644970e+01 1.193943769992515058e+01 -1.928543502304250978e+00
-1.872471197481200988e+01 8.857992319714043106e+00 -2.200227048158808429e+00
-1.811904321685366881e+01 6.959505111666231869e+00 -8.583059262142739954e+00
-2.082513692046285314e+01 7.831450792149610152e+00 -9.634842244198921435e+00
-1.325914360215006127e+01 8.105426194687282759e+00 -3.023049186917546649e+00
-2.626130249138674344e+01 1.297185030860617871e+01 -5.733809492291470633e+00
-2.158515671502607347e+01 9.415654636028193636e+00 -1.149066193408776826e+01
-2.135878379882672107e+01 7.459500228231064511e+00 -7.207014193667987456e+00
-2.579657095102868425e+01 1.072176553632868945e+01 -7.298307856743008415e+00
-2.664472796716341918e+01 1.178840499641279393e+01 -8.363918901254749017e+00
-2.777678547873421167e+01 9.168772041874660772e+00 -1.173568523308478007e+01
-2.567752427013522265e+01 1.041943026085266411e+01 -8.872003659590347979e+00
-2.366782038292205925e+01 6.940625296066542660e+00 -1.269141593783859889e+01
-2.755438263315545555e+01 1.224375472622710959e+01 -8.915408711186501023e+00
-2.677234305805916392e+01 1.382693299306237122e+01 -1.373681637110109932e+00
-2.248095296298441781e+01 8.269917676030956954e+00 -1.255469810700776634e+01
-2.694061687665822546e+01 1.106267278160572687e+01 -8.077603785199926278e+00
-2.766795873124857508e+01 8.118285918825449698e+00 -1.201335367454601055e+01
-2.615751938357391282e+01 6.303755319836596982e+00 -1.940569794328155240e+01
-3.144838730509178504e+01 8.481524838149937295e+00 -1.334830283351010394e+01
-2.295986888872619147e+01 9.093707765774666996e+00 -1.164738578904598398e+01
-3.184035386053523098e+01 1.011399638158007974e+01 -1.836642656365955872e+01
-2.712545825592394522e+01 7.685423071866750888e+00 -1.622887064308741856e+01
-2.612422358975538828e+01 7.772683409706871771e+00 -1.561156345254261169e+01
-2.611064769260667617e+01 1.186973369711199666e+01 -7.397619220183173638e+00
-2.641943276141415708e+01 7.246644218574829210e+00 -1.321569562982068646e+01
-2.671119351781595697e+01 7.149948148468865838e+00 -1.673024196652636419e+01
-2.595303259872559920e+01 8.291109347071483171e+00 -1.471289747871486497e+01
-2.881185621551617260e+01 9.400355648059701252e+00 -1.339840455371796679e+01
-2.794952235353468950e+01 7.450790158773372696e+00 -2.020771796891028771e+01
-3.213567903778715618e+01 1.170438731482221328e+01 -1.747917729450216484e+01
-3.173847985211807554e+01 7.554340242270541239e+00 -1.775979882706269564e+01
-3.281101012700298725e+01 6.933000655667569845e+00 -2.756261726259145917e+01
-2.806016833286253132e+01 8.633921078224773282e+00 -1.887278144089651732e+01
-2.584510879586366627e+01 4.900953629547529999e+00 -2.465062608811876999e+01
-2.665761443116895180e+01 8.128730780501257414e+00 -2.310802571142994566e+01
-2.485631674610340269e+01 5.339433603316138033e+00 -2.648865813740928843e+01
-3.039931632622341340e+01 6.160721432080549675e+00 -2.878027411054364393e+01
-3.448904285821640769e+01 1.066002583916792901e+01 -2.359501499980075323e+01
-3.333530139542250481e+01 1.142742269121686149e+01 -2.320535329608998154e+01
-2.778823525601882238e+01 6.715357582533670211e+00 -2.432773565518169789e+01
-3.198633087287106491e+01 7.433056474352213172e+00 -2.572351717796277626e+01
-3.026210071633136067e+01 6.399352688691692492e+00 -2.870842917442712405e+01
-1.985276170052830480e+01 1.509840860416304054e+01 7.178317729126860058e+00
-1.749335550232441960e+01 1.173140597179414613e+01 8.845530081275768453e+00
-1.782893221225847924e+01 1.044974513874700506e+01 1.496510528008741403e+00
-1.887629665994421657e+01 1.472015542219364193e+01 6.996474269784982880e+00
-1.374563644236729942e+01 8.726724408691239887e+00 1.791431747769536287e+00
-1.394827491288017995e+01 8.927621069391022957e+00 4.612788742159040112e+00
-2.053166000917900647e+01 9.190365284494475873e+00 2.139403774629442978e+00
-1.572289533248405746e+01 1.083496658015613434e+01 7.053305996698043145e+00
-1.047144606082100893e+01 6.497608497553343909e+00 2.525533079181272456e+00
-1.215451813636599354e+01 8.873812337780350390e+00 6.979248594490314872e+00
-1.061050359427156309e+01 7.686631088457616556e+00 4.308077804108535247e+00
-1.074661851299330806e+01 5.373920450954528860e+00 2.155057495828359038e+00
-8.252878731077387897e+00 1.011235424359148283e+01 1.029514919964579178e+01
-1.367982108938113583e+01 6.900261248093670474e+00 -2.043808552381619847e+00
-9.507456555040107560e+00 6.687501779222372988e+00 5.172153981262084699e+00
-1.124153430815186994e+01 1.062985908064024443e+01 1.046114370977041119e+01
-3.833045470495036966e+00 1.799747960415437831e+00 -4.280908932806696043e+00
-5.540680832881747619e+00 5.079361674556366779e+00 8.099737777203920075e+00
-1.111053607726759651e+01 9.211065182838211740e+00 9.493353266925907974e+00
-8.987131180314236190e+00 9.846630624889556316e+00 1.243615183597857765e+01
-9.260866360631126781e+00 7.507437269966104054e+00 4.359632722743867816e+00
-1.132916237007444238e+01 7.751785676288676541e+00 4.740674725622298524e+00
-8.143944451282976615e+00 6.601595623054436146e+00 2.393331005750013674e+00
-1.012105347896920193e+01 6.240326522088608385e+00 3.542281625266980427e+00
-1.299495475884242524e+01 4.984029948686583111e+00 1.265976002963384417e+00
-9.514245526443417589e+00 8.848842891766651064e+00 1.178245981703757650e+01
-7.169400219855191381e+00 4.982388642931283584e+00 2.274002671115809449e+00
-7.979640550105543184e+00 5.591121595135987832e+00 1.620615488343005950e+00
-1.016105035273903923e+01 9.683649474649740796e+00 9.324867090989130247e+00
-9.319512143137330895e+00 9.370428621383155132e+00 7.516381722070974547e+00
-5.701262222074461761e+00 1.927041651221095719e+00 1.881486391797743352e+00
-9.280953748048645480e+00 7.134453111653087376e+00 7.781302330592694716e+00
-1.153370780155924535e+01 4.735407138475892452e+00 1.028283015770739439e+00
-7.523420271509550616e+00 8.478041030333358208e+00 8.217005867627847238e+00
-9.404431821769378530e+00 9.099444144863014117e+00 7.949131644057899848e+00
-9.846379362775920185e+00 7.911169648995183934e+00 1.042050089851912276e+01
-1.118134131120496022e+01 8.288971822480789342e+00 4.294176651876085771e+00
-3.688816465877039263e+00 8.252240389797933062e+00 1.394175520267940627e+01
-8.501674113081051587e+00 7.366496815705716017e+00 6.787122751939861587e+00
-1.162128660223294219e+01 9.267075646571498737e+00 6.589428140801089739e+00
-5.575446974354690610e+00 4.255009698909276494e+00 8.412680290166491659e+00
-7.542074042245722865e+00 3.952310302165088274e+00 8.168413422796000134e+00
-8.696026172416253530e+00 6.937177403863088898e+00 5.643405754634628124e+00
-9.174453555397093396e+00 6.890416525356897637e+00 7.425879414799311462e+00
-1.079326311409938910e+01 7.782760861281715847e+00 1.059579192123555913e+01
-7.973956350442605867e+00 5.965116413968402753e+00 8.776163473866702702e+00
-5.954270269065318644e+00 8.091007818699779364e+00 1.336282215758400582e+01
-1.009966759093777000e+01 9.773397100256630665e+00 9.220049889683039623e+00
-3.913781271488254276e+00 4.822526405358608770e+00 1.204169397274041842e+01
-9.083622358801704877e+00 2.175971916781577420e+00 -1.458399309797471233e-01
-7.764034792827487763e+00 5.442725563051965310e+00 9.563536314263103577e-01
-1.022016145960367339e+01 7.961872247120169277e+00 8.106503680044895077e+00
-4.526576366222634817e+00 7.787123919279792972e+00 1.370423122842672825e+01
-6.091254178502239824e+00 7.919829978736785847e+00 1.221442247247632906e+01
-6.396140618819899260e+00 4.499775865191125490e+00 6.662923318419998964e+00
-3.471371701256067865e+00 2.469932513453926504e+00 6.101995201411078540e+00
-1.617823203550846856e+00 -9.203744250675307548e-01 6.898273733391899754e-01
-1.178126144565440292e+00 8.942583418985792232e-01 4.174917394329598963e+00
2.641106201359406214e+00 -1.234498915678763353e-01 5.195307702992515431e+00
-2.684927012571797889e+00 4.623904924757439971e+00 6.066755338028990252e+00
1.368669276197566731e+00 3.667939590988282816e+00 9.408843792915000392e+00
-2.471030266670677378e+00 6.100941517883207155e+00 1.207288198282057401e+01
-1.932513147092244310e+00 6.881802800851616553e+00 1.284673609377785120e+01
-4.497799486118758239e+00 8.107079090838197999e+00 1.419947279523180228e+01
2.236843083844622271e+00 4.200586492071569644e+00 1.323212073462455862e+01
3.105224272716075262e+00 6.342798742930781941e-01 4.812588561008553256e+00
-1.841003876414479379e+00 6.191416454832520344e+00 1.365581983942430178e+01
-1.695736988393150568e+00 1.113326936728885386e+00 1.060114003892124401e+00
-7.234916203100034693e-01 1.590353971995597249e+00 3.614409231377564424e+00
-4.077377346736334118e+00 1.636726033030356575e+00 4.803587510426243767e+00
-4.926767192989068178e+00 3.721350132791798160e+00 6.946739061198929477e+00
-3.191360926494484218e-01 4.470909761638392155e+00 1.160366216512593596e+01
-1.357196006592250370e+00 7.254005898922805784e+00 1.643786909225280013e+01
2.326189711307637964e+00 -1.750276338400340137e+00 -2.203890681783633454e+00
5.232885708874086106e+00 2.214720057470174197e+00 7.409416211114027817e+00
8.959880737632346381e-01 1.339498320100942053e+00 1.107330976463226335e+01
-1.352186856143049454e+00 1.301320152400784025e+00 -3.398377197709081088e+00
4.373198671021889083e+00 -1.267187419977062746e+00 -8.071267345315575881e-01
7.863357347320174995e+00 9.874110084092393436e-01 1.212381099361924441e+01
1.733672421661218266e+00 1.071414214434918577e+00 7.288808251565903618e+00
-3.083110027668247710e-01 -9.531370971699573147e-01 3.319979493638726353e+00
1.537106591287685120e+00 -1.848806534351338016e+00 4.048674914112233125e+00
9.194861698395442318e-01 -2.063194614089887580e+00 5.954402991307716775e+00
6.543805258489896914e+00 4.678389496544781423e-01 6.840429007453863619e+00
3.826715079762671223e+00 -3.404226979278242027e-01 3.590446594315885420e+00
-6.825937573427562910e-01 1.617971840993355670e+00 7.157330336754121447e+00
1.239351722771694142e+00 8.570888431543437491e-01 9.168983672810753660e+00
2.140585314993540322e+00 4.688551030620216054e+00 1.099957554839711094e+01
6.910420786647001989e+00 -1.507020116051620562e+00 3.023143391412638437e+00
-1.287514328313704493e+00 5.991383679516683713e+00 1.527046318975873440e+01
-2.102152404019335563e+00 6.870866298389742610e+00 1.942998940636184813e+01
2.896655465709461197e+00 1.038024321805263384e+00 3.553397745282497411e+00
1.508377273876480018e+00 4.611260670934019146e+00 1.646757604187784807e+01
2.694961117506082360e+00 1.610690416727322827e-02 8.946996633813952826e+00
1.299426386256175903e+00 2.125676978364384517e+00 7.802141619945100359e+00
1.001981017184243683e+01 -8.834159747740812918e-01 1.654726767414658184e+00
9.208996037441679050e-01 7.606224253589690676e-01 1.393111665671241894e+00
-1.066181782853906412e+00 2.868269337006683628e+00 6.981213143055218673e+00
3.543300898945673794e-01 -4.528141977571547017e-01 3.258807863962978502e+00
7.595830182099874150e-01 1.494931755414552033e+00 5.696237897619180757e+00
7.181684089835371765e-01 1.146781827557262545e+00 7.189014216121698553e+00
9.903834210460402687e-01 4.060135457102376222e-03 6.576328721217286954e+00
1.157342553158549947e+00 -9.638798145768099346e-01 7.059191262660206689e+00
7.475639159575720782e+00 9.020048771365196671e-02 7.724415309784461670e+00
9.707227798610546188e+00 -2.446343729386910582e+00 5.072040402175332474e+00
8.770983910299960939e+00 -1.428845410832167317e+00 2.436047433372053206e+00
5.564843736813173791e+00 -1.840180101249870859e-01 1.071747019638458198e+01
3.253450248132896405e+00 1.859338696152821768e+00 -7.009568890798192342e-01
4.003804182153043456e+00 1.793630748876680059e+00 4.886573443263166894e+00
6.367909555535334221e+00 -1.071473064831316435e+00 9.265819224734400450e+00
1.093578317258484844e+01 7.145554106058966681e-01 1.214785068321916128e+01
9.720452308552268050e+00 -9.681638150697295941e-01 3.268338912019856934e+00
4.814641602696262623e+00 1.606645788897974825e+00 9.772809802997784345e+00
1.690174490477282632e+00 2.295233559712129612e+00 1.090117297987178091e+01
7.414335019820981643e+00 -2.103188535557777072e+00 9.272171411780973926e+00
4.550271428627880255e+00 6.264215702272082353e-01 5.077605978043735035e+00
3.033472282529189101e+00 -8.979422815458981688e-01 -8.337541649297257607e-01
1.124564913124065413e+01 -1.597298705947878261e-01 1.046632432737015961e+01
9.648490093969712689e+00 1.597237575448389180e-01 6.357126637661195900e+00
1.074497716449849349e+01 1.192357495953942248e+00 1.408598708610497852e+01
7.604158822519579530e+00 3.624595791953311164e-01 8.226978418073841226e+00
1.176526089259776597e+01 -2.721874721932962871e+00 -5.627433669707357922e-01
6.424198265019192888e+00 4.816174248641260647e-01 2.709649551465858508e+00
1.124496204406690936e+01 1.476821018346896608e+00 1.482913332446273103e+01
9.025512487062513856e+00 -8.274329145258150220e-01 5.204296270910063527e+00
8.324664147247347046e+00 -3.419300233890965046e+00 1.218976182129168251e+00
6.155075062924382223e+00 1.320179799590732728e-01 5.475564519256110430e+00
6.387282177448525999e+00 -7.270155337020867137e-02 6.709116095709489969e+00
1.122971668292524328e+01 3.298527682979980113e+00 1.991299442205320247e+01
1.001526704447914540e+01 -3.077604725805883845e+00 1.779236631404430113e+00
7.852712204484532776e+00 7.594028694479604269e-01 9.156139676612340850e+00
1.601454649608405134e+01 -3.633514762492268346e+00 1.000230518067601793e+01
2.780414934387067660e+00 7.970065909175723107e-01 1.297267431016024375e+01
8.148333811038142471e+00 7.896352558882995254e-01 9.995214086864777414e+00
1.682662801274506137e+01 -2.213520787082103425e+00 1.527910563473139405e+01
