-1.019677468822612809e+01 2.656909038314041993e+01 3.533191403874479875e+01
-1.230966842272050599e+01 2.618088815147581272e+01 3.327614888852497188e+01
-1.913681354800871759e+01 2.564793045675016003e+01 2.465911688694711756e+01
-8.681172686204376987e+00 2.649630690453749082e+01 3.866980553179371327e+01
-2.387544482574003268e+01 2.497431397918549578e+01 2.002288751344747197e+01
-1.827697762119174740e+01 2.542310510612458074e+01 2.729734771798916881e+01
-1.660197577519375045e+01 2.583885487103866296e+01 2.817971075215882593e+01
-1.398342274988311829e+01 2.647420890642699476e+01 2.599178178599629518e+01
-1.798106274101706958e+01 2.591602473256686778e+01 2.644391067323022071e+01
-1.576262752947286572e+01 2.586220473858297453e+01 2.914821187281484072e+01
-2.560183494817624705e+01 2.496922389768930373e+01 1.708599442471188468e+01
-1.740658503459042095e+01 2.605453916989111462e+01 2.375326278797342638e+01
-1.337951066926711974e+01 2.644898553375972483e+01 2.750980472578089575e+01
-2.069527725628728376e+01 2.565734562547841335e+01 2.156407687405828710e+01
-1.805906677261481263e+01 2.595473573649738341e+01 2.123205199307335533e+01
-1.898377147200130821e+01 2.627440938765623457e+01 1.780764329258192902e+01
-2.154027455538704316e+01 2.563807317505768424e+01 1.805285285108493554e+01
-2.375818124004536003e+01 2.538918082673031051e+01 1.392330650166206851e+01
-2.437636546858033171e+01 2.538213452567339345e+01 1.400403061731020671e+01
-2.196932541756012824e+01 2.582294737230746762e+01 1.559994656060609941e+01
-1.849237283180326585e+01 2.604077442354929417e+01 2.044467137894361031e+01
-2.495895637519942056e+01 2.534726900591066112e+01 1.498258476225942104e+01
-2.554326132616154155e+01 2.543776663566309537e+01 1.421260921577368208e+01
-2.088982698106735825e+01 2.574732827532311319e+01 1.642635667333797755e+01
-2.202847888728922499e+01 2.562356254810862310e+01 1.718200128904402391e+01
-2.298672023301111267e+01 2.549755571557555811e+01 1.462167925549925940e+01
-2.363353385673025286e+01 2.543282486014572896e+01 1.600001659776808083e+01
-1.761013593649175846e+01 2.641982652562668932e+01 1.648322751750401949e+01
-1.937599909233733797e+01 2.584000124544505184e+01 1.815133701284224799e+01
-2.369637062266025396e+01 2.567871105748432115e+01 1.452526613679918910e+01
-2.046493750092133723e+01 2.585305546323785109e+01 1.751306217649676000e+01
-2.195761722938436833e+01 2.532216331438341683e+01 1.999712506987498273e+01
-2.991410509568146381e+01 2.488335640596416454e+01 8.940389609397811910e+00
-2.212907618295059820e+01 2.549354748261886527e+01 1.575308976667702154e+01
-2.215527212568923687e+01 2.560228696032521611e+01 1.630974380751467834e+01
-2.260776417031775054e+01 2.593913691854517367e+01 1.295845577217909295e+01
-1.867508353106353525e+01 2.612256900476332078e+01 1.761550850490431230e+01
-2.287724843645855799e+01 2.549413681291215994e+01 1.558037345908059024e+01
-2.601048210659740789e+01 2.528563784515615964e+01 1.079677771056492475e+01
-2.355778797272671454e+01 2.568487281141949552e+01 1.142074002852746162e+01
-2.287835003758215180e+01 2.584107526784879383e+01 9.757549894120415956e+00
-2.037745200588466332e+01 2.632406605939610245e+01 1.267673612536117389e+01
-2.283494360813665480e+01 2.587705961831636614e+01 1.194075022642311978e+01
-1.896723376600880329e+01 2.608222953613484663e+01 1.449369578625339727e+01
-1.287994199667653561e+01 2.728801275629646739e+01 1.570874296435385986e+01
-2.011101030345014351e+01 2.634364800784017291e+01 9.898479877764145840e+00
-2.257841716321445347e+01 2.566086163119186381e+01 1.118859844920331170e+01
-2.944278355378799006e+01 2.495960446371923069e+01 7.879235069135802405e+00
-2.409924249122565243e+01 2.570350268027915774e+01 1.128483201503502187e+01
-2.543224161213166212e+01 2.583093255204502725e+01 6.804759161955246327e+00
-3.046044188710146727e+01 2.505476525955499767e+01 2.616214464176948695e+00
-1.963589307852407728e+01 2.626479743383426069e+01 1.291724163444462192e+01
-2.463657522689277357e+01 2.586812229777437722e+01 6.979109663405949959e+00
-2.479058018219240012e+01 2.573007407452129769e+01 6.802218499069340396e+00
-2.194824835384278572e+01 2.655498314922174075e+01 4.159886559040273823e+00
-1.995049845911890429e+01 2.611560246661115059e+01 1.168219330068535555e+01
-1.983707245135289554e+01 2.653546345524512162e+01 7.018988302259288048e+00
-2.302825064401216082e+01 2.625461220527722617e+01 7.625250088690677330e+00
-1.683049318707429620e+01 2.699745446556944728e+01 7.580123239769307020e+00
-1.856474966985732067e+01 2.706658458429517111e+01 4.870965481565633581e+00
-2.265475042881934087e+01 2.588698750567293416e+01 9.964496417617283441e+00
-2.325944691304991352e+01 2.653789085304684647e+01 2.182543227662733898e+00
-2.429229024746311438e+01 2.597152984340993953e+01 5.248302283776752120e+00
-2.220285937233904860e+01 2.619046700001756278e+01 4.871281568692324981e+00
-2.199566615799471947e+01 2.667451818506607708e+01 1.993876944191299572e+00
-2.377327604998546917e+01 2.600002631761658733e+01 6.865868166280279183e+00
-1.745985274168910450e+01 2.700647360281745080e+01 8.374616930143815807e+00
-2.676803519434204759e+01 2.611061420052213577e+01 -6.241791482962639748e-01
-2.246329369948068688e+01 2.629637712443340547e+01 2.281614023458757856e+00
-2.204323480179664330e+01 2.617718124859113971e+01 4.144260479724778179e+00
-2.178003296357269392e+01 2.649938121314262673e+01 2.597869075127789529e+00
-2.558661600128428404e+01 2.622978592588812319e+01 2.038314563536005153e+00
-1.512622223927644427e+01 2.731006903354776227e+01 8.844777571252677717e+00
-2.134564703581045819e+01 2.643912151039698699e+01 4.799276430862846610e+00
-2.825593019609840439e+01 2.548576258971411335e+01 2.358198671919751632e+00
-1.936771899749032855e+01 2.652474766809089601e+01 7.511432764845835663e+00
-1.986897108304731319e+01 2.690741672662740314e+01 5.283263245177636236e+00
-1.771504523778014573e+01 2.707542794915661943e+01 6.193196456785130977e+00
-2.410857050011247793e+01 2.618393215652623951e+01 2.028684111548159308e+00
-2.536010302192519816e+01 2.617423170790924303e+01 -7.866427203659327461e-01
-2.585285469006967674e+01 2.588817865749938107e+01 -2.314595299225061353e+00
-2.135415321074989947e+01 2.653455446965176634e+01 4.192792306957073833e+00
-1.869861420605303692e+01 2.665450381590005691e+01 8.605490168815890684e+00
-2.135737491834436241e+01 2.647934634208991156e+01 4.422719287076915862e+00
-1.773078090226931636e+01 2.687906569221814834e+01 6.373869370346994856e+00
-2.154087196791903125e+01 2.648993538261910885e+01 2.710999380768043920e+00
-2.619291028216113659e+01 2.594669217308410225e+01 -5.613300206993017127e-01
-1.659835497206788091e+01 2.731234297450676252e+01 3.976934326680520826e+00
-2.361661406947970931e+01 2.657056122898751482e+01 -8.802754547248810013e-01
-2.525362909171073511e+01 2.621710725284904697e+01 4.921859721035843904e-01
-1.634881593798345989e+01 2.755712813444357323e+01 1.470345623530192825e+00
-2.450006933726916714e+01 2.594120673088157503e+01 2.142156431989064913e+00
-2.527845058207310558e+01 2.623093584664920286e+01 2.674282372568654864e-01
-2.232730853331347021e+01 2.697748140601028410e+01 -3.045721125468162427e+00
-1.951233471307165246e+01 2.689288942298334462e+01 8.952814558017507807e-02
-2.853023414868971486e+01 2.590519723027838950e+01 -6.203664982562713703e+00
-2.187306826909937740e+01 2.636761089930833180e+01 1.320810678384248149e+00
-2.080997556206818899e+01 2.652208047788420231e+01 3.550584790308334959e+00
-2.143833899364750550e+01 2.698411072042370051e+01 -2.673333075996424668e+00
-2.180270913796471177e+01 2.684405330041083459e+01 -4.764496010666789516e+00
-2.087585214939156231e+01 2.701253640282595825e+01 6.765590601286248784e-01
-1.812220148708328793e+01 2.756022190883653877e+01 -2.826155113001505015e-01
-2.152857845621014121e+01 2.693992969118039582e+01 -2.549098955382362419e+00
-1.624183842268647027e+01 2.721433696680490755e+01 5.780261837800708236e+00
-2.671822272053339020e+01 2.608175204162226635e+01 -8.295700972837607878e+00
-2.247067316078863541e+01 2.538667109120258658e+01 2.091893678177302718e+01
-2.381506363498124301e+01 2.528084020978748470e+01 2.258753667722362479e+01
-2.545979301936432648e+01 2.507519953554026415e+01 1.764787159580362186e+01
-2.735324788733964851e+01 2.513049760940475608e+01 1.292845404458114444e+01
-2.471647349969600782e+01 2.538377169537920963e+01 1.555427505749082684e+01
-2.574065976097995190e+01 2.512424882229139200e+01 1.729663594444150476e+01
-2.940436687484839240e+01 2.459053965435107614e+01 1.779226412148739200e+01
-2.774133056730715907e+01 2.494637899324720820e+01 1.432734689128017180e+01
-2.524074447807413435e+01 2.513177477106512470e+01 1.740244699481274893e+01
-2.232574871866376043e+01 2.539993515034848315e+01 1.936359706273503889e+01
-2.528100544842931185e+01 2.517358822100162286e+01 1.823077401938826370e+01
-3.680344449282085861e+01 2.391590976543567137e+01 4.925503560671359082e+00
-3.312784118645612352e+01 2.447218331070072850e+01 7.392053542115831988e+00
-3.666765981978511491e+01 2.380150487720783303e+01 7.589780546411020623e+00
-3.120046631724676445e+01 2.435757162640736340e+01 1.354452088609673410e+01
-3.567279090267794572e+01 2.401440351439410392e+01 9.143719010859399532e+00
-3.089948957127933227e+01 2.471761203610033419e+01 7.255559015701123826e+00
-3.089619437943088087e+01 2.478376727326806872e+01 7.759893018148545707e+00
-3.387832648430861582e+01 2.411185523105280026e+01 8.688053275045376722e+00
-3.796210254202543410e+01 2.342090894405157542e+01 9.446430891345244163e+00
-3.567193859055265648e+01 2.404511920656302948e+01 5.833927556255275704e+00
-3.373876815486840997e+01 2.396650918155295074e+01 1.260914218941786658e+01
-3.995012079889335155e+01 2.355085980109784316e+01 2.397399184445362152e+00
-4.020358964001547974e+01 2.324178299510475654e+01 6.778661374983698806e+00
-3.714241256712580252e+01 2.408501267629704046e+01 2.634777758575410189e+00
-3.942973758277673824e+01 2.387123767428117560e+01 1.253437039564460065e+00
-3.525826601249804071e+01 2.370323220532993957e+01 9.252814815252349945e+00
-4.072218820916947379e+01 2.375544458616231225e+01 6.120221541639239149e-01
-4.306302931259284605e+01 2.322754243321388401e+01 -1.473768370941570538e+00
-3.768001116684291674e+01 2.416324898765893181e+01 -3.899001509913659902e-01
-4.286533108328393382e+01 2.315574938325055143e+01 -5.707649398266312346e-02
-3.408014759622761858e+01 2.456251380684093988e+01 5.522245221292223505e+00
-4.341874783607187283e+01 2.316797797490292510e+01 5.465896943957204712e-01
-3.970706936243010432e+01 2.396596447300643717e+01 3.018885918964997472e-01
-4.236424509096519841e+01 2.335023861880833351e+01 -2.142993718469710984e+00
-4.198914465090075510e+01 2.366175906480434321e+01 -2.740311380460980217e-01
-4.488710013193860959e+01 2.332249553088138327e+01 -4.912832270799526668e+00
-4.566222475591069951e+01 2.307248956692170339e+01 -5.981702691628129287e+00
-4.478306946590225834e+01 2.300361577514195233e+01 -1.702448240731996520e+00
-4.883054869091330374e+01 2.270308654019329708e+01 -6.923463923628446537e+00
-4.879653612018205422e+01 2.282579630431874307e+01 -5.633886675641065267e+00
-3.981924032868761287e+01 2.392317477225815026e+01 -5.425819825200960622e+00
-4.828293553477288924e+01 2.256108021030573241e+01 -2.597173173037958804e+00
-4.787733941771716673e+01 2.287614012691392418e+01 -7.117960568742660143e+00
-5.139300033953674074e+01 2.239164867496712930e+01 -7.497450107268832653e+00
-3.858981699137581245e+01 2.398986052889262055e+01 -5.417385104303775734e-01
-4.848334550134973142e+01 2.294550778437287875e+01 -8.499684305313621735e+00
-5.200461493644729671e+01 2.265722912120619981e+01 -1.243122611872570360e+01
-4.273420138109776190e+01 2.345954520559709522e+01 -2.925525482765124252e+00
-5.676314399153500290e+01 2.172729376217246511e+01 -1.225766010429856578e+01
-5.518475879078704338e+01 2.225692391362299816e+01 -1.506499914405651452e+01
-5.349824332063013799e+01 2.211979812762595543e+01 -1.137234890184345204e+01
-5.643318191269383988e+01 2.202392750836601465e+01 -1.287378552793029485e+01
-5.532150974185287851e+01 2.193081804748544528e+01 -9.058392233351355571e+00
-5.611437355520723713e+01 2.179931038482132521e+01 -1.365120367955410075e+01
-5.407039167286995962e+01 2.195183802543122908e+01 -1.085554862237961515e+01
-5.719054698566588968e+01 2.208238043798087347e+01 -1.661634066953467936e+01
-5.786175717093755111e+01 2.150006736256186457e+01 -1.438310944725196805e+01
-6.310214816001212057e+01 2.128224547730074789e+01 -1.885436836935321026e+01
-6.328370381139495748e+01 2.124727581596810921e+01 -1.974933807617401271e+01
-2.385340499785752399e+01 2.500110250138438062e+01 2.305445158358020308e+01
-2.148583466749067838e+01 2.519168470944497074e+01 2.059886585556944283e+01
-2.286146257070669208e+01 2.523644393334502922e+01 2.282125381114633456e+01
-1.875504872357612385e+01 2.569134252449926237e+01 2.676635974641544635e+01
-2.153032218968485267e+01 2.535878783406516845e+01 2.412998931375204847e+01
-2.519368690194562532e+01 2.487288660806964913e+01 2.121315070265575287e+01
-2.407792341526220525e+01 2.496988421605752251e+01 2.176365090702131511e+01
-2.684359162215525885e+01 2.474234950182153625e+01 2.043689620439249666e+01
-2.169807461378326252e+01 2.544278436270036536e+01 2.432730276277220582e+01
-1.888968180201999303e+01 2.567193827526615735e+01 2.795294415110606678e+01
-2.469653280753334457e+01 2.522540586836089460e+01 1.808594268676529282e+01
-2.276937696890581719e+01 2.500174698597892586e+01 2.722224840248850342e+01
-2.182143507269699967e+01 2.536302112982318135e+01 2.153085487214445948e+01
-2.902758698762994527e+01 2.427229566483481449e+01 2.331348868986208345e+01
-2.042917554167348726e+01 2.558146565415687235e+01 2.485227213528492030e+01
-2.508317399711842199e+01 2.489906173909153608e+01 2.091785217810468112e+01
-2.381898981994663700e+01 2.517122757220870710e+01 2.599530274241124062e+01
-2.078328200067056741e+01 2.552551522839343079e+01 2.653289107559044169e+01
-2.103164590806539991e+01 2.543730153760087376e+01 2.269909844333380988e+01
-2.194049590039429631e+01 2.528682125307403794e+01 2.337401149731340411e+01
-1.824066125285219186e+01 2.559646306757421996e+01 2.964188510605094962e+01
-2.013709938870539418e+01 2.538167473912113792e+01 2.558840659314057575e+01
-2.101283576367791284e+01 2.519894624515544024e+01 2.663349134750239955e+01
-1.781917078354507566e+01 2.578850602509227485e+01 2.971995482622185136e+01
-2.420120981520250325e+01 2.513087735688876023e+01 2.294000571658011722e+01
-1.649131540318262523e+01 2.594508513435711450e+01 2.690707800404197769e+01
-2.581020503689768475e+01 2.462687510068964514e+01 2.314836374824324139e+01
-1.974449543840586330e+01 2.559015950364526759e+01 2.900844241986510497e+01
-2.089603534825045017e+01 2.515772971803576752e+01 2.989547124497119057e+01
-1.888509128392405501e+01 2.557628463580608980e+01 2.924655759968788971e+01
-1.915436179333920563e+01 2.553842216690679834e+01 3.166953463943957559e+01
-2.063582178505686215e+01 2.560738668284598418e+01 2.270894704510703832e+01
-1.830304206278884749e+01 2.541966421406914378e+01 3.081653879499049253e+01
-1.997231411482152907e+01 2.547707666058573750e+01 2.656886026916731680e+01
-1.786799483702668567e+01 2.578209781607834827e+01 2.896217435298387954e+01
-2.062630333865837429e+01 2.520469210195507515e+01 2.755983124529825545e+01
-2.250144509744666266e+01 2.508451522765540176e+01 2.708634589909024726e+01
-2.029577468366795756e+01 2.537758288069531432e+01 2.628111679693381575e+01
-2.078372587781893799e+01 2.505829383783053288e+01 2.929797920634882757e+01
-1.579749437144766944e+01 2.568904711528659845e+01 3.226082126987353149e+01
-2.117378773593202368e+01 2.509601856979213608e+01 3.103685514066035012e+01
-1.951376149773574298e+01 2.539405705619522280e+01 2.969261124391971407e+01
-1.677754420626473575e+01 2.562138387758255931e+01 3.267641411594570400e+01
-2.154398925901500661e+01 2.505174138550117391e+01 3.138371493815543545e+01
-1.584741610764933739e+01 2.549931945882107698e+01 3.484969175681681008e+01
-2.014983138121624506e+01 2.508525517116578385e+01 3.065247666963546180e+01
-2.272565546505092016e+01 2.497533271798684495e+01 2.509139009712066581e+01
-1.740730169552654161e+01 2.541959336748465148e+01 3.387025643486697390e+01
-2.054212966002438634e+01 2.523464804722414101e+01 2.716700142451327338e+01
-3.012325122005273670e+01 2.393979142351571454e+01 2.424988536073919931e+01
-2.313859500585033402e+01 2.488525094621226685e+01 2.771582926711585060e+01
-1.254910957851399189e+01 2.610378621247494380e+01 3.489458285746854926e+01
-1.813955956272582171e+01 2.518341338843995914e+01 3.380711390465069144e+01
-1.624308669539925631e+01 2.558596787567887532e+01 3.633404831963287052e+01
-1.856520593353087634e+01 2.513426044456863906e+01 3.433140137732289077e+01
-2.288981231259799642e+01 2.477273317441141387e+01 2.584683152415107088e+01
-2.039290236526534272e+01 2.473364844614229696e+01 3.395419600440334307e+01
-2.754993048862252181e+01 2.425312127632511761e+01 2.653579211494559331e+01
-1.873684248084839510e+01 2.508032694537546092e+01 3.148690483719565236e+01
-2.197425891684861199e+01 2.479815771540174296e+01 3.469392671486423296e+01
-1.740379935664083177e+01 2.525095688173217923e+01 3.554466747018727801e+01
-1.622009887218524682e+01 2.522154395920659908e+01 3.993096411485737462e+01
-1.615678867039690658e+01 2.551233383879153394e+01 3.313549998588189283e+01
-1.955558072832587868e+01 2.528954959307192496e+01 2.994579153548977501e+01
-1.330213804833425684e+01 2.582810191995116611e+01 3.717010390399877906e+01
-1.752213451424449886e+01 2.553698397891091076e+01 3.155609186459241755e+01
-1.670736811064341509e+01 2.506984726743939973e+01 3.660196550479724920e+01
-2.161687076070268176e+01 2.484106042162179051e+01 3.352272193505984887e+01
-2.082701410840314793e+01 2.500537800738669603e+01 3.195273370348456865e+01
-2.207873294076881621e+01 2.473004345003357685e+01 3.319709784804138053e+01
-1.996393601916111038e+01 2.466720532701580737e+01 3.693814047160753944e+01
-1.510320632295486121e+01 2.550535761305070537e+01 3.765920932048925351e+01
-1.974730496825225146e+01 2.510018265403151361e+01 3.067537649061648608e+01
-2.244766478977152246e+01 2.451021948064285993e+01 3.261479656922983850e+01
-2.140504228497513850e+01 2.472204318690745595e+01 3.471759521912815671e+01
-1.736369911294963231e+01 2.551958994032582950e+01 3.187616674929529381e+01
-2.939458131251757322e+01 2.385624489655577918e+01 2.830317628189993684e+01
-1.936202609402346297e+01 2.521622634381449757e+01 3.548889040322455912e+01
-2.065393693426233312e+01 2.476157565282682071e+01 3.465363697056056935e+01
-1.170682457836051071e+01 2.569752646332679547e+01 3.960569650230581829e+01
-2.047202795426090915e+01 2.504649534030195923e+01 3.178394482624082684e+01
-1.436406074418835033e+01 2.565904453843748456e+01 3.644436808999296318e+01
-2.057890268117733967e+01 2.471102647184898160e+01 3.600543811886507228e+01
-2.551597329925743907e+01 2.426392647479235620e+01 2.904788059911504661e+01
-1.876311838284237865e+01 2.496414059257389795e+01 3.796707584855676032e+01
-1.582738205714071000e+01 2.558126692524845680e+01 3.708875725615962438e+01
-1.789721768589646445e+01 2.503794860788045185e+01 3.866719333991773055e+01
-1.870521899689879319e+01 2.536650460852541755e+01 3.233071690913891416e+01
-1.899729765442151574e+01 2.481212843723102424e+01 3.702306317813236092e+01
-1.714063356322606069e+01 2.528150826212433344e+01 3.625895710226154733e+01
-1.246972036023652208e+01 2.585945905247587007e+01 3.918752854419051346e+01
-1.692380616978090302e+01 2.519380374795002808e+01 3.986937438483403184e+01
-1.595751838781399101e+01 2.532155267428112211e+01 3.895833563184635295e+01
-1.366770911994956350e+01 2.546547758473298018e+01 4.041309600786439660e+01
-1.664171292310754779e+01 2.542259869757771185e+01 3.548267985649590628e+01
-2.094926592247043118e+01 2.458722236153491281e+01 3.795383212808826556e+01
-2.031959500376905225e+01 2.478690617444897271e+01 3.682737955985317058e+01
-7.946793463008589242e+00 2.666367016115091815e+01 4.316696308926987058e+01
-2.003229542664371365e+01 2.473886890866683075e+01 3.754222768574379643e+01
-1.290080845015643263e+01 2.548524316546041746e+01 4.282101491375101432e+01
-1.645668030195236042e+01 2.503858288063381110e+01 4.156721180764304791e+01
-1.626806833393470697e+01 2.504812824112627823e+01 4.121946351183316892e+01
-1.590009252263706685e+01 2.536157844901200065e+01 3.893992274379434093e+01
-2.016069392099075230e+01 2.467289889385929769e+01 3.925275194308403570e+01
-1.500834114067055225e+01 2.528181766961731114e+01 4.434489550846762995e+01
-2.202460033267539075e+01 2.438226916102675546e+01 3.577127029489440702e+01
-2.137130761088161535e+01 2.491144142179194887e+01 3.563189049158620492e+01
-1.990454915870401464e+01 2.483487514083449810e+01 3.773940905222877973e+01
-1.885730885025378711e+01 2.479755760003473597e+01 4.136104093402866511e+01
-1.098683052056168208e+01 2.573161552320141254e+01 4.297217186088585095e+01
-1.449616433925677939e+01 2.519091757758269523e+01 4.340557502937576828e+01
-1.835568010584967169e+01 2.491813067509860957e+01 3.970966710380571385e+01
-1.468338227809698537e+01 2.533606021907445438e+01 4.295527203749838918e+01
-1.595929788918243730e+01 2.545789509907353931e+01 3.660668710185825603e+01
-1.729471655537776087e+01 2.497274298453569941e+01 4.296052828270501323e+01
-1.502775201407462191e+01 2.525347767552682399e+01 4.198715726849070506e+01
-1.734526595870426036e+01 2.484527352902915709e+01 4.055162805765803569e+01
-1.265139846953360347e+01 2.554049873387535285e+01 4.635450612367048961e+01
-1.304323419526627958e+01 2.562920078639729127e+01 4.796601996816559677e+01
-1.306031353767286873e+01 2.579360803034614946e+01 4.218585437422029827e+01
-1.402171305980266425e+01 2.560509960210887925e+01 4.313253894965782820e+01
-2.186416046780948363e+01 2.441083744313837656e+01 4.221754536021023796e+01
-1.804031422147482999e+01 2.486324133118122859e+01 4.165702386752400344e+01
-1.305008484143053238e+01 2.559489802477872900e+01 4.486199313767258445e+01
-1.651300939796163902e+01 2.539457326518541436e+01 3.922408505888586205e+01
-1.880723265291902635e+01 2.469197206807572798e+01 4.374946300155863810e+01
-1.763873742509844078e+01 2.475095205215222904e+01 4.160743762707613769e+01
-1.554895099271709569e+01 2.501442759632286084e+01 4.569684732081555012e+01
-7.991381433331412154e+00 2.582199242972217235e+01 4.874728017992742934e+01
-1.501021042119339199e+01 2.508402176230768532e+01 4.698785435435593172e+01
-1.208134720297704234e+01 2.529591211194767197e+01 4.970571793257033733e+01
-1.519977270088907062e+01 2.540301314693311951e+01 4.176148726542930945e+01
-1.230461180099996454e+01 2.552429714022238727e+01 4.861929152899870132e+01
-1.341336885571831772e+01 2.519092340664070662e+01 4.666557762877005189e+01
-6.729554503646909325e+00 2.600505217940721536e+01 5.226366111194238329e+01
