-8.435268917579350045e+00 -7.284023908466963348e-01 1.193596027095199474e+01
-8.600949023109421887e+00 -2.747177483506519025e+00 9.859652113319413047e+00
-3.901893570996577409e+00 -5.703319079461991237e+00 1.140532284151154840e+01
-8.234538969968276945e+00 1.290186443108694903e+00 1.058319401632836332e+01
-1.738462155373866835e+00 -7.990965023369312803e+00 1.020629530732924195e+01
-2.146280658344863923e+00 -3.446619358288785406e+00 1.168764320908107379e+01
-6.232045034031841624e+00 -5.135787473115996704e+00 1.166776027437941821e+01
-9.385136704771639415e+00 -7.915856937081173328e+00 1.417379421033703579e+01
-3.969831928281735145e+00 -5.006511450800999796e+00 1.172475109453833397e+01
-7.328021711676484529e+00 -4.366221290101634622e+00 9.972635832546842494e+00
-2.458944652476304782e-01 -9.024391043790529920e+00 1.140777067969847280e+01
-6.160488939208761394e+00 -7.626256727012133751e+00 1.307237675779109054e+01
-8.579859744757868611e+00 -5.874646416766893253e+00 1.432335579606927922e+01
-2.491919888699612784e+00 -6.437549943463736213e+00 1.327091369532612930e+01
-5.313297486422442262e+00 -8.432729965853724252e+00 1.461571592724880020e+01
-5.085129488566963119e+00 -1.113083589262970463e+01 1.696018387158682117e+01
-3.625171498879922183e+00 -9.646976186535709985e+00 1.504962538778295311e+01
-1.885301220080293660e+00 -1.236278694918391352e+01 1.594117191065475936e+01
-2.182982799567355414e+00 -1.183970496425754959e+01 1.555378283182375299e+01
-3.851346684519228347e+00 -1.218374891488204526e+01 1.486100061028412256e+01
-4.978665607692335016e+00 -9.425239535616412923e+00 1.592227526429735462e+01
-1.757918488171981153e+00 -1.111583153769427668e+01 1.349696661660880181e+01
-4.522178056709833527e-01 -1.093840451792578961e+01 1.481402342150312279e+01
-5.085144506456401814e+00 -1.171231086039330194e+01 1.624662443642159815e+01
-3.066404193021412539e+00 -1.085266738361875127e+01 1.534085025049751039e+01
-3.523667884114559001e+00 -1.251606525571415318e+01 1.595967061933117748e+01
-2.718466229892328556e+00 -1.076256854671825636e+01 1.331281262575146229e+01
-8.055672302407174357e+00 -1.382741133498976183e+01 1.870046356087766526e+01
-5.224408884504072148e+00 -1.124732975233121124e+01 1.612095337677016005e+01
-2.567023224917932112e+00 -1.240635641373495446e+01 1.494418898443831267e+01
-4.983373016611892581e+00 -1.115691848519580276e+01 1.545462927432720335e+01
-3.746233501728227111e+00 -9.000299433927892778e+00 1.174990457558052981e+01
9.684900809841678893e-01 -1.371679361631836969e+01 1.244046522235788643e+01
-4.532345148073915198e+00 -1.209402468301300360e+01 1.485632143963067620e+01
-3.380038246186131801e+00 -1.101329656353823339e+01 1.522205366282247496e+01
-4.843679237665810433e+00 -1.489692887493575313e+01 1.640423429258652277e+01
-6.401817569877323422e+00 -1.233619636045011703e+01 1.638099667450870811e+01
-3.710001224645083084e+00 -1.198241539250022925e+01 1.479082909428342418e+01
-2.617951384076832255e+00 -1.495264639883404811e+01 1.540359941329865023e+01
-3.592678822489290269e+00 -1.405460285848391777e+01 1.787058840701229201e+01
-4.164837787220051268e+00 -1.536367767144045615e+01 2.062926494131937716e+01
-5.243521651090077285e+00 -1.457735521682056401e+01 2.040605706578514855e+01
-2.816795885364399510e+00 -1.372151981106921426e+01 1.867151319360863226e+01
-7.008933442012107662e+00 -1.453583591551657150e+01 1.937582264643884855e+01
-1.210625897766800563e+01 -1.548778496955657147e+01 2.479537730651759375e+01
-6.780145651282794006e+00 -1.731313756012312410e+01 2.204301191678138139e+01
-3.604489421496907653e+00 -1.455558568948040943e+01 1.937443261411937101e+01
3.763187549002964261e-01 -1.466494043928324231e+01 1.469692137384117814e+01
-4.553677264823534188e+00 -1.531033425439107987e+01 1.584670238662653219e+01
-2.637807681207789301e+00 -1.726501107762132392e+01 1.888429306778363070e+01
-3.461205577112309584e-01 -1.922945286858620761e+01 1.760122496014633953e+01
-5.674897898799486029e+00 -1.506355118821440442e+01 2.119477134276257857e+01
-3.283397278273241682e+00 -1.738566319920684577e+01 2.053235104999436089e+01
-4.237498916645165536e+00 -1.802332680536659382e+01 1.977932501346839445e+01
-7.971887082727391771e+00 -2.158725751127445847e+01 2.436645492331876994e+01
-6.297087737522986117e+00 -1.663948558959569368e+01 2.170359208821093944e+01
-8.012445331929882286e+00 -2.020725469166768562e+01 2.400016003261373498e+01
-5.384223279187267508e+00 -1.830407212870920830e+01 2.100343504296995434e+01
-9.580979408740802228e+00 -2.011053549341545477e+01 2.807726147488335755e+01
-8.931396418069425636e+00 -2.150778922695241135e+01 2.777460827718357450e+01
-5.520395892567023566e+00 -1.701419511217048353e+01 1.907259304928680876e+01
-6.902210595143969840e+00 -2.203813569263013505e+01 2.554582222986221041e+01
-5.658197618728252110e+00 -1.953671342417635515e+01 2.158426504813473912e+01
-4.336236035272293066e+00 -1.919325605958846381e+01 2.586234824895166184e+01
-7.659186851401216245e+00 -2.244791312290567475e+01 2.619381755813981272e+01
-4.827161594820552182e+00 -1.895471295067454776e+01 2.050817292166510697e+01
-9.127526273364935605e+00 -1.899523673022474668e+01 2.664526416087494454e+01
-4.161328736219786606e+00 -2.258527324188492003e+01 2.488397000162251516e+01
-7.302555142927531051e+00 -2.281106664864825007e+01 2.596652935542499563e+01
-6.546346047124586676e+00 -2.051347870374036120e+01 2.501595262284502041e+01
-7.397414604978337138e+00 -2.230040643267238920e+01 2.720200193968594249e+01
-4.034831767004959602e+00 -2.106915008962818092e+01 2.364934841204399163e+01
-1.127587361192422577e+01 -2.049722406774071715e+01 2.776690671779988406e+01
-6.030624901092437540e+00 -1.945501783798107454e+01 2.541657540973415053e+01
-1.722668704769432679e+00 -1.987694195002094943e+01 1.994348168262956733e+01
-8.640929774724043000e+00 -1.996686367383358629e+01 2.422192416135715121e+01
-7.300904660603066532e+00 -2.044351294851617240e+01 2.676727201655694444e+01
-9.929244148213001608e+00 -2.123397485114071515e+01 2.762578044763483831e+01
-5.871667879316589733e+00 -2.173671722056610633e+01 2.492389813352554029e+01
-4.078043407299560386e+00 -2.252447905095431224e+01 2.669379409909936385e+01
-5.428405592286651427e+00 -2.506336185962157970e+01 2.507439953125265220e+01
-7.287539694883889752e+00 -2.082261178145580516e+01 2.655148837169610943e+01
-8.550504200602972560e+00 -1.923827665369486795e+01 2.439802317024020795e+01
-6.935954383706189219e+00 -2.114949630890993149e+01 2.507204583140821796e+01
-1.012191106598351098e+01 -2.116200475506411749e+01 2.758632449467029346e+01
-7.123964772590397843e+00 -2.291039979581825037e+01 2.651138915123954121e+01
-3.894992598536703099e+00 -2.349427302697461073e+01 2.487558473711305851e+01
-1.101840979656765285e+01 -2.276618547916928037e+01 3.164307457879772301e+01
-7.098817633006660799e+00 -2.394956933603702964e+01 2.725689982145945578e+01
-4.417076609331274994e+00 -2.054427797000613509e+01 2.610691951392254850e+01
-1.200311483729547035e+01 -2.518509428037759790e+01 3.269561215837995860e+01
-5.186078226439008176e+00 -2.180152036447958608e+01 2.415502942480156889e+01
-4.365627207165516666e+00 -2.202535704666468064e+01 2.561885481153149158e+01
-7.623343077538720536e+00 -2.619404885203937283e+01 3.059291704118277266e+01
-1.095876059401939528e+01 -2.639891923592324474e+01 2.913739643646363220e+01
-3.378473375347084584e+00 -2.660775798683795301e+01 2.703834808681403956e+01
-7.171371433162164521e+00 -2.368469203715426374e+01 2.673093396041213055e+01
-6.908201295247238249e+00 -2.179169402620988194e+01 2.751803982615672339e+01
-7.190507249854704241e+00 -2.575308509566980320e+01 3.171480835891497918e+01
-1.045581400105652392e+01 -2.914959403799969095e+01 3.133514434156938933e+01
-6.864376662738038704e+00 -2.260924485992552491e+01 3.038583397472018532e+01
-1.176068989810551102e+01 -2.715594543898521351e+01 3.154826849647179188e+01
-9.013255962957487100e+00 -2.666516217906558950e+01 3.099605111721086814e+01
-1.051154989406109053e+01 -2.163591809772293573e+01 3.045305605328530874e+01
-4.653930393247719621e+00 -2.867827924014721930e+01 3.119333566230989163e+01
-3.286082845295766219e+00 -8.064343917750193214e+00 1.043425726268964127e+01
5.405782031858166192e-01 -5.674686899519258532e+00 9.077012698360704235e+00
1.338125255753084275e-01 -8.351697025713761491e+00 1.146189943194991656e+01
7.326210954152543309e-01 -1.151011585583816554e+01 1.307074826764204545e+01
-2.185071856101558296e+00 -1.147166809274636989e+01 1.294556323172724888e+01
-8.105556089499543759e-01 -9.379931549727388074e+00 1.102571358926402922e+01
2.362227190409726063e+00 -6.835612415279726406e+00 6.695101637468326317e+00
5.456152236006062139e-01 -1.103472094439499074e+01 1.112187345296570129e+01
-1.792115073779996237e+00 -1.000818314868264736e+01 9.938759135699143599e+00
-2.287730605651148608e+00 -8.757619578316393927e+00 1.276717571135574758e+01
-1.168478393112849290e+00 -8.589646197460609756e+00 1.013358295353887684e+01
5.270380177745835226e+00 -1.521237459229192268e+01 9.870647969007961819e+00
3.071409632041195437e+00 -1.394667178685156728e+01 1.037822678812364074e+01
7.067512777352391140e+00 -1.176251876708001021e+01 8.927156610422571248e+00
3.079665195180723458e+00 -9.996786230213146496e+00 9.133736931472583365e+00
5.834551163325471634e+00 -1.080767547171403464e+01 7.099627162385075962e+00
9.284576950703922193e-01 -1.597160562633652603e+01 1.286528117083668121e+01
8.307939962914474563e-01 -1.436566462057103877e+01 1.300507692931410020e+01
3.002899981566059751e+00 -1.359037203888470913e+01 8.309172300013415224e+00
7.280983088198411224e+00 -1.027797866638479718e+01 5.106577539470634974e+00
4.185628098549841525e+00 -1.409997117611882800e+01 9.591663831000175833e+00
5.724315776189399685e+00 -9.608287810859565070e+00 7.227290532355624464e+00
7.017008757972178046e+00 -1.596843264957354336e+01 8.358853867406310201e+00
8.334236839690447596e+00 -1.225610340024252309e+01 3.842588386488870356e+00
5.269014843316199403e+00 -1.595460660698478250e+01 1.093767666544511030e+01
7.334673457625058290e+00 -1.583635175095153613e+01 9.846439424887989844e+00
4.591806376797478606e+00 -1.250976123870867696e+01 7.276567067840346681e+00
7.625406856079337103e+00 -1.618236741943550783e+01 8.160305804540598729e+00
9.025554138007862548e+00 -1.666264835532066968e+01 7.842688458380791872e+00
4.733831990054795824e+00 -1.784063789303149861e+01 1.275222450237924932e+01
9.836333954734755025e+00 -1.646703864520523553e+01 7.590259548602034556e+00
4.411742279084421625e+00 -1.519861562520353004e+01 1.184649134381987778e+01
1.023068347542260881e+01 -1.501359156333046485e+01 6.043212186360221949e+00
8.031849833773264891e+00 -1.693220830036534608e+01 1.110860145081693418e+01
7.500218445013331348e+00 -1.893698393475875719e+01 8.558157079650413834e+00
9.162276306588807984e+00 -1.615065152722198150e+01 8.815040448276079132e+00
8.704648120150920931e+00 -1.932751324593556319e+01 8.877300900716136312e+00
1.023103312710912860e+01 -2.029321526283786170e+01 8.781638127782173342e+00
1.031051559589297995e+01 -1.695474272310858055e+01 5.932935588753878164e+00
1.224392854059425417e+01 -1.982308047078515756e+01 6.109154111446002844e+00
1.204456134167952541e+01 -1.804497653559437254e+01 5.568061961395358139e+00
4.722780469289602934e+00 -2.257503484383184400e+01 1.400205169615588829e+01
1.175378963417460909e+01 -1.656214952623999181e+01 3.511495196685473275e+00
1.115186185391382878e+01 -2.065416399153531302e+01 7.428664077579412606e+00
1.459363215700267347e+01 -1.821409462439120830e+01 4.721600305543404374e+00
5.339220337087510870e+00 -1.840776706226097303e+01 1.262377325743932488e+01
1.166932822580844231e+01 -2.092313901134176035e+01 8.079365748545740189e+00
1.234707521553104925e+01 -2.346492387899564847e+01 6.958680190014149503e+00
8.934087806633272066e+00 -1.812990784007465095e+01 1.022465423407624030e+01
1.680015428116570320e+01 -2.096681756838188448e+01 1.885076702803701210e+00
1.644233573100149215e+01 -2.216191851022642822e+01 7.589681275522934811e+00
1.555190013316274644e+01 -1.963462185609611765e+01 6.316739006216039343e+00
1.892167590843024527e+01 -1.934103616804375747e+01 4.687277843565766489e+00
1.865046385990689259e+01 -1.683317617194578020e+01 3.161920364038621756e+00
1.637039496623214063e+01 -2.225152898628806497e+01 4.645311218018719046e+00
1.536095726321764232e+01 -2.101183765119458258e+01 4.308678374169232939e+00
1.711101637332694736e+01 -2.243917649254387925e+01 7.208058315130926985e+00
1.872520832994825923e+01 -2.050778069315649077e+01 4.196805263098326577e+00
2.102280768231889851e+01 -2.249347080454870706e+01 1.467856063786655341e+00
2.134442585512306323e+01 -2.294407049985795766e+01 2.455841339172138760e+00
-4.519973514972264184e-01 -4.735327299822898794e+00 8.396591959366531910e+00
-4.464279177931700815e+00 -9.031689230682673042e+00 1.127580846827797245e+01
-9.630009479501495662e-01 -5.842257289900544492e+00 9.507257965483205453e+00
-5.073427309332970481e+00 -4.827219235449391022e+00 8.882260677943264682e+00
-2.170983550638254655e+00 -4.956898325452627319e+00 9.961819735061681058e+00
1.299539331123582997e+00 -4.739219843851671499e+00 8.628000755495406793e+00
-1.367605354675049512e+00 -7.378560776961549550e+00 7.819729015911633496e+00
-7.161363170692141011e-01 -7.309059567097406784e+00 5.167989358831988511e+00
-1.668112623651907711e+00 -4.702608385503978639e+00 9.233885856449376206e+00
-3.471102293546721285e+00 -3.602335606138382218e+00 8.240319567588414884e+00
-2.588398248845578564e+00 -1.030891311644269592e+01 9.990418870762368897e+00
-4.205888434216262795e-01 -2.059410215294015245e+00 6.269416508074883154e+00
-2.299840080449598645e+00 -6.796455442814462344e+00 1.129254191728992396e+01
3.807204441824637797e+00 -2.789872693453830266e+00 3.526876572996442860e+00
-2.480825910764309583e+00 -4.901717613709422494e+00 1.017074088044165592e+01
-8.221414864961218427e-01 -7.121344160304218462e+00 7.693586036281089946e+00
8.919443636097810213e-01 -2.492358091543401599e+00 6.398393282378378899e+00
-1.897259397010998327e+00 -3.879727733522699396e+00 8.158606552548178570e+00
-3.401728128104593907e+00 -6.997725595460877912e+00 1.035469826635770119e+01
-2.515675191122113574e+00 -5.990784991954356542e+00 9.831886425843407551e+00
-3.744952003217065339e+00 -2.807160836014077177e+00 8.209165042251584055e+00
-2.843479069582684815e+00 -5.515715796260622028e+00 9.966894771508265194e+00
-1.478235180927825354e+00 -3.160547128397951155e+00 8.571189806612522943e+00
-3.026384653280572934e+00 -1.916509699664601385e+00 9.135527462265926602e+00
9.577411277446259419e-01 -3.621972159923316781e+00 9.610438564075991508e+00
-6.212599290922554474e+00 -5.920880289431920573e+00 1.149420101548466278e+01
8.825438251998889427e-01 -4.324846042366317533e+00 6.287067888350662770e+00
-2.933392620403992623e+00 -2.576091068771006576e+00 6.884614837432323498e+00
-1.285044970880065307e+00 -8.068274839410349841e-01 4.935273904346487939e+00
-1.948223645631287582e+00 -1.708297283727929994e+00 8.506551473500252314e+00
-8.773382708825039344e-01 1.373268858754627786e+00 7.117447243181374006e+00
-2.855363513902773320e+00 -6.415564284722549360e+00 1.146071142334503179e+01
-2.772572658996793393e+00 -1.603672139584517708e+00 6.330120178697910660e+00
-3.260119015344272952e+00 -3.929232174520350895e+00 9.043516497486791650e+00
-4.698781277738760309e+00 -2.859548047860855036e+00 9.718812950244057447e+00
-1.906873122175355206e+00 -2.657956433601142976e+00 8.354382940674753399e+00
-4.002239109899505820e-01 -1.798292316194810780e+00 6.362645520171440694e+00
-2.215616427133653588e+00 -3.135656647940180619e+00 9.789358665430171413e+00
-2.534499687150926661e+00 -1.676218196471950250e+00 5.303539839852916771e+00
-4.452794304134002346e+00 -7.859120803503856223e-01 8.919195510356715317e+00
-2.233511708647661465e+00 -4.630656998637370236e-01 3.235047287584961850e+00
-3.034086726299420889e-01 -2.396299459461914694e-02 9.587660157735143684e+00
-4.949883091400842261e+00 -9.477248319222653095e-01 7.503927055802606105e+00
-7.915931101081490340e-01 2.800259652213199502e-02 3.694542771563618544e+00
-3.422240998659031419e+00 1.594298366228038333e+00 7.675842090225138747e+00
-1.826255209446259187e+00 -1.096145562131923157e+00 5.827310491243849810e+00
-1.135584346669162414e+00 -4.155960373470747982e+00 6.968643483109644876e+00
-3.546877451410075821e+00 1.311384125384144284e+00 5.142176908731158846e+00
-2.708915181433170005e+00 -4.715731982342376227e+00 7.740567812310814588e+00
6.207451447516788789e+00 -5.417457577489273035e-01 9.097250534881808903e-01
-3.581978176900619815e-01 -2.373178036062249419e+00 4.393659063320185965e+00
-6.853024032319453340e+00 -8.857762062944090076e-01 1.050943715263127842e+01
-2.462061786943188224e+00 1.346986033706624397e+00 5.266154567834895772e+00
-5.146611126964991456e+00 7.885874452813155244e-01 3.802723244021514404e+00
-2.353043171732094763e+00 1.328682126990626600e+00 3.904924132250112478e+00
-5.002447853202340866e-01 -3.464324710666275564e+00 7.505254411640748913e+00
-2.301643685463140798e+00 4.725176770650052482e-01 7.759757413730262732e-01
2.892398898565609500e+00 -4.203174334185533212e-02 9.434908407394857477e-01
-3.740288133672315496e+00 -1.057869683030887131e+00 5.791186022374049003e+00
2.790238773690489893e+00 5.691878340414049831e+00 3.428859149491742642e+00
-2.162645929814915213e+00 2.134679257541680641e+00 4.389425213624083000e+00
-2.439521647166920104e+00 4.617542257716888088e+00 2.015856036661190842e+00
-4.623772152698300886e+00 -2.637476634896174232e-01 7.366172011167165579e+00
-2.399104028450786075e+00 -1.382658819517935456e+00 6.427282000969626097e+00
-6.206835674433332173e+00 1.410353005421079331e+00 8.216173507524814568e+00
-4.288195862059382080e+00 -8.677522236154047164e-01 6.574529430492532356e+00
-2.709690648977100214e+00 2.264309227006453540e+00 4.813520214770340644e+00
1.324998564553936831e+00 3.523618004991270425e+00 2.839800002378742860e+00
-1.449813797030742535e+00 2.685415095035281752e-02 3.424487779989586755e+00
7.389083254963981773e-01 1.779922601250884640e+00 1.264979879463973944e+00
7.655282665975562395e-01 4.639167202044266247e+00 2.183762480758247193e+00
-3.576543982832237845e+00 3.123157724009043790e+00 5.608844191399224854e+00
-2.603440449306653193e+00 -1.405956625521362469e+00 5.662113745904505890e+00
1.560296194378210100e+00 1.948311160428422006e+00 2.345674066387009926e+00
1.146097738502415808e+00 3.787500992042716064e+00 2.037609626440545441e+00
-5.125216758539409057e+00 -1.682514253643752511e+00 5.624287339132280295e+00
5.087053723149878692e+00 1.237537373703133881e+00 -1.853192146796303064e+00
-2.710808198304750505e+00 2.057540051974749762e+00 1.616756233227157225e+00
-8.795956277450009964e-01 1.996242738734708588e+00 9.369754866881940814e-01
-7.257295108948379259e+00 2.266481348063116741e+00 6.706291005655664605e+00
-1.769808676114951851e+00 -3.725231363036485277e-02 4.170807632706335255e+00
-5.173585024999006521e+00 6.821168222762139521e-01 7.442101590792553623e+00
9.780929804148996709e-02 4.037069008749938348e+00 1.481508620291194234e+00
2.674258858029615382e+00 7.601039713970978440e-01 1.385545102031834119e+00
-8.383208582374734874e-01 5.061058879857515791e+00 1.030014276993135525e+00
-2.992335608500152677e+00 3.481080067562061231e+00 4.940346602045883273e+00
2.312120475045276180e-01 6.212072823708481906e+00 3.462935073780208484e+00
-2.316568867614201110e+00 6.045836915533442379e-02 5.428761523466143046e+00
-3.329729829513894401e-01 3.899760611619909056e+00 2.163999919880794209e+00
-2.137321694805285333e+00 3.256509281455764793e+00 4.558914690008421644e+00
-5.308740711722803596e+00 3.237124375889511185e+00 6.486966039493943015e+00
-1.192018827539911285e-01 7.333063991595228259e+00 4.329921362572235921e+00
-4.335567428359283326e+00 3.456795759816627900e+00 2.247992820411745640e+00
-5.923254575358200213e+00 3.299847392798076040e+00 3.185750399022170498e+00
-3.127257314759151363e+00 1.990268475330353226e+00 4.731645234194672867e+00
2.091107761610146554e+00 7.472769312128519914e+00 3.518878966755352167e-01
1.028668088651279788e+00 5.652453354454710421e+00 2.101026631417290957e+00
-7.458472153087985390e+00 4.228463029420897357e+00 8.307465983117266362e+00
6.880286715036021405e-02 5.221779273193153159e+00 9.655353473715564405e-01
-5.375697194621679387e+00 5.220570505739482670e+00 2.676250664641337096e+00
-1.902902331915456102e+00 6.355491944835577556e+00 5.035420944037696245e-01
-2.576091415567688614e+00 5.716813642182803079e+00 1.047760736072049781e+00
-4.643113849790552194e+00 3.093777745701263182e+00 1.787613205880116851e+00
-4.526751165512337138e-01 5.226761827777160363e+00 -1.720661065542799406e+00
-9.833296501736725759e-01 9.671091762662051394e+00 1.891664945162460754e+00
1.893576819777607056e+00 4.459315857531027660e+00 1.026778119974352421e+00
1.217094978943954686e+00 5.069073406827193651e+00 1.216007461814562873e+00
3.555704377032853358e-01 4.745585190034773859e+00 3.931158200093989308e-01
5.067012612488070999e-01 7.317301825383260905e+00 -1.171400977761578588e+00
-7.049415219991423953e+00 4.209828052074907845e+00 3.936906229041635896e+00
-1.936731668536182838e+00 8.211982646681363462e+00 2.788918533817749790e+00
-1.028898566069400999e+00 5.823007660100110172e+00 -3.812366030753366886e-02
-4.436891054036735227e+00 6.903556285649607105e+00 9.151230151945952684e-01
-3.358631875689026103e+00 2.671429790651142611e+00 5.599593722463833245e+00
5.270154172480374655e-01 9.253730351561813450e+00 3.163029635615970392e-01
-2.730932381348125659e+00 7.405867850760042614e+00 2.830336031579378187e+00
4.527133181842941667e-01 7.721357334894289437e+00 2.378467464056697622e+00
-3.172065747842609085e+00 1.006147445944736774e+01 1.412475953081582247e+00
-2.784285760201782978e+00 1.049152623143908158e+01 -1.148972752737364544e+00
-6.051878218782938745e+00 5.224670162665935536e+00 2.484953374237008461e+00
-4.370076719382851138e+00 6.620738398505636724e+00 1.917085581642297143e+00
3.514293255849707975e+00 9.984792899526937049e+00 -4.153514101753671639e+00
2.492108252162239523e-01 8.740122889117543536e+00 3.690316341944139822e-01
-3.610360792093473492e+00 9.126979010335851683e+00 2.402520147126551819e+00
-2.082913844861558061e+00 5.140864880311918128e+00 2.776178635947474049e+00
1.861807551747887146e+00 1.065873432958991884e+01 -1.691574523485485315e+00
4.560258681401734293e-01 7.403378907564324152e+00 3.671864653735639195e-01
-2.572287412700035247e+00 8.681128516801891237e+00 -2.314348334314558997e+00
-6.372066586008259037e+00 9.799649365492285824e+00 4.241874173945859638e+00
-1.641586105193709955e+00 1.057967724116316788e+01 -1.902788291352209171e+00
-4.904861034440699541e+00 1.009565026519361197e+01 -2.788351048461521486e+00
-2.113940708691004033e+00 6.903779579167750313e+00 2.793269815446336679e+00
-2.539159707734796712e+00 1.136803522077802597e+01 -4.814347379883088252e-01
-3.579269366398122543e+00 9.159845210177735453e+00 9.794624588196541026e-01
-6.541253200442099569e+00 1.097734946626314922e+01 2.077678283109861468e+00
