3.324775055732675355e+01 -5.263420445094197930e-01 3.350953469909222804e+01
2.240719215130275188e+01 -9.333843648823631156e+00 2.538548950296626572e+01
2.627038507038537318e+01 1.406839234958943052e+01 3.415285860123844941e+01
6.718152649811145238e+00 -3.935245971333984016e+01 4.815799818902860352e+00
3.095701264406648079e+01 2.578019405995314628e+01 4.760181609972732986e+01
4.310389563496005394e+01 2.263280791982037954e+01 5.276925053042191394e+01
4.178807367660397176e+01 2.102333465255651390e+01 4.429846039285189363e+01
3.562914565715476556e+01 4.175009206605068357e+00 1.637618999625107108e+01
1.068931986202983353e+01 -6.668453551511220212e+00 1.680836480299171853e+01
1.429093485884277470e+01 -5.591078482250168236e+00 2.186459624090434772e+01
2.189023121150262341e+01 2.230755796236155675e+01 4.050847123891469437e+01
1.768620655413326404e+01 -7.025119060634779089e+00 1.944219497817948650e+01
3.180980496159838822e+01 7.948981937383109653e+00 2.534388314125726538e+01
2.202217652627791722e+01 7.522200296435585187e+00 2.542059217677979177e+01
4.524662639353118720e+01 2.864378325001149506e+01 3.170744485916759459e+01
2.814967491416776824e+00 -8.560180603007054856e+00 -1.319630905620034156e+00
1.056015247499192355e+01 5.786309831351445609e+00 1.090519652238782555e+01
3.338754486032822655e+01 3.058557665307175455e+01 3.633618878606199587e+01
2.424838533595405465e+01 2.391933574257004125e+01 2.454737522018470486e+01
-5.919626769102137587e-02 -1.817262516064459987e+00 2.234701635597204472e+00
2.257508364882761498e+01 1.582449376382453465e+01 2.572205546143149490e+01
2.651727717366043180e+00 1.101277389761997938e+01 8.181126295751028010e+00
1.005837077568469340e+01 8.131272989089609382e+00 1.413781278245289741e+01
1.729655597616674712e+01 1.050605154041298661e+01 1.064101658479170709e+01
2.273545058615104608e+01 2.400206818339705706e+01 2.630005784516026779e+01
2.466264122480550469e+01 1.952096907624800082e+01 1.698919123475356230e+01
-9.447918273974551084e+00 -6.831836214326301615e+00 1.172667611818212663e+00
2.859833705656899383e+01 1.498197915829024396e+01 2.080511668444876250e+01
3.677685661596219546e+01 1.990280789707747999e+01 2.652512870230091124e+01
3.298554032706920225e+01 2.668016272843240699e+01 3.069130885591997071e+01
2.650129188857940221e+01 1.598169642791430078e+01 2.411927173332863106e+01
2.497905732281526525e+01 1.235074954364324640e+01 2.850256981482084484e+01
6.432126133627093623e+00 2.542353848455150001e+01 2.055168173536901577e+01
3.489169424818101106e+01 2.720493365023270371e+01 2.610170566770937484e+01
2.948845758343193779e+01 1.890008614348204219e+01 2.210952751495761959e+01
2.289334209382809604e+01 1.606024497824964214e+01 1.603125049972555871e+01
4.150374654340538427e+01 2.517633206818851477e+01 3.120277500099288659e+01
2.924210700610674962e+01 2.167411681053275174e+01 2.851032279895733268e+01
3.039972743075466610e+01 3.745299620017856057e+01 3.202374378758507589e+01
3.529519503259228941e+01 2.994390367445652146e+01 2.539358345000766803e+01
5.622632353818505635e+01 4.713535010901068745e+01 3.837251497058730365e+01
4.311490262768586490e+01 3.757857345905290458e+01 2.825046868388255916e+01
-1.604475410426289272e-01 -4.368063182951118506e-01 -4.074068910482878891e+00
3.435998646201414886e+01 2.534875718678517842e+01 2.134178334539103616e+01
3.359135472034608938e+01 4.595524974632553494e+00 -7.108864487507844387e+00
5.372163531376554602e+01 4.924856633844592579e+01 3.132065298801717290e+01
5.065195987296647218e+01 4.697948806058798255e+01 3.274053741522789096e+01
7.517086243737921336e+00 9.969724362371851001e+00 1.700604646443808576e+01
1.900766537873641937e+01 2.845327211089198727e+01 2.409536554620132165e+01
3.492736994230881464e+01 3.608767214364252141e+01 1.697200085144163495e+01
2.026189259042223512e+01 3.630083042885155464e+01 2.596591076262893694e+01
4.264338754655091179e+01 3.314140421214312937e+01 2.973385047724184460e+01
2.979650586042771465e+01 3.835643024419334779e+01 2.522278705975668345e+01
3.143673183213218181e+01 3.590609682555907511e+01 2.131522873907397297e+01
4.175127746809585005e+01 4.284708318117304771e+01 1.732839551402912548e+01
7.543177397244357962e+01 6.505668010415240587e+01 4.917728102121191114e+01
5.324516745839264331e+01 4.203267369828654410e+01 2.519964286677509335e+01
2.634681502586681745e+01 2.649219062600832331e+01 1.278017541778513078e+01
6.661022073533058574e+01 5.758291677587931190e+01 3.168620405770889192e+01
2.972374123464123841e+01 3.126106484761157844e+01 -6.303255547898515943e+00
5.193868635718774840e+01 4.950683623195016025e+01 3.854577543284005969e+01
3.099698253285123428e+01 3.617274600347855085e+01 -9.271567995369878190e-01
4.572457922654757567e+01 4.418904634478963089e+01 2.288561488795380683e+01
2.963480348797747865e+01 2.434311170522551038e+01 2.879977109435913007e+00
4.373080440715466466e+01 4.027997893274960006e+01 1.164024445072163871e+01
4.270595904009633159e+01 4.519093272836607866e+01 2.715244483738183590e+01
5.474383313844191434e+01 4.663539046212667927e+01 1.650951142540725414e+01
2.379807518655297827e+01 3.987825571511166345e+01 6.702347822862066096e+00
5.239374139624214877e+01 5.232911685996623419e+01 2.369702595078751983e+01
5.216412823572773050e+01 6.045122887011143575e+01 2.934741934921521533e+01
6.067487221563078492e+01 5.500450695511699450e+01 2.117300461505965359e+01
1.768544977271926655e+01 2.291441273605778406e+01 -2.996885923140325758e+00
5.727882335998401686e+01 3.545269543185122529e+01 4.764108875992405956e+00
4.781963979919646590e+01 4.132713844671070547e+01 1.353239368291178835e+01
3.164285492715725923e+01 3.629589205611728175e+01 1.802359438152325311e+01
6.701175931688521814e+01 6.110371376473426608e+01 3.593445178422257413e+01
4.098379930078135658e+01 3.530873905463204210e+01 1.088821177278214236e+01
4.201752592763295979e+01 3.596428538446161838e+01 2.849788611200438027e+00
5.424677614838083173e+01 6.190694960389168955e+01 3.073635907907919318e+01
2.810053126050024730e+01 3.832171462019823593e+01 8.059551977021328639e+00
5.469600051725410594e+01 6.746554228663126196e+01 3.042877677253227375e+01
3.751980789328445098e+01 2.779340621652136178e+01 7.609619647465478920e+00
2.881207535200064740e+01 1.507090501570269225e+01 -9.058468307453949819e+00
5.541793079215494799e+01 5.337386406949508455e+01 2.432212755541058868e+01
6.670979677453851764e+01 6.073080297389560656e+01 3.151399243231526270e+01
6.089212157606834808e+01 6.218114179685017007e+01 2.544770444881669391e+01
2.602203468139168763e+01 3.659901184908426330e+01 5.876133005797782971e+00
6.163088256630180695e+01 4.763203621664433740e+01 1.220035987605933769e+01
3.344117535072336977e+01 4.148529870794618546e+01 1.112548649487962393e+00
3.762781371281607790e+01 3.943528229155140252e+01 1.201469900890879217e+01
5.075799381305751012e+01 4.749467031473614043e+01 -8.097957844315715192e-01
4.765925711394311293e+01 5.043130690627003787e+01 2.611415246020578707e+01
4.328455076861882844e+01 4.137332219569589142e+01 1.335003783647880482e+01
3.909580635461225029e+01 4.680602912368794932e+01 1.975438309308174212e+00
6.002456333232612451e+01 5.919391249661157417e+01 9.310500973989746853e+00
3.895268618351883561e+01 5.309910680129769389e+01 1.463069814722211959e+01
6.343154419286156553e+01 6.417169031034518412e+01 3.037738820569620657e+01
5.531446025192235538e+01 5.317224293328854401e+01 1.694809161564535316e+01
5.601684668337384210e+01 6.245037900406623521e+01 1.022397217606976483e+01
5.623154513040935853e+01 6.382426256542839837e+01 1.267071718965553373e+01
4.235142858849212644e+01 4.175120077033307098e+01 5.976653608262950002e+00
4.157458684204539168e+01 4.885698177564063371e+01 -8.174308054530229128e+00
5.048790864058173611e+01 5.647320554409225224e+01 1.621033952171183046e+01
6.681598737594140403e+01 4.879881908420566106e+01 1.613519313142751344e+01
6.938217369775748011e+01 8.111328366777888732e+01 3.201058901878104734e+01
8.981262919355458507e+00 3.586947590162026245e+00 2.034898699872928773e+01
-1.167446654312470855e+00 -8.251085983708890126e+00 2.035154530673003137e+01
2.541646519271125726e-01 6.005692399897611722e+00 1.834963386636377436e+01
5.291799071690206802e+00 9.753961160585163270e+00 1.778864884454776529e+01
1.821408770018047107e+01 1.475325579580328395e+01 2.268542449299866348e+01
-3.574701041189882744e+00 -4.984134289553253438e+00 1.066552072420427066e+01
-1.302341878455035840e+01 -4.443572556706612886e+00 1.334958492155487875e+01
4.511508310861245263e+00 7.381687436167226224e+00 2.126883064903995546e+01
1.528741495449412469e+01 2.182921243130533639e+01 3.169098755492018427e+01
2.014986862874502549e+01 1.673066073070765469e+01 2.683876152409322913e+01
4.555479906674236190e+00 5.816846411920778337e+00 1.892817669313694751e+01
1.459045851813448280e+01 3.607344478142806565e+01 4.653781825686849061e+01
-2.570900082549997023e+00 1.536528715274891965e+01 2.387298984930953338e+01
1.158418001848531276e-01 2.364397952891977184e+01 3.621754467690675483e+01
1.500630142220120433e+01 2.418104620477129174e+01 4.348179290151574605e+01
5.857106598582504375e+00 3.152988886699040449e+01 3.852515790196116541e+01
2.072892911941207217e+01 3.815239748509145556e+01 3.572573075746902305e+01
9.748028447159299503e+00 2.480360137805956811e+01 2.097617421035414509e+01
5.394691114924626163e+00 2.709972916070626070e+01 3.728026488347745726e+01
-4.829166399707901292e+00 2.630206942065706244e+01 4.419418179707463423e+01
1.798678457055302715e-01 2.384640716581225206e+01 2.408633293268894704e+01
-1.149948492397470545e+00 1.136379591991226334e+01 3.037756971616204282e+01
-7.245224699420305114e+00 2.081195719856009418e+01 2.519260122499940735e+01
-8.437292074664128450e+00 2.780919024869831446e+01 4.207154885267232203e+01
-1.163201554736713206e+01 2.125564208322839477e+01 1.733638056797519766e+01
-1.379878273573399383e+01 1.578732243302033567e+01 1.928050158742712483e+01
7.769749392156199974e+00 3.247463514338392088e+01 4.254187525570750950e+01
-8.671337397187016904e+00 2.593663103383175894e+01 2.473695245738690573e+01
-2.715473958589427639e+00 4.032828895584043494e+01 3.930513574105339103e+01
1.188455369983307719e+01 4.286236872768812134e+01 3.296235951671073394e+01
-1.359584779982492364e+01 2.823495061844153042e+01 2.847080704694099040e+01
-4.322625377899953492e+00 2.111489594484959298e+01 2.449431695402927289e+01
-1.956145369165142256e+01 2.956863197989218861e+01 3.771984767331673538e+01
-2.217778516018438495e+01 1.475613237872994432e+01 1.345684279548356699e+01
-1.030334261790608252e+01 3.357501383157341479e+01 3.317291831286422621e+01
-1.148397558870374269e+01 3.364165214551337613e+01 3.015261054406323638e+01
-1.890681522389854763e+00 4.170092503258382521e+01 4.406085809893841088e+01
-1.500331259042002330e+01 3.795042592535031645e+01 2.708588459877501009e+01
-5.528636392463795346e+00 3.363997055640015788e+01 4.417138633740955811e+01
-1.404900830354358732e+01 4.496082376968365679e+01 3.064800032728180668e+01
-1.874051196012305809e+01 2.594492072996570187e+01 3.114787036741790871e+01
1.301663799311785397e+01 4.618955274880499928e+01 3.108962499185054185e+01
-3.373481155459148795e+01 1.659124111265350621e+01 2.206050521723000202e+01
-8.903149547083330617e+00 3.807964677635987982e+01 3.271449542276639022e+01
-3.649950981082156432e+01 1.691921869916086507e+01 1.989981045554554839e+01
6.454026785276141709e+00 2.511300378930431521e+01 2.643589611068119893e+01
-1.721131964730875552e+01 4.260830478040776370e+01 2.268777148955405210e+01
-4.554351693642320242e+01 2.118186268366770264e+01 1.186658906784418832e+01
-2.175026833822016670e+00 4.555100600740018990e+01 4.439554824444576298e+01
-2.936975586502057922e+01 4.235920496958647163e+01 3.943230197116008640e+01
-2.825311818646093798e+01 3.656939579519746530e+01 2.369697469558718694e+01
-1.619450510120987019e+01 4.724944551287387640e+01 4.537247215587217397e+01
-3.524568429486544119e+01 3.534685797593976986e+01 3.810091667213532673e+01
-3.353359905225852344e+01 3.022123343880730317e+01 3.535239663733659654e+01
-1.527583887306650468e+01 5.616750006514519100e+01 4.821064015007527814e+01
-1.971095362825212760e+01 4.683284490772746267e+01 4.528354979448522499e+01
-3.978302810504999343e+01 3.342167728848949082e+01 3.221080131668281865e+01
-8.719487517799052512e+00 5.907219322694652419e+01 6.044216590407108924e+01
-5.928104987468555009e+01 2.830749873513263992e+01 2.083798965341838993e+01
-4.427978885196353076e+01 3.415705556618308947e+01 3.040687649474784848e+01
3.445386919826660233e+01 2.021081894361282139e+01 5.033789344040405922e+01
4.963208118942895908e+01 4.990946495124023841e+01 6.026997305262216287e+01
2.398077512028362435e+01 1.186762061058766449e+01 4.174366050498929326e+01
1.137631207381355125e+01 -9.955633437350797976e+00 2.206316856050875685e+01
2.217692924865241366e+01 5.189345935524215747e+00 3.311716018136007733e+01
1.922316770310771972e+01 9.091357143802724750e+00 3.602718172111372041e+01
2.418322262187757588e+01 1.527875516866538419e+01 4.584667730798082630e+01
-1.363449804121000852e+01 -1.840444099024148272e+01 9.287967113383956530e+00
-3.421142294574110565e+00 -1.610494838464319400e+01 7.642950642203913958e+00
-5.424934805658722325e+00 -1.610997748918134675e+01 1.510745501813039482e+01
2.026367413911270887e+01 1.095610109352662676e+01 2.822195446151317810e+01
-8.151270496796314546e+00 -1.408534466142191377e+01 2.166219150920869652e+01
7.816040093747233186e+00 -2.712346297183785282e+00 1.652204232965937081e+01
-5.589032807049534313e+00 -1.603227667769715481e+00 3.692829248257612562e+01
6.570315360159611373e+00 -8.922203034278709310e+00 1.932554508746920874e+01
4.752824807662136664e+00 -1.954136414950653489e+00 2.624940496982526383e+01
-1.332460163240330075e+01 -1.524761604672130488e+01 1.984698037733369347e+01
5.345980196129858086e+00 -1.062442478486104847e+01 1.470773573550627589e+01
2.434401021144435617e+01 1.801719985416366399e+01 3.414160093993154987e+01
1.949005570309759605e+01 1.135410085211401565e+01 3.153736586800778241e+01
2.368569153412727246e+01 -4.013494147708115634e+00 2.943637032638616802e+01
2.729851774901749195e+01 1.048361843428369866e+01 3.547095535172252312e+01
1.426697206457492939e+01 1.592977041324274978e+00 3.488600318200246875e+01
1.458766287598200506e+01 -4.094805329299106234e+00 2.293339644965431035e+01
5.524186664356420806e+00 3.022401643534522009e+00 2.635316890137869450e+01
4.527502539595070630e+01 1.435402969292022135e+01 4.344286510497499876e+01
3.637614595222794378e+01 2.484691061242733667e+01 6.016296665954268974e+01
6.570615414789244824e+00 -9.472917998822595109e+00 2.142884946120784662e+01
-1.698454847380116917e+01 -2.285107235550958649e+01 9.617528424916145013e+00
1.407447745071203826e+01 -5.048030958666686274e+00 3.438255298936928739e+01
4.887394770770242758e+00 -1.427343580171873327e+01 2.673732153876790107e+01
1.874656577979953909e+01 6.001519688695680088e+00 2.360210684467028841e+01
8.864463678485208220e+00 -8.737923866035089304e+00 2.796858253119080473e+01
4.638002319870793144e-02 -1.329134134750097473e+01 1.247147970908463321e+01
2.655629519964531937e+01 2.575788728698626073e+00 3.433277563624233153e+01
2.423746986492233191e+01 2.984660717029555599e+00 3.633162464078441189e+01
6.266795633057427040e+00 -1.210032766780068414e+01 2.912563150502273857e+01
2.539914970331915356e+01 1.705863200013754977e+01 3.868535568433844674e+01
2.314060465875081718e+01 9.185897689700595947e+00 4.184833026770775177e+01
2.766566124318160291e+01 -3.849651370121591754e+00 4.075916817611278020e+01
-6.046254616576334229e+00 -2.148208625855613718e+01 1.794750974508724539e+01
-8.481835522889014101e-01 -2.171732334506941697e+01 1.745854301652116192e+01
2.843306437963474309e+01 9.087405044054776226e+00 4.318453453901884131e+01
8.378423996483888914e+00 -1.308340365841968378e+01 3.368049369629852663e+01
1.115615081518762963e+01 -1.187792238524298227e+01 2.873212056261581893e+01
2.025937433825083644e+01 7.565088854162240750e-01 4.305547530958256175e+01
2.497775711957956446e+01 1.192053244081421326e+01 4.481556199984402156e+01
-1.020397150804228659e+01 -2.345325189040477198e+01 1.377246326311342273e+01
3.692916358018646861e+01 2.022703640886061294e+01 4.545379902202057565e+01
-2.461874832836974747e+01 -2.683096724740380523e+01 2.020192943210304293e+01
-1.613867693264955960e+01 -1.896686699831479928e+01 1.609154923404321380e+01
-1.175182290585325973e+00 -2.179057615520923719e+01 3.436414740301188431e+00
1.948221650710502217e+01 -6.876362896670343616e+00 2.968976086490147281e+01
1.813116664599556316e+01 -1.023483536659432502e+01 3.430128821496646196e+01
1.874599960358409589e+01 -2.056481724779132492e+00 4.294136940361204324e+01
1.348841520638643487e+01 6.927818811077031569e+00 3.732686887418685728e+01
1.607904762580801616e+00 -7.773613558043052763e+00 3.231896809078943988e+01
-1.276657616478360069e+01 -1.364488595118382364e+01 2.884908574248356672e+01
2.866335360228731588e+01 1.048497012360803637e+01 4.713677451134208241e+01
-1.192347493694478544e+01 -2.029034116373759389e+01 3.162006585926701518e+01
2.573219474910638382e+01 -2.812719995773022674e+00 5.005495543184269991e+01
1.026466148317376792e+01 -1.914950689696388508e+01 3.593266257184723145e+01
2.132654172104821555e+01 3.684390452766820090e+00 3.667013368460675338e+01
8.179551963396534120e+00 -6.561717863972717169e+00 2.869352078079600687e+01
1.591266719796021789e+01 -1.552622712222910195e+01 2.423494672629203706e+01
5.760180559617310792e+00 -1.325941059734350347e+01 2.165718241183958526e+01
3.272400424475472391e+01 8.816113461421082320e+00 5.631150498575334495e+01
-1.686425375924818582e+01 -3.659957531153122545e+01 2.110707564832364369e+01
-1.215496622386490344e+01 -3.021317103203409715e+01 1.349871292502939468e+01
4.003754823761937587e+00 -1.366107105956916712e+01 3.974339247760281069e+01
1.469492228148919821e+01 -9.004376117544325098e+00 4.344836851757918339e+01
7.225488153607329878e+00 -2.219713461864466808e+01 2.616262353311367406e+01
1.943760680085870263e+01 2.879560028480227629e+00 4.168926629062389111e+01
1.120961985804115102e+01 7.812086150611321500e-01 5.091641895086968361e+01
1.421776102051126145e+01 -8.505142975181115617e+00 4.516736628153057609e+01
8.878730097829702572e+00 -1.642385849705033252e+01 2.232745383309475073e+01
-3.139416092476494669e+00 -8.887919937283186300e+00 4.757616383598224274e+01
-7.956250200284557650e+00 -1.672045745397917926e+01 3.133200739976018667e+01
9.436480365720399277e+00 -1.607488235490563966e+01 3.386726259321312682e+01
3.953223971789157076e+01 2.978109702209621901e+00 5.033299045069043132e+01
1.247691637181060287e+01 -5.442288872879089467e+00 3.974264763919290999e+01
2.920355045160522423e+01 -8.872376958900076716e+00 3.627244859671736776e+01
1.613529943903813546e+00 -1.673267535151626362e+01 3.715016730669003664e+01
2.349780309314155602e-01 -4.555675323437753832e+00 4.286424586705743422e+01
1.046159822156369046e+01 -2.173349140015443481e+01 3.706555759497405234e+01
1.115745123874512501e+01 -2.419747268542641905e+01 2.914682498399770338e+01
1.136870701562884278e+01 -2.033928735097470053e+01 3.783899587286077804e+01
8.572255216613029916e+00 -9.233411637011613493e+00 3.502796199227486795e+01
-8.749504267607790098e+00 -3.312188428615627345e+01 2.308943282658856333e+01
2.472796886315563825e+01 1.832208797033672454e+00 3.986589306997620952e+01
2.547057810225533103e+01 -6.088554958932036243e+00 3.542122678380201251e+01
4.457354150349601696e-01 -2.501809159958702367e+01 2.454334520341990356e+01
6.091330687283971201e+00 -2.785495466952852439e+01 2.774645951018783308e+01
2.672363985856190993e+01 -1.751644500448946928e+00 4.314076101219325210e+01
1.568067400834297587e+01 -1.106088676847502938e+01 3.575417562284337691e+01
3.347533728878261172e+00 -2.786363113447532669e+01 3.600953044691277682e+01
-1.320622715197168873e+01 -2.618917578089622111e+01 3.219142439934967115e+01
1.413537484397193111e+01 -3.345258757127385252e+01 1.797083812794198820e+01
1.741267841617354861e+01 -7.469706774805672467e+00 4.782590067138562517e+01
6.139868040670080518e+00 -2.994338533482869025e+01 1.977140229913584335e+01
1.521092433625017293e+01 -1.646273472040320485e+01 4.300675138045744461e+01
2.373473203180583369e+01 -2.409846116892367718e+00 5.314696387514231901e+01
1.679422115246552494e+01 -1.258172530984893456e+01 3.620667610528926161e+01
-5.896960954377391317e+00 -3.104323555713517635e+01 3.223383903671765438e+01
-6.541830507535451034e+00 -3.298835154587732177e+01 2.758590859516016280e+01
9.643339285576075781e-01 -2.080750193868061615e+01 3.651835051618400030e+01
-6.307769415196162299e+00 -2.944400307937621619e+01 2.347117369010811672e+01
-2.169698770931063336e+00 -2.581609067178078476e+01 3.387982321101890193e+01
-3.870705923551213345e+00 -2.919629108719482247e+01 4.195748228715365258e+01
2.456322374436285827e+01 -2.247196423682908062e+01 3.486209600622350990e+01
1.517906281954583392e+01 -2.249928758133955853e+01 4.063560559560664842e+01
8.018660793141862086e+00 -1.354324715167877002e+01 4.629153446040982089e+01
-4.151314802563319972e+00 -3.083100212113640737e+01 2.940291869141992720e+01
2.566584545017121854e+01 7.010776336642265960e+00 5.324948689394477697e+01
-2.194584081171342405e-01 -3.331339984239821206e+01 3.736280399622864934e+01
1.631083718569334451e+01 -1.780209698154794751e+01 4.469077262619066460e+01
1.628855297673908353e+01 -1.287515386672521345e+01 4.805924858898652019e+01
1.242305504425348772e+01 -2.906314612009236953e+01 4.303199701340554384e+01
-2.000465819766668574e+01 -6.471654859862701414e+01 1.120100076354356133e+01
-7.731154077129303914e+00 -4.015430334682014291e+01 1.019490911477396367e+01
6.551527591811463935e+00 -2.528679715904945624e+01 3.804605655668046893e+01
-1.158452195110749017e+01 -3.937881772418768378e+01 4.463616920002823463e+01
1.648275097493024077e+01 -1.304126749839042532e+01 5.119656929613483953e+01
-3.519528553104464663e+00 -3.850019703696580109e+01 1.648989830767868625e+01
8.391846309315042163e+00 -1.664609950492604185e+01 3.687381064514465834e+01
-4.971625284680158074e+00 -3.679926662416983163e+01 3.370783693935845804e+01
1.032705223220636981e+01 -1.846563626111446865e+01 4.139760538817199631e+01
1.983147310595904855e+01 -1.174233108913085744e+01 5.614401718313183665e+01
1.995172390908192028e+01 -3.137642373310609401e+01 4.058865019374979966e+01
6.298895175674260827e+00 -3.542597390432365501e+01 4.022216615126762917e+01
9.847911723013567098e+00 -3.706121663612975681e+01 3.809538789952239313e+01
-1.126049930626095374e+01 -4.504789988539096157e+01 1.613965967502736021e+01
2.840065703785512596e-01 -4.510975134899672412e+01 2.849255421385259979e+01
2.245910077048574749e+01 -1.811578139857238057e+01 5.767271903721348281e+01
2.498763707330181205e+01 -3.056268173658145315e+01 3.949549445994944108e+01
