1.234918138449927483e+01 4.193854622744623839e-01 -8.602388734965984440e+00
9.548112187896350633e+00 2.135960219111581182e-01 -9.906028887258308657e+00
7.557665206646561273e+00 4.898924619061574504e+00 -1.004321640604509014e+01
1.231950769496322806e+01 -1.338045201116159433e+00 -7.299520691394085325e+00
5.146025982073410887e+00 7.102558890333455111e+00 -9.127992462894425785e+00
8.863143964286749110e+00 5.477694655825345649e+00 -6.220329236874732715e+00
8.540783293394895281e+00 2.569013629262968834e+00 -1.059305241132959452e+01
1.079858726946005731e+01 3.482008906664447068e+00 -1.528782483286805416e+01
8.300355786816538739e+00 3.947940663353477930e+00 -9.588037226455327300e+00
8.063142073309691682e+00 2.400028315815248448e+00 -1.005013508155304436e+01
4.313675528760285260e+00 9.299026418371369118e+00 -1.021517093782327379e+01
8.832166757433213888e+00 4.974724101934157261e+00 -1.238558815251201395e+01
1.100225506181470791e+01 3.316624302451828044e+00 -1.307557163675225809e+01
8.073642935520240371e+00 8.265176003584628006e+00 -9.880826349965374789e+00
9.338040813243793536e+00 7.793316888453404090e+00 -1.364126968787573446e+01
9.879995949197848404e+00 8.997232458161420254e+00 -1.623768814190555076e+01
7.895360360448506754e+00 9.104576092953635680e+00 -1.373957114165455096e+01
8.522141097124944054e+00 1.259599681119641446e+01 -1.439269029020158541e+01
6.512557406951145822e+00 1.047234446326902457e+01 -1.487022136921049764e+01
8.418036171355055330e+00 1.046709108434967561e+01 -1.516717784430105098e+01
1.013460221873776845e+01 8.592152565839853651e+00 -1.408295252491777205e+01
5.754380982199705841e+00 1.027462429627675533e+01 -1.280201378250663424e+01
6.409585944508364719e+00 1.145287309828805178e+01 -1.298388565992436838e+01
8.612588760531394882e+00 9.219001170037870452e+00 -1.643039853043879361e+01
7.851902210686318995e+00 9.162599041169215752e+00 -1.407682061422434572e+01
7.539138679043816182e+00 1.093027716552833795e+01 -1.601994739122946498e+01
5.727675049314456146e+00 9.114136378553325812e+00 -1.418000669406379188e+01
1.039176682786649053e+01 8.588639960624277592e+00 -2.053732983104552545e+01
9.503553288873376914e+00 9.173842672316538938e+00 -1.587767123265024338e+01
7.608895240403086291e+00 1.039589753263314265e+01 -1.563206533329937997e+01
8.215715566949313597e+00 8.453485521564317651e+00 -1.583974381416169308e+01
6.607639148000288287e+00 7.565129447673484719e+00 -1.189579631563427142e+01
2.823151466789653341e+00 1.290118393513361639e+01 -1.367680599040784273e+01
7.192499514294780738e+00 1.062995490008478328e+01 -1.566907808459419016e+01
8.053895998469300821e+00 9.605869112660883502e+00 -1.495958631166837449e+01
8.375233580617248208e+00 1.083028570613589636e+01 -1.786737148166804445e+01
1.012810258494764071e+01 8.270087403914004653e+00 -1.795211963392173971e+01
6.927456459985506854e+00 1.003600727232429790e+01 -1.523491581408063666e+01
5.044144635859197479e+00 1.112994583255292014e+01 -1.741395473225028923e+01
7.684550099775265153e+00 1.237345473810347585e+01 -1.817458123693961625e+01
9.817807512468448294e+00 1.366807102873349322e+01 -1.908851474991979558e+01
1.115730859451304013e+01 1.197972450091657493e+01 -2.011522055018619426e+01
9.373239508955464316e+00 1.237669604676221979e+01 -1.784267781858932267e+01
1.052739242986967838e+01 1.070386089470594015e+01 -2.011337792094033716e+01
1.617000832555845591e+01 1.010549865219547883e+01 -2.457306709025218083e+01
1.195414145141273821e+01 1.387265066228223986e+01 -2.352266047164766860e+01
9.540463338855090569e+00 1.311165463838710821e+01 -1.820424510187064016e+01
4.047104860685294625e+00 1.319354465785806951e+01 -1.584344172496227543e+01
6.884682459502585061e+00 1.046685265820514132e+01 -1.904878694448709098e+01
8.940751419214620910e+00 1.524580448637880181e+01 -1.997642632709380450e+01
4.637326166065008692e+00 1.626496179775506334e+01 -1.999058544548620375e+01
1.167921681424411418e+01 1.183978283766907680e+01 -2.045233719652947002e+01
9.169433524823375592e+00 1.548272206509733451e+01 -2.024059324244444724e+01
8.764669274769062213e+00 1.404749824393792323e+01 -2.151420839507403571e+01
1.127493904593637808e+01 1.469057998063652803e+01 -2.728829189657994903e+01
1.201414727898867341e+01 1.226887059327816587e+01 -2.218027494257296439e+01
1.286199144625174995e+01 1.411961501118349815e+01 -2.670376941940310189e+01
9.780063351723470078e+00 1.454778129171779710e+01 -2.239395245218167929e+01
1.485641777076932613e+01 1.429505217034483167e+01 -2.905835401298548959e+01
1.515572332436562419e+01 1.636600714802563061e+01 -2.907815685678951922e+01
8.360857296589870202e+00 1.232847876448670377e+01 -2.122429055313381241e+01
1.147232558632890687e+01 1.727312775592133676e+01 -2.761878112814525821e+01
9.500973316094871279e+00 1.542924455510205917e+01 -2.383197549334607857e+01
1.384907119843421697e+01 1.792053476573892112e+01 -2.331722458114137453e+01
1.239740438331961059e+01 1.749679619804965114e+01 -2.900777403923257225e+01
8.689163491484350743e+00 1.449573255404203564e+01 -2.259371643335350655e+01
1.473599507868868841e+01 1.507609571137743387e+01 -2.621444860575456914e+01
9.189732565865597280e+00 1.806298320161647553e+01 -2.705603353482871398e+01
1.201368354191743038e+01 1.680563683690593280e+01 -2.861186217123537290e+01
1.231579933487546441e+01 1.646501837412233726e+01 -2.609777148442407224e+01
1.279249984013642916e+01 1.691846438173962497e+01 -2.866798065240919868e+01
1.005630037886606942e+01 1.753173233611789783e+01 -2.389567147965760796e+01
1.565574701955506498e+01 1.323050075629822686e+01 -2.944597819880658562e+01
1.291030812989794185e+01 1.664360001932408295e+01 -2.611324709005441491e+01
7.260172133838977970e+00 1.684363061045064569e+01 -2.180877275667137383e+01
1.213888126305477044e+01 1.428630918432600083e+01 -2.619413784459180761e+01
1.337917066235422681e+01 1.528894712773046649e+01 -2.712571695447576303e+01
1.478312058750259439e+01 1.601960708518021193e+01 -2.929590984446838320e+01
1.137429705366906774e+01 1.713163674256651348e+01 -2.622758397238726502e+01
1.103902780877382384e+01 1.900004036690063458e+01 -2.666297867187995507e+01
1.003636814313460945e+01 1.814455328329142958e+01 -2.960777282993257131e+01
1.310305498435167237e+01 1.642382442629866546e+01 -2.602621502649122931e+01
1.320813489202515711e+01 1.296772353947181955e+01 -2.582984949614126435e+01
1.231488620790810273e+01 1.561993824697685795e+01 -2.679736676887631575e+01
1.457111209742174651e+01 1.501296852865982601e+01 -2.998420964013268986e+01
1.252434568538797066e+01 1.673977937462996124e+01 -2.857226777541143292e+01
9.557826130397927500e+00 1.833103011484445233e+01 -2.610337586163529977e+01
1.706839504591061996e+01 1.773100403622225940e+01 -3.216337281979656382e+01
1.204670050848187657e+01 1.879967499180520463e+01 -2.970909354428948745e+01
1.176099128999612731e+01 1.932588676727385746e+01 -2.550710799743109192e+01
1.716338808058304721e+01 1.817595372090028150e+01 -3.517159438018535411e+01
9.477441763923536655e+00 1.667556521454815766e+01 -2.618394058829238702e+01
1.077726833061137768e+01 1.822384554240397847e+01 -2.634299937738586550e+01
1.552003294552599755e+01 2.130578428802471080e+01 -3.208753987291083831e+01
1.414533874262434665e+01 1.710119079927653729e+01 -3.467323056780196566e+01
9.812008922658719712e+00 2.151758042911535540e+01 -2.919000656475964206e+01
1.268843683828811209e+01 1.834182163461662185e+01 -2.950769096872949149e+01
1.341797865281517943e+01 1.671768452528101534e+01 -2.831639317433547376e+01
1.511667459549113346e+01 2.015542786937822939e+01 -3.366239839437076853e+01
1.347802331125848241e+01 1.880697026748930512e+01 -3.718962431523635814e+01
1.511368580188849364e+01 1.837568113395860792e+01 -2.995345464397604474e+01
1.598977393527150070e+01 1.806952845546021535e+01 -3.620072273433947885e+01
1.406287238160780362e+01 1.873120476090554121e+01 -3.456695233319283034e+01
1.617925072278256948e+01 1.640375969123044797e+01 -3.079491983570244429e+01
1.306178355140173153e+01 2.370793015134523785e+01 -3.314549064139208667e+01
4.813082605153965687e+00 6.825279264135417634e+00 -1.109204403543955664e+01
3.634023267748645480e+00 5.734088722426776030e+00 -6.958837241057537426e+00
4.715823184409856594e+00 9.064631382192970932e+00 -9.663497186820592333e+00
5.107975718539961463e+00 1.175611441871114948e+01 -1.145434062667399644e+01
4.974684389663622142e+00 9.415177864657493956e+00 -1.369588278685657201e+01
3.768175696597381830e+00 8.917285779869928319e+00 -9.604974851589673790e+00
1.467335983083756901e+00 8.926337227412247444e+00 -5.275188038675622693e+00
3.559325786830527250e+00 9.935907157776682652e+00 -1.082886851789973548e+01
3.461200164501775589e+00 7.413173651077897830e+00 -1.195890124142664490e+01
6.572756710913012057e+00 7.776036268437906074e+00 -1.184955925093439078e+01
4.078306574138082397e+00 8.216724627793752234e+00 -1.003366132643722608e+01
-1.837368935952696347e+00 1.422649669578689213e+01 -1.076509873015984908e+01
7.650417740231034713e-01 1.305214852487978305e+01 -1.256732169697548329e+01
-7.062792525854604264e-01 1.414472585774709046e+01 -7.752601212454038659e+00
3.935904011706270467e-02 1.072831371881127893e+01 -8.640120735793061613e+00
-2.141007867134675280e+00 1.250801240816304016e+01 -7.822289403648824191e+00
2.332863990587838998e+00 1.383528503050911240e+01 -1.464293558229053360e+01
3.265961850703632763e+00 1.280425261372266732e+01 -1.439809068473275033e+01
-2.979744111780178173e-01 1.261060572429892090e+01 -1.033309001016016282e+01
-3.975246177538281245e+00 1.200093340866840208e+01 -5.045724693250321025e+00
-1.349001765899259908e+00 1.392487894212808897e+01 -1.148466032599225173e+01
-8.103925043172353071e-01 1.040380904878983870e+01 -5.945873985685580010e+00
-3.213293473913097387e+00 1.464936620323982197e+01 -1.080937237284953767e+01
-6.586949390992401732e+00 1.228333561117955242e+01 -6.170848904712954663e+00
-1.289399076137669908e+00 1.683204625261319620e+01 -1.295919131106376199e+01
-2.528031254512626447e+00 1.582087592784441199e+01 -1.088519145040064018e+01
-2.148659972876970414e+00 1.190152117542098154e+01 -8.411049406931027761e+00
-3.827142956595906753e+00 1.611774885102522603e+01 -1.064474089147296354e+01
-5.614693751587140014e+00 1.787074866371582971e+01 -1.008722979862596958e+01
-2.991892585285995665e-01 1.833212780919893703e+01 -1.487771914623277780e+01
-5.483846816063163487e+00 1.665631206804707176e+01 -8.753392131516562813e+00
8.312080314811680637e-01 1.383456998452263065e+01 -1.245358653884446198e+01
-6.197050556834227564e+00 1.683013737335943460e+01 -8.454938912090426584e+00
-1.857189545059611646e+00 1.805635928064188533e+01 -1.159609681923677726e+01
-4.093833444929202869e+00 1.726435089790356869e+01 -1.247676011882373359e+01
-3.849296772194293226e+00 1.695628713458012271e+01 -9.654445021935600835e+00
-5.404764875224486786e+00 1.808867186038270347e+01 -1.240772118226965404e+01
-6.710148883392889729e+00 1.909105297876774898e+01 -1.347456088858388057e+01
-7.976751590595711150e+00 1.567618569870484180e+01 -1.069359158626531325e+01
-8.741189981170123247e+00 1.913448284623282802e+01 -1.037899499979613438e+01
-8.614925359611788735e+00 1.871841892704517818e+01 -8.709171732421282286e+00
-1.444800062546846675e+00 1.870735875092583456e+01 -1.858594661177517082e+01
-9.477143066135425897e+00 1.699750774736367021e+01 -7.385317080923414323e+00
-8.258500187678180282e+00 1.925567133043981016e+01 -1.233207772056698559e+01
-1.068509209312347252e+01 2.018947044318218786e+01 -7.444119853147014965e+00
-1.048653494091240646e+00 1.753186520562974238e+01 -1.436060312173242437e+01
-7.503298338874571982e+00 2.058436124036137471e+01 -1.278988123399227561e+01
-9.908312847162392245e+00 2.165819900561905342e+01 -1.334447594371533796e+01
-3.993514147063649489e+00 1.823144034455447127e+01 -1.177026739735043748e+01
-1.454711511424130777e+01 2.158687242533986250e+01 -7.734145274599086406e+00
-1.125966267478565896e+01 2.357443110293468180e+01 -1.112259383988697437e+01
-1.086473507727919241e+01 2.241690405549852017e+01 -9.326672517293843612e+00
-1.196765911225611489e+01 2.314809119497647316e+01 -5.952370206511659489e+00
-1.235875007320180430e+01 2.181625811517847069e+01 -5.547337447724146386e+00
-1.279458930675190231e+01 2.223627532131598628e+01 -9.522517436046484818e+00
-1.210541452242881633e+01 2.095227664153571823e+01 -9.659356586814965340e+00
-1.207473026808531813e+01 2.483928187760415085e+01 -1.062941141807692702e+01
-1.368367418883480013e+01 2.434183211492580767e+01 -6.593044944803068574e+00
-1.799133770791513598e+01 2.508492521439629286e+01 -6.750346531618959034e+00
-1.636663408078391058e+01 2.646148415986402824e+01 -7.823122917632474582e+00
3.834350582131165197e+00 6.162183089171335837e+00 -6.584836097398635957e+00
6.289340872219867151e+00 6.279206203896450234e+00 -1.208742155068438251e+01
5.168920271557169599e+00 6.335843413650067646e+00 -7.595025303426737651e+00
5.875513295488360654e+00 2.545333135039712147e+00 -9.556435225781939380e+00
7.173485034031685359e+00 6.427429857920046175e+00 -6.207613438020132435e+00
4.885603900030133673e+00 7.592680858564875734e+00 -5.213927350982359599e+00
2.678609299921973275e+00 5.440873647254107937e+00 -7.840837482177590800e+00
6.652793609498388605e-01 5.956110141716550288e+00 -7.264216544665487163e+00
6.188124996476844331e+00 5.721919559743781747e+00 -6.317911033851487446e+00
6.897763612237511666e+00 3.295651286415690606e+00 -6.954035760457813353e+00
4.080048993762773080e+00 7.956894940554718687e+00 -1.106577414959198791e+01
3.677184125890448740e+00 4.161157505052571537e+00 -3.581391595797356331e+00
6.101543870576193740e+00 6.457797715211569312e+00 -1.037173729187179561e+01
-1.096168130270669394e-01 4.623328881208152552e+00 -5.324586309245233906e-01
6.898147016828659162e+00 5.893414075766173710e+00 -7.666615347474063924e+00
3.620751855960065768e+00 6.833989791933674951e+00 -6.572295578470743749e+00
2.394465793140781784e+00 3.994371082850818766e+00 -3.402408991457271270e+00
5.732404394363626920e+00 4.354423907658187431e+00 -6.306999563940507869e+00
5.894261051477855062e+00 5.902047916928523819e+00 -1.068611981564976077e+01
5.130945546533482116e+00 5.490379943447805999e+00 -8.672267109733553525e+00
6.777090668870982881e+00 2.244783724624753063e+00 -6.003727413085037767e+00
6.042628317392271242e+00 4.700292000561958616e+00 -8.694939878681694267e+00
5.068204972174427780e+00 4.088676873464365258e+00 -6.363104536736372552e+00
7.935299143248386144e+00 3.493182198396809213e+00 -5.479752415263050125e+00
5.910209593443951803e+00 7.467739746832123160e+00 -4.766163145774214627e+00
8.822489372826879617e+00 3.958103393524538660e+00 -1.044010294046853460e+01
2.676126133956216790e+00 5.965979289748020165e+00 -3.598770513655523473e+00
5.299022058432882432e+00 2.601748055916303315e+00 -5.136188853524501496e+00
4.387823877369989134e+00 2.552016618216242705e+00 -2.029155137982126433e+00
6.860488679313704097e+00 3.465315469744638222e+00 -4.906121790329343924e+00
6.179777128792629526e+00 2.104709450768261547e+00 -1.981508672973948393e+00
7.813039544974600403e+00 6.564855483941329339e+00 -8.844144595101397499e+00
6.620541240740458022e+00 2.547869528039541365e+00 -4.117534280116107226e+00
6.672544145014953187e+00 4.157333196919950069e+00 -6.495878432982436834e+00
7.283269718469028930e+00 3.344158565401954775e+00 -6.534386598351332509e+00
4.915231891438011758e+00 4.686289858208041892e+00 -5.637473958277837482e+00
3.932648844174863711e+00 3.814793797187078894e+00 -3.386420680848367226e+00
6.771756041209471277e+00 3.992393656837137428e+00 -6.378927205965197800e+00
4.565239288342255009e+00 2.688174539947873143e+00 -4.155802128598182321e+00
9.067636025971133051e+00 2.536286319223847840e+00 -4.873742108560222164e+00
2.612846152114766340e+00 6.617371790383757002e-01 -3.204597639757238881e+00
6.645341261699755364e+00 3.151327191402259587e+00 -3.570200229728087038e+00
6.481884964645935554e+00 -2.288898096616875932e-01 -5.753059179174499604e+00
3.260595220136256245e+00 1.275923030436828753e+00 -8.255628728600630239e-01
7.700472454904783604e+00 1.719584788048301505e+00 -2.121478950942043085e+00
4.077338531790637433e+00 1.881657208027682771e+00 -3.561558566389518177e+00
4.623521672856170994e+00 4.400082728666362186e+00 -5.742553924740221305e+00
6.169234613697000214e+00 -1.517620400115191615e-01 -2.901826322607790942e+00
4.942013656064347060e+00 3.592559578646159935e+00 -5.537606407905528272e+00
-1.805816608468212792e+00 5.090176207893382099e+00 1.973539372241724266e+00
2.758895722134738548e+00 3.427294084412835673e+00 -2.619990964835309910e+00
1.030209473699019895e+01 3.011075908688098934e-03 -6.858915061458262130e+00
5.785558886375326892e+00 8.540004843412845048e-01 -2.615516564028335100e+00
5.921059496533685795e+00 -1.856675534334366162e+00 -2.422354636737743760e+00
4.568190925633558663e+00 3.905472103417473306e-01 -1.641786084201981133e+00
4.107617752205470651e+00 5.178948119447994713e+00 -5.044529208695578859e+00
2.422792414469229882e+00 -1.592237602980698385e+00 -4.743192706610166454e-01
9.899489380794079807e-02 4.360268237334285146e+00 1.317244491905473325e+00
6.180131377018994954e+00 1.499840145314088602e+00 -4.927561817635798036e+00
3.697953417418251121e+00 1.912086421737999586e+00 4.963070732835834775e+00
5.796562856439637201e+00 3.426766098159106377e-02 -1.021902396645264943e+00
5.672007149254575609e+00 -2.245347201122385172e+00 2.426486407917764154e+00
7.647128222529921970e+00 1.588002838184479515e+00 -5.557653199120011323e+00
5.183195283767162209e+00 2.418910909685969557e+00 -4.299841086038007631e+00
8.741607653965303371e+00 -6.001943599090679982e-01 -3.701869647897044757e+00
6.815864111538665782e+00 1.020930962519869922e+00 -4.883327488744086509e+00
5.363075138315116064e+00 -1.058842082580824240e+00 -6.809035840871899836e-01
2.699109413414044312e+00 1.033180439137975526e+00 1.546892281102515199e+00
3.098687141867582540e+00 3.759363807425017967e-01 -1.557754139777373759e+00
2.081482472434533548e+00 1.743082163194635825e-01 7.431574666110360994e-01
3.903640551931943037e+00 -7.235956751115679708e-02 3.954046406587437446e+00
7.109786873391577444e+00 -1.071755580336851921e+00 -7.299766949584842735e-01
5.131992736921645815e+00 1.502469531762045563e+00 -3.018486780202611186e+00
2.241040896548001982e+00 1.007482784932081099e+00 2.122014310020285066e+00
2.598845858182134094e+00 5.306830157717712382e-03 2.626735820127080956e+00
6.105888410675589739e+00 3.546008291496605125e-01 -5.381192536649717084e+00
-2.887167126181694243e+00 2.172452861045631067e+00 3.524141474270809926e+00
2.528847001439579856e+00 -1.467052701875349641e+00 -2.208142601583418241e-01
3.428949536170156520e+00 -5.595163768994364517e-01 1.570930024822239091e+00
8.233210871517128382e+00 -2.802407171283924470e+00 -3.858074062423018091e+00
4.208984429700059593e+00 6.304033511559765657e-01 -2.336144671768106917e+00
8.198330538197435402e+00 -7.168661534695530690e-01 -3.709963392596138831e+00
2.585939560606320242e+00 -8.690740827347980257e-01 3.517252179204398033e+00
1.746657811707130747e-01 2.625149040906254783e+00 5.937215625047311818e-01
4.527785649139431712e+00 -1.217845479575665024e+00 3.582456293774647804e+00
7.194228428776720641e+00 3.199201600857204397e-01 -4.779447554255256136e-01
5.561436725222783650e+00 -3.613147789044290903e-01 3.685016757251020181e+00
5.222664568926859374e+00 1.297394177850470953e+00 -2.961631472768537776e+00
3.676622887588141708e+00 -3.227946868041406958e-01 2.708549157965300935e+00
6.434515682961102101e+00 1.122517726112958414e+00 2.249049827401847779e-01
9.556591326641237671e+00 -1.258030296491476463e+00 -1.576007093966907746e+00
7.221467810743419591e+00 -5.230179786302358025e-02 5.425216438233860572e+00
4.918781300788591437e+00 -2.868665346632738533e+00 -1.039435995449693451e-01
5.756244542360988703e+00 -3.517573526408016349e+00 -9.510637126933190189e-01
5.733247596010500047e+00 -8.523480420084119658e-01 -1.888814975435778365e+00
3.753797928022187591e+00 4.593882950710082014e-02 6.840819621862777922e+00
4.283976623827811636e+00 5.119198913117060101e-01 4.900754393306627321e+00
1.096437087127605459e+01 -4.233984778636793678e+00 -3.610290770377268643e+00
2.460061859562181041e+00 -1.096283650875363946e+00 3.877149845948252960e+00
7.060260136116340846e+00 -3.683064322545561708e+00 8.742442314279799120e-01
4.681321516014719464e+00 -3.683709372775211932e+00 4.404362112111940064e+00
3.741850047903142240e+00 -4.200869813728139945e+00 2.591506216305475618e+00
4.985502444870942185e+00 -2.275723524419515087e+00 -3.251361911739110155e-01
1.015000897654360301e+00 -3.370469897019091832e+00 4.009491422947107253e+00
5.321269557773916858e+00 -3.642994861380529414e+00 6.184512881239399462e+00
1.979461710808045893e+00 5.193347866640394273e-01 4.742590491155148413e+00
2.413437121870046553e+00 -3.509438576580592439e-01 4.198345588465180356e+00
2.678114248415489840e+00 -2.156836135478393146e+00 4.102843418996663161e+00
2.684111172335121864e+00 -3.161375584974422281e+00 5.914832673724220058e+00
8.224151548263225919e+00 -5.198388396436218528e+00 -6.854444701390889350e-01
5.985793291104769764e+00 -3.965642111137604786e+00 4.623335140886339900e+00
3.249742571050646234e+00 -2.137008884684007626e+00 3.873262277742071547e+00
4.604257424923005715e+00 -4.846875692225026455e+00 2.455611982004185734e+00
7.281035853493524890e+00 1.463286194607249513e-02 -8.789808424155900468e-01
4.299573742177500435e+00 -2.866828060192034400e+00 7.683608712010808972e+00
5.915749845388589279e+00 -2.865459139165928093e+00 3.983278338459442125e+00
5.404784148628948515e+00 -1.345502710701282467e+00 5.156464402015515702e+00
7.105927459948929936e+00 -4.620659138686846745e+00 4.688514383718981549e+00
5.718783797758774767e+00 -6.118153855918350814e+00 5.853131656604659838e+00
5.673028285281318972e+00 -5.109582492895253125e+00 1.047874496387777299e-01
5.787501347760972692e+00 -5.713755856867699379e+00 2.071259544165712896e+00
4.253815992229874610e-01 -2.798963658924733977e+00 1.150042241175977153e+01
4.148948783319283962e+00 -2.432128624571802789e+00 6.741316691407519102e+00
7.212936681189901833e+00 -3.821130242874403393e+00 4.337401709858781373e+00
5.759247582750909089e+00 -6.438435924512724284e-01 2.850452823402115143e+00
3.324478609900239690e+00 -3.023954932119536920e+00 1.044527243912385472e+01
3.950416461141614377e+00 -2.538429396013086148e+00 5.411024290096534628e+00
4.445992638252022289e+00 -5.538131960431755374e+00 7.542298030644204232e+00
9.716681060883388454e+00 -6.545972928220152198e+00 2.846984340390378065e+00
4.649290732010626925e+00 -6.284291691440586192e+00 7.709940873101913894e+00
4.535822579747517125e+00 -8.035916214913598310e+00 5.768719171037702154e+00
6.741425530959297419e+00 -2.546618267246039125e+00 4.255667089594240338e+00
6.411670504807162274e+00 -5.833965862138825287e+00 7.386545839643929412e+00
6.317980882596259562e+00 -5.965651800313494846e+00 5.195501978592631076e+00
1.046795977095342778e+01 -8.237293537401995991e+00 5.590709659246300589e+00
