4.277738957121664498e+01 7.424935581964291487e-01 7.353496910558305899e+00
3.848739077286290922e+01 7.249189958838087477e+00 6.746278757338359355e+00
3.537583661414601011e+01 1.593293358429673390e+01 1.159666288559969871e+01
2.251316182580330860e+01 -1.525344335408044572e+01 -1.532972591240422844e+01
3.650867258880953159e+01 2.907780562686593839e+01 1.732627821645269250e+01
6.528712561790871405e+01 3.235799398950757677e+01 3.293837652710431030e+01
5.877942655111201020e+01 2.599465492074932627e+01 3.429682020033260414e+01
3.392585530582687170e+01 4.619089557070310548e-02 1.635329427572878558e+01
2.118083943498163535e+01 -2.801044786981037760e+00 -6.734963807934491342e+00
2.619283522196974445e+01 -1.283842998960608384e+00 -3.589669494579084130e+00
2.628264980651579208e+01 2.938290466943260526e+01 1.771565703525584468e+01
1.971603766178395745e+01 4.325826559336746868e+00 1.151754230887740960e+01
3.489792828483791709e+01 1.083854455209961998e+01 1.258301578658938524e+01
3.299132902156316050e+01 1.518776318959430682e+01 1.646110758580323363e+01
5.816534830692415881e+01 2.803868157728254573e+01 4.012621719479045623e+01
5.320165667421292710e-01 -9.831959739017310795e+00 5.468241741361774544e-01
1.573878079672306285e+01 9.255185058578774715e+00 8.244120544335032719e+00
4.478591103666607154e+01 3.690736298519603764e+01 3.919268639084698691e+01
2.683481367833508102e+01 2.056471330578497714e+01 2.549309815108151156e+01
-2.042489524945835910e+00 -7.733747295410836387e+00 -5.834540852610530237e+00
3.197836654275226920e+01 8.678058517381202819e+00 2.158244303536537245e+01
2.617510734826225871e+01 1.311135353436088735e+01 1.347985593774433255e+01
1.040428414416351188e+01 7.851972618548131777e+00 9.911531688439936261e-01
1.777416372827236302e+01 3.599866412940793126e+00 1.295878609037251117e+01
3.138806118337913631e+01 1.389272846395522265e+01 2.131694914004486918e+01
2.790288853230052624e+01 2.126198052474329714e+01 2.953234559639292556e+01
-6.489954814982183962e-01 2.766442927960156339e+00 -1.421830016970483257e+01
2.049125692430823165e+01 9.879946086252061832e+00 2.789319784310794148e+01
5.157010902517806272e+01 2.876041105687318833e+01 3.933674343458231704e+01
3.299272544555026343e+01 2.172549656803272455e+01 3.469818409966802619e+01
2.975840279108922459e+01 1.526656837427847790e+01 1.810899365902113800e+01
3.104368518042554115e+01 1.442939085082775819e+01 1.647318373049802176e+01
2.991001844891860628e+01 3.723197367296563698e+01 2.190962697093033285e+01
3.754829884592379585e+01 2.358628139341011121e+01 3.301859641072932305e+01
2.874108507576906391e+01 1.563206547671433100e+01 2.200014528536163994e+01
1.560461957486455731e+01 1.105702952510216619e+01 2.193766635544704968e+01
4.419732040821821784e+01 2.498618046071632648e+01 4.283891233935614196e+01
3.756270525527827431e+01 2.275007802767629528e+01 3.118074391162852521e+01
2.984841715627371173e+01 2.819104498637308609e+01 3.247244210663252773e+01
4.023610515358814155e+01 3.181943487544339177e+01 4.066756663178790632e+01
5.202371276468761607e+01 4.821509288019842643e+01 5.677984418715095671e+01
4.254699289465941092e+01 2.511605936357784685e+01 4.685237806623058532e+01
-5.683560217120884772e+00 -4.340449127976569343e+00 4.051004006101663890e+00
3.952242700795886776e+01 2.657388681027464372e+01 4.143616607514877614e+01
1.882345036194692511e+01 -4.274181687043892452e+00 3.145033198359556081e+01
5.289210906045445881e+01 4.080927359765223628e+01 6.995843097569877500e+01
5.208029581924211016e+01 4.014421268950673038e+01 5.603666145686543132e+01
1.464915273550473529e+01 2.503045787314223247e+01 2.361509979017630201e+01
3.135134431620326723e+01 2.244228499950088462e+01 3.564951142339600665e+01
1.295741590919305963e+01 1.255871632004266303e+01 2.004633513409169154e+01
2.218675703918256659e+01 3.346357416668297446e+01 2.893179512667290965e+01
3.716133778405298926e+01 2.711890653201692203e+01 4.329044267061794926e+01
3.199968343856153297e+01 3.593894992245316189e+01 3.962595734302658457e+01
3.342888602000971332e+01 2.465777013848492061e+01 4.413704524806348672e+01
2.546898757508279232e+01 2.374761359183139575e+01 4.941694345324867754e+01
6.752278311764393948e+01 5.271925924444758493e+01 7.356778953862499293e+01
3.377463053149722327e+01 2.355435380899825759e+01 5.271743037988562719e+01
2.669092876845184037e+01 2.809221784757573914e+01 3.963680906221043188e+01
5.676996439990352883e+01 3.735146961492000628e+01 8.357532399985939264e+01
1.126316370405902489e+01 6.748621884680687799e-01 4.570609047564494176e+01
4.502935299471039343e+01 3.448053195888564915e+01 4.530541935949190702e+01
2.513835169940057312e+01 2.282255797453399282e+01 4.833646298775602190e+01
3.529344078034068843e+01 2.740579247652090089e+01 4.057893180046676207e+01
1.550045083328359397e+01 8.613154373763791227e+00 3.441182221583085266e+01
1.487433579462685884e+01 1.388573766056742897e+01 5.052508483924566463e+01
4.583482556254671181e+01 4.143756613003642997e+01 5.927549729832890080e+01
5.115552699866202602e+01 2.883131386536842911e+01 6.850160466681654725e+01
2.849344919097848106e+01 2.677869774743658127e+01 5.245528407839947249e+01
3.967414617207668925e+01 3.557211183830349910e+01 5.965253894020816006e+01
4.635511397195068639e+01 4.212537537926277764e+01 6.668068173391520759e+01
4.111646224887681456e+01 3.655881719663284457e+01 7.010311846950298786e+01
1.365447219208363094e+00 5.215154475014514901e+00 1.960178901046879218e+01
4.619099263912312381e+01 2.091654154869138438e+01 7.251955716420343379e+01
3.096373096241086387e+01 2.422626692351468591e+01 5.303081902040912610e+01
2.977237748750940227e+01 3.090340031010941857e+01 4.215103788392957540e+01
6.292468574381609869e+01 4.434809094491902215e+01 8.924076720067682800e+01
2.435226807214348810e+01 1.828665421316281936e+01 5.081032643326216203e+01
2.439288412144969698e+01 1.325335562386044330e+01 5.157469567731004645e+01
4.692532607733210170e+01 5.017906340538729637e+01 7.478735293072668355e+01
9.505515401100183226e+00 2.036016478505098348e+01 4.568712953332897087e+01
3.397073679056620676e+01 3.861597315987364709e+01 7.161089887266598453e+01
2.541923780688421175e+01 1.848221332569983133e+01 4.850219687662638535e+01
1.554486534285933885e+01 -1.365926675441187399e+00 3.327118972141875020e+01
3.975639772255362914e+01 3.183360977459415153e+01 5.813916404906467505e+01
5.676553397965244585e+01 3.535793251299492113e+01 8.050207417560523027e+01
4.460015466936602024e+01 4.292497180700593162e+01 7.344233904966313276e+01
1.585317937160834845e+01 1.561772460342672275e+01 4.027990195014672281e+01
4.083272920071976841e+01 2.191390671897397624e+01 7.382689519929817834e+01
1.108956066443442978e+01 1.690966169503826677e+01 5.027520051402052559e+01
3.150156076736266186e+01 3.333370072535808504e+01 5.924702620679954634e+01
2.854391401276461693e+01 1.516539055204975739e+01 7.451401665935236451e+01
3.059358566919036093e+01 2.533763019455750509e+01 4.852458368638826869e+01
1.876374009326445957e+01 1.683349277159277335e+01 3.746722272644501572e+01
1.768730801136462105e+01 1.826178842291346882e+01 6.190625804505179985e+01
3.533002892340755352e+01 2.315994692669755750e+01 7.185158960281341933e+01
2.755590055498259972e+01 4.237510765000888568e+01 6.895709019873993384e+01
5.275610812288050511e+01 4.745977284198579582e+01 8.176448178007649403e+01
2.654955530240022199e+01 2.435713150762194346e+01 6.205478991489553664e+01
3.662022060401795898e+01 3.119717963013044937e+01 8.129062305684101375e+01
3.380962095570248493e+01 3.479754778302003615e+01 8.381501866636699560e+01
2.350864381565043004e+01 2.119530295920685603e+01 6.020047378696835949e+01
1.640322810845282220e+01 1.493117162063617798e+01 6.372601938838715796e+01
1.501716194012396954e+01 2.078405704156602951e+01 6.040842102572014483e+01
3.833948674618477526e+01 2.559540501257788492e+01 6.701013507029711036e+01
4.597003512230867273e+01 5.076440416963305324e+01 9.097472816451272593e+01
3.535764217090013517e+01 2.077878397181689252e+01 1.331802466148724307e+01
6.710197319737744692e+00 3.679139362291152793e-01 -1.633640350630230387e+01
2.831027949975441516e+01 2.896053982588045983e+01 1.487999198558532044e+01
1.527752866953517241e+01 1.227564225601724957e+01 -1.454278427659687623e+00
2.201725268072641484e+01 1.514578518395308038e+01 1.356340228194585507e+01
1.568480685064491809e+01 1.819891105812575915e+01 1.541164140939599747e+00
1.524694434542925592e+01 1.949453461319421876e+01 -7.099881531461051054e+00
1.559798265430413267e+01 2.013825228972484638e+01 6.700356005513185664e+00
3.671190152067038071e+01 3.254398072117169249e+01 1.594168757101283518e+01
3.767255017453248911e+01 1.790101961119626139e+01 1.473067586677916552e+01
2.794768456323117789e+01 2.537639473392755463e+01 6.251476092471875745e+00
2.898015903311102193e+01 4.915363321171423650e+01 2.568094088975487921e+01
1.274274029553987475e+01 2.572728372986989598e+01 1.743464974280982460e+00
3.097011830569203994e+01 4.765345638788357974e+01 1.622577727644329570e+01
3.910465653564369859e+01 4.216719344323678342e+01 1.893397976931623816e+01
3.183346547523433401e+01 4.331466415870318087e+01 6.378820886914581934e+00
2.741096900293712224e+01 4.062286452604706710e+01 3.259885734251631106e+01
2.435321875651231949e+01 2.969427109646710505e+01 1.425438963581353846e+01
1.981216955453419359e+01 3.222718123258698597e+01 4.924952711999367239e+00
1.642494157478358829e+01 3.910397344411126141e+01 -7.546110100348187189e+00
1.835679166311285826e+01 3.293507992372167337e+01 1.378932611035725131e+01
2.612518888158501795e+01 3.380523435172108293e+01 -1.269616171023471907e+00
-1.796135523118437050e+00 2.533603996762360566e+01 -4.803695283601882693e+00
2.067452364828750433e+01 4.724523570712267428e+01 6.751391928611383264e+00
4.245406210086116516e+00 3.364011679493762585e+01 4.949407742719017733e+00
-9.560120510459455545e+00 2.087134475802963607e+01 -7.476242693204994794e+00
3.639278854889539616e+01 5.104055848270036222e+01 1.869575568705977275e+01
-3.081068641490332993e+00 3.778894663521157327e+01 -1.003120602077115109e+01
1.431374961492133480e+01 5.693362103912340899e+01 5.825268270608830790e+00
2.317616621093927165e+01 5.243879344697951694e+01 2.533280357213848077e+01
7.566287744867850051e+00 4.302147618369167503e+01 -2.881258716499814909e-01
1.251937339832716134e+01 2.984956388560419782e+01 7.800285166758726518e+00
8.390887170237874670e+00 4.984954259636037932e+01 -3.499410062663855570e+00
-1.448636031662204005e+01 1.752496101438600817e+01 -8.238341019643939944e+00
7.698958446686788193e+00 4.324641491515865255e+01 9.362760368832368840e+00
1.068920461825382517e+01 4.185651887405572324e+01 5.692901583459274661e+00
1.656039539706853247e+01 5.300098237212375807e+01 6.428273461937692446e+00
5.465942071816357384e+00 4.559119444721375203e+01 7.058877157045344575e-01
1.710189135911605263e+01 5.824390666891758883e+01 5.853490785218127712e+00
-2.845225475665529302e+00 4.502768255447165302e+01 -4.858860779176666256e+00
-2.006412791898810610e+00 4.279308137925204392e+01 -3.369794864942377899e+00
2.548148687470882123e+01 5.653111671252167980e+01 3.796486125511290766e+01
-1.178974135976727666e+01 3.448412975861492669e+01 -2.574801299087084772e+01
5.614837487197519295e+00 5.635397339348173773e+01 7.778521903991759245e+00
-3.671463560892107125e+00 5.148639217742129404e+01 -7.841019681156694787e+00
1.306257269232492035e+01 3.666195830975200920e+01 1.500398519197847236e+01
3.560257231799141664e+00 5.478480335148935865e+01 4.800161087667333959e+00
-1.994410726184560190e+01 4.533769839056151341e+01 -7.719815867561806044e+00
2.296867333281318224e+01 5.690190141117761868e+01 1.807090687684694785e+01
-3.371033850936328236e+00 6.428984571294495254e+01 -4.915197619392756678e+00
-4.061117248381833633e+00 6.153626085719417915e+01 -1.689141607882561402e+00
1.031410291809334012e+01 6.692690164924488272e+01 4.080567089791657054e+00
-6.752796040305383940e+00 5.850712525557582921e+01 -1.085017534954886287e+01
-2.772887149762937042e-01 5.674138921461849350e+01 -1.254156808250468202e+01
9.672944940218485499e+00 7.191155299662955258e+01 1.136849552784360640e+01
8.441830979777478206e+00 6.939750181817271368e+01 5.249302973413705331e-01
-1.400994745980165135e+01 5.828768888913543833e+01 -7.143539046514092661e+00
1.589009231519435161e+01 7.888817696554883696e+01 1.185424558941735995e+01
-3.249749175859346906e+01 5.112907098934988426e+01 -3.265213936947543516e+01
-1.241634456776955631e+01 7.066015392286021779e+01 -6.807105095422002705e+00
4.052913106490245809e+01 3.081782963015803034e+01 9.847752152016937544e+00
5.397864181835370800e+01 4.398329642294663699e+01 3.090506266641398270e+01
3.675824926399059223e+01 2.169540242573998512e+01 1.097545185744138507e+01
1.144429579380084760e+01 -5.033710223063508238e+00 -1.284262834009155085e+01
3.061550120617607718e+01 1.481439352298798440e+01 4.857764019641990672e+00
2.917731064373947447e+01 1.979042975874358490e+01 -3.313512569966405863e-01
4.509233129619246938e+01 3.140685775029487559e+01 1.389412714293803219e+01
2.799187104153588734e+00 4.922532920396179179e+00 -1.907390630097643225e+01
1.294742592724628594e+01 -1.852079640238116554e+00 -1.144997969990481579e+01
8.470111317322789546e+00 -5.002572306658748857e+00 -1.751979571516903889e+01
3.419706731640440012e+01 2.168785334088750005e+01 1.469543617551403258e+01
1.717999828366146176e+01 2.874848036507501092e+00 -1.128175881832294181e+01
1.961509208288680384e+01 9.606013765684338068e+00 1.411649890392027373e+00
1.929622130597272189e+01 2.368685962782592469e+01 -1.451972772753197205e+01
1.528698642529320750e+01 1.852752418029922410e+00 -8.988128487856101856e+00
2.344139113731034740e+01 2.276483331986719350e+01 3.218764894192190695e+00
2.261341782001773026e+01 1.745155664982894450e+01 -1.802449725610449605e+01
1.907645854566499111e+01 2.361223807214855697e+00 -1.284665325674905034e+01
4.130660535370657271e+01 1.894286414682983377e+01 1.654825462892540600e+01
3.156244295535407218e+01 1.673747159284903319e+01 2.722216612523652657e+00
2.949745515578706545e+01 1.155227208325618449e+01 -8.506590479101987512e+00
4.528933488677148489e+01 2.424525304673534265e+01 1.659790834941145476e+01
3.998424724872893421e+01 1.967279103314149324e+01 5.021547406787703949e+00
2.909960995442452258e+01 9.081095376604935154e-01 -8.068570054760584753e+00
3.294083584610052640e+01 2.025513928967234278e+01 8.978861452308819935e+00
6.070212876974642313e+01 2.753762210772561048e+01 3.584099638288375900e+01
4.747389739271648068e+01 3.202547844123637333e+01 1.595295018749129667e+01
1.898058054652847204e+01 1.670625214518167923e+00 -1.148931437288092638e+01
5.315969236785804242e+00 -7.988609255041410506e+00 -3.670116059352585580e+01
3.054147433894286223e+01 8.729885255086855977e+00 -6.658595439697819529e+00
3.245267235077562873e+01 4.382542652825577534e+00 -1.249073807398872304e+01
2.607817434177491123e+01 1.485625649824623906e+01 1.015759590868833584e+01
2.494633814041662845e+01 4.956463122186050896e+00 -6.205735705185816187e+00
2.652989517157266164e+01 1.162433746481519847e+01 2.553540844171493518e-01
3.414933932261374139e+01 1.061626360779996503e+01 1.186761531552974702e+00
4.916253504525684548e+01 2.323918865900122910e+01 8.309782610450383800e+00
2.372205019885996080e+01 1.683968251512806091e+01 -1.412345074000722889e+01
3.491696683485997710e+01 1.771764318505279334e+01 2.997851520653057378e+00
4.510147777485462939e+01 1.798761347590470905e+01 1.257583646342482098e+00
4.846327031702776367e+01 1.368044197011113283e+01 4.049710923923612427e+00
2.690381798701173466e+01 1.351524199088316891e+01 -1.273265254025500326e+01
1.696768311028745302e+01 1.180402947836682870e+00 -1.344139839194576780e+01
5.087892534583670567e+01 1.753173775444292914e+01 4.786011660076383123e+00
3.392650440740726481e+01 1.273387014983200061e+01 -1.359036017726839418e+01
3.563508110707834931e+01 8.581668880203778826e+00 -1.124811723254879325e+01
4.424831610894307232e+01 2.427867690138282342e+01 5.174387770136490872e+00
4.467226065643853872e+01 2.887576412559292294e+01 1.730278376825845044e+01
1.327315361975206542e+01 -1.041569651504823923e+01 -2.542259104673576076e+01
5.884065515586962647e+01 3.677119164988289413e+01 2.021391756893081038e+01
3.400899650232076965e+00 8.177188565542564902e+00 -4.113481127278237182e+01
5.278063215138445230e+00 -4.568879159447533311e+00 -3.258527191947314350e+01
2.377428529986809735e+01 -1.036949219942107447e+01 -5.928089426034830467e+00
3.872788788395382653e+01 1.133582314272416625e+01 -8.132447682985002757e+00
3.949992722618071639e+01 1.514216452062601093e+01 -8.980440860045291629e+00
4.552477716230441729e+01 1.918531017471286759e+01 8.943567470837479050e-01
3.765142860004652903e+01 2.299207758942065993e+01 7.964777616202809440e+00
5.127990331812816294e+01 3.042884849248366663e+01 -5.062329994120318588e+00
1.230745135398865386e+01 9.276258319440785272e+00 -3.089202340364681731e+01
5.107547068537041923e+01 1.991457647140487097e+01 8.068370328072433040e+00
2.127884758999152837e+01 1.439894130799075356e-01 -4.021979694049696263e+01
5.204841826872325328e+01 1.748523133642402172e+01 2.081480303444550373e+00
3.910507551054706710e+01 8.425733688145101041e+00 -1.365646456895501615e+01
4.019355389855354588e+01 1.110290501938652596e+01 -5.082399958899713965e+00
3.772365279692076001e+01 1.057340569310554201e+01 -1.294601232142667868e+00
2.982583900852023362e+01 -5.516398454424233933e+00 -1.296816179313782413e+01
1.475080321527411797e+01 -6.841994077646631922e+00 -2.032071664257136945e+01
5.392844104038067599e+01 2.535754861208351940e+01 2.446298921860943665e+00
7.545872359372879146e+00 -6.115793055927952082e+00 -3.595017339197056572e+01
5.476091531250858679e+00 -1.524060160249473483e+01 -4.417965364471592693e+01
3.369216986057108443e+01 1.037422119318853220e+01 -1.934664959818201169e+01
5.179490828907273681e+01 1.883200282253073965e+01 -1.482153347186749670e+01
3.048697882943770310e+01 1.583685537597830262e+00 -1.952807131259851303e+01
5.876531813998644793e+01 2.741455810007118998e+01 1.115156783948759767e+01
3.834590471217870800e+01 1.558267953176982701e+01 -1.230951369267995688e+01
3.911098606213772655e+01 1.660242149186706229e+01 -1.317644709236355993e+01
2.262410227656073403e+01 -1.200374216140971839e+00 -1.168409882900732555e+01
3.589290048463135463e+01 2.564000118762078273e+01 -2.184042252915787685e+01
1.758396277632255078e+01 -3.671901912379780697e+00 -3.057605942547115774e+01
2.438777434720304882e+01 -6.046432083362560661e-01 -2.935913658144772853e+01
6.389824476029343714e+01 2.056286811742529608e+01 1.074622692228240339e+01
3.873582716418422933e+01 1.367408376399953340e+01 -1.863237438281885261e+00
4.267935802154306657e+01 1.814931514559702919e+00 4.632496410683870636e+00
3.291817426259876811e+01 8.728419138035405922e+00 -2.025248616135650082e+01
4.405495793329964727e+01 2.938122963005753263e+01 -9.737033977605733526e+00
3.389759159910681774e+01 4.038403991882660193e+00 -1.996923559407332505e+01
3.047837639010003841e+01 1.069075416820851387e+00 -1.846437754630460404e+01
3.778978085427752376e+01 1.024286745862355019e+01 -2.096227469177665625e+01
2.636549877531160746e+01 5.716953651245603396e+00 -1.513462814027616332e+01
1.857961922533104371e+01 3.997780506661001709e+00 -3.074031841577925661e+01
4.905799318374192808e+01 1.747586761943921374e+01 -3.253697599835049914e+00
3.161187329790891454e+01 1.479720942767926317e+00 -7.258689174061601079e+00
3.430641990729145618e+01 -2.174140139959490625e-01 -2.003641343312438039e+01
3.522964316057596079e+01 -1.418716743141885672e-01 -1.804357140076308497e+01
4.472699735922469699e+01 7.405293677222744009e+00 -5.644998023442894919e+00
4.319076459914822408e+01 8.763347429284749524e+00 -5.750308645173390687e+00
3.594621437813111697e+01 1.181133016014109671e+01 -2.610339908205514803e+01
2.713956008537570597e+01 -4.305250348384106474e-01 -3.340229161297156679e+01
2.296594891680388173e+01 -2.068755219445029070e+01 -2.575104405272122676e+01
4.561994203812628257e+01 1.721460799553642573e+01 -1.658900463265626968e+01
2.395335222242238160e+01 -9.344546370274201763e+00 -2.681576635547844489e+01
5.134143066232172714e+01 1.461945558531670031e+01 -1.754989302115518512e+01
6.107425598923691723e+01 2.382239469968999401e+01 -2.920183646273017075e+00
4.043069728085310999e+01 3.067812448779932311e+00 -2.186885243971892123e+01
3.133473512774344272e+01 6.404867175167964888e+00 -3.238320953206948616e+01
2.504088456634599424e+01 -1.244529810217090926e+01 -4.315623024944488861e+01
3.362368531120318949e+01 7.932290404566629149e+00 -2.069238943015398036e+01
2.186781451363549422e+01 -3.628428159805935138e+00 -3.942950820954320079e+01
3.721190223289977439e+01 1.394715081785216171e+01 -2.500440850379072799e+01
2.463953481079897756e+01 3.171478456479235319e+00 -3.163958413981981721e+01
5.183799401073611079e+01 5.661303577398939524e-01 -4.113274079604252620e+00
4.499731068260371103e+01 1.769392065447846107e+00 -1.971576015303980967e+01
3.928473275340093096e+01 1.222902454364702862e+01 -2.408268648607145224e+01
2.328920583050603454e+01 -1.221752864967811547e+01 -3.675930367864066284e+01
4.836393387644693576e+01 1.067110791628192601e+01 1.841458148806850659e+00
3.882900490254905890e+01 7.716485489841033996e+00 -2.848956119014292199e+01
4.303227151042028709e+01 7.218643609957780427e+00 -1.207528415262004273e+01
6.307097459379383508e+01 3.079918805228089695e+01 -1.741696663010316115e+00
3.090602058071726788e+01 -1.193870962628534471e+01 -3.729838595201181306e+01
1.535184115057018062e+01 -2.783913680938076141e+01 -5.389316083459834772e+01
2.331877048397655017e+01 -1.361126158894694527e+01 -3.192861958961429991e+01
3.088508024514339922e+01 -5.285974743876067805e+00 -2.148362651201523477e+01
3.801850513729914383e+01 1.364817748211771686e+01 -4.058721714238345157e+01
5.448423123532120371e+01 1.640871062036694639e+01 -1.337280875652595569e+01
3.295067132475014660e+01 -1.223530274385848315e+01 -3.308276041920726129e+01
4.183959572374305935e+01 2.742287629432667018e+00 -1.817729608723811907e+01
2.880757160846223996e+01 3.672307971840382379e+00 -4.470759216320948326e+01
4.617816960125855985e+01 1.091647781242090787e+01 -1.916894839563610731e+01
5.649884136485798081e+01 2.091485493606342061e+01 -1.312405309402493003e+01
4.797572189176844404e+01 -1.205018046420218525e+01 -1.655364134309866131e+01
3.989598650165589788e+01 3.918463021836942062e+00 -3.811089460573293763e+01
5.110096575949319231e+01 8.631883184534672182e-01 -2.672243228575916874e+01
2.165599613705035154e+01 -8.341907169040496228e+00 -3.540114857238404511e+01
2.733615165638275357e+01 -1.573785387648149481e+01 -4.587569956048810127e+01
5.696211462425344507e+01 1.411181124392032871e+01 -6.455772275728122622e+00
4.911933147217041551e+01 -8.372802985851649282e+00 -1.577542261881808372e+01
