-9.032736194915287342e-01 4.117039240414533197e+01 1.931627724660870626e+01
-1.102602016288437881e+01 2.870997197624569708e+01 1.214507650268365069e+01
9.815265301973340684e+00 3.370161666378885457e+01 2.598099643605246456e+01
-3.417100057366519650e+01 1.107946565505790204e+01 -1.072348010351515768e+01
2.940069424113835339e+01 4.322105302723889508e+01 5.259304969047730083e+01
2.336666578504969038e+01 5.628994154210568013e+01 3.849435446289794527e+01
2.572310923561622076e+01 5.347981609553994531e+01 3.182110232518152770e+01
3.971742094024932612e+00 3.542897649213546174e+01 3.855535745301779116e+00
-1.244617788975097028e+01 1.085379856262579779e+01 1.057331713141593355e+01
-5.926869646471004671e+00 2.846502095406140143e+01 1.473899674214226252e+01
2.594780445397987023e+01 2.889658081460447647e+01 4.377834563020724090e+01
4.364497121217709719e-01 2.168320900381718275e+01 1.520994778110105017e+01
8.869157263492070342e+00 3.083892675881736523e+01 1.419729841364949152e+01
1.034051255538554415e+01 1.860622990742240290e+01 1.918673904489742199e+01
3.752541161482565713e+01 5.041684423247687619e+01 2.952045141399611339e+01
8.493331049681657419e+00 1.279842238012113498e+01 1.023233257687792275e+01
1.005677886851492531e+01 1.445556672777240692e+01 1.513789578928418678e+01
3.449139140608482990e+01 3.924707602531674411e+01 3.376198397455436151e+01
2.398347871691663613e+01 2.616815490285799228e+01 1.846616654472106234e+01
-4.678053661514582018e+00 2.622764688381266751e+00 -4.530064170038116345e+00
1.865225107947048855e+01 3.573756387897208242e+01 1.254488800128100934e+01
6.322277200186022128e+00 1.703985926616849156e+01 1.435795583174797230e+01
2.571217414879356511e+00 1.330070050077824817e+01 7.433405632140534181e+00
1.989818927182418662e+01 2.625765738967154661e+01 2.003022747054595243e+01
1.853974841018742836e+01 2.074241442672933999e+01 1.713927022192189042e+01
2.503812515588830934e+01 2.966675265449229215e+01 1.561585321037240703e+01
-1.419205819131792623e+01 7.641259728372915561e-01 3.648411160611317428e+00
2.549551540497384394e+01 2.956533964971879413e+01 1.987115280023806463e+01
3.729369371608220973e+01 4.563250776545771004e+01 3.291200323779732173e+01
2.405880756930238817e+01 1.916917249243866195e+01 1.478546500100102890e+01
2.405803101206102212e+01 3.049738225557524629e+01 1.771909368942603180e+01
1.181567569853291388e+01 2.631550138050772603e+01 1.822084007921125703e+01
2.374597666315463584e+01 2.203789631490803913e+01 3.387721387252673821e+01
2.408425996471599717e+01 3.421559187479726916e+01 2.928556123484789708e+01
1.922343373596950755e+01 2.449830817935230698e+01 2.024756965728363411e+01
2.347945885550285539e+01 1.703510088010244772e+01 1.367617650269573915e+01
3.428645347635062990e+01 3.902641166286684893e+01 2.226807340687503256e+01
3.061378478789282553e+01 3.889234889622275659e+01 2.985345994628295330e+01
3.150151718033681902e+01 2.143044100778664074e+01 1.964653357895559793e+01
3.821065658859930636e+01 3.361870407070261990e+01 2.914112510681536605e+01
5.968716221349325224e+01 5.658749618907802414e+01 4.367080461410489534e+01
4.070979711499478526e+01 4.897448124952541093e+01 2.240983233796714558e+01
9.808228363077887479e+00 -1.151768260582514358e+00 -3.187653041059832049e+00
2.873984016577685452e+01 2.991776327213165132e+01 1.590802243209157041e+01
1.940131044780991942e+01 3.768866120521374796e+01 -3.686054321521851307e+00
5.678679091180538308e+01 4.978916284311731033e+01 3.540261194393451660e+01
6.120476325400363748e+01 5.850748950959871308e+01 4.588712138200196478e+01
2.317986073704685168e+01 1.374995623323982130e+01 2.497773109614992393e+01
2.690965102405340303e+01 2.942415550331384111e+01 1.976627355956577503e+01
4.091849442032071238e+01 2.754220753163201607e+01 2.540963463727837279e+01
3.525077441976623049e+01 1.593375389698417166e+01 2.321446187599224231e+01
4.155427871161191433e+01 4.425610469563184779e+01 2.419696818885086032e+01
3.653069135217106123e+01 2.992550750201212395e+01 1.436780591005526730e+01
3.652460457162464991e+01 2.440465742434616914e+01 1.910642765635020623e+01
4.614484821387986813e+01 3.668780481999328913e+01 1.262576571028102990e+01
7.516832550706885741e+01 7.122302386094656867e+01 5.182154427147725073e+01
5.616247357633028514e+01 4.401971233616495738e+01 1.998380667920491760e+01
4.077122900501171898e+01 3.668303520473273238e+01 1.638252861174009922e+01
7.162421968247326731e+01 6.482056184981183833e+01 3.298819550807002088e+01
3.916948190276434616e+01 2.629204230463619751e+01 -4.436840262995247031e+00
4.371257019763947937e+01 3.724607266482598789e+01 2.470765861631150528e+01
4.497173971361644362e+01 3.127256455000997448e+01 9.390526878949003731e+00
4.769094231522149130e+01 3.681351985654350756e+01 1.538423281665541253e+01
4.253320436321837406e+01 2.962944868330305326e+01 1.553284386961513519e+01
5.051528496439777882e+01 3.313533924421699339e+01 6.210704938710023271e+00
5.236027918843115003e+01 4.824236427152482065e+01 2.708018359722359492e+01
5.829244582558430920e+01 5.338991201664248365e+01 2.598827217140296852e+01
4.535396356770525017e+01 2.160218321717684375e+01 1.309162816882599145e+01
6.867133843542887917e+01 4.847868393790577102e+01 2.912773235975782882e+01
6.737662704076683440e+01 5.304003758102408028e+01 2.693611559255668908e+01
6.329947295099918847e+01 4.737348151168589538e+01 2.198946581515428988e+01
2.926100051304365479e+01 1.450453169411503040e+01 2.796801908182033003e+00
6.178935356474539731e+01 5.841941844343728008e+01 1.623974934647458213e+01
4.478364761783041104e+01 3.587561541834065793e+01 5.737511370322408766e+00
5.081625728038852685e+01 2.522045978035407643e+01 2.723468771748434847e+01
7.654080478688774747e+01 7.256447118113828765e+01 3.882134103306816542e+01
4.587738503334776397e+01 2.926489314593345625e+01 1.338773973432080311e+01
4.894205238575705152e+01 3.524585762755850737e+01 7.927281505602422840e+00
7.632972743762593382e+01 5.665697732853550406e+01 4.521693084371827354e+01
4.278712723790249584e+01 1.913131639301445830e+01 6.792197861061140429e+00
6.373913879680185346e+01 4.037091384932318761e+01 2.905943388824789508e+01
4.331529373949933870e+01 3.363925577516374688e+01 7.369582196026385645e+00
2.423871332203407292e+01 2.077838168684002085e+01 -7.226693696285565238e+00
6.348224309508032093e+01 4.918237397049506399e+01 2.466179733797298468e+01
7.110427010592866282e+01 6.445479120776826676e+01 2.300206452112979605e+01
6.264572151807215050e+01 5.146897385879083231e+01 2.631160709918776774e+01
4.878902682045281836e+01 1.866533154259695948e+01 1.048005599343332506e+01
7.118467155910866495e+01 5.546448361536795346e+01 1.972469854669270717e+01
4.285495452459554144e+01 2.758421733316345126e+01 3.520922116414112679e+00
5.641102193247115792e+01 3.086925783376045729e+01 1.342519859090089085e+01
7.334452031513819747e+01 6.331354740050483088e+01 8.064903265737484617e+00
6.185808512894527667e+01 4.411981339548128744e+01 3.705572928025821966e+01
4.152431033182392639e+01 3.099894704346206709e+01 1.332527440040939837e+01
7.011221258538489565e+01 4.755150757889896340e+01 1.252464573362658484e+01
6.885158797658505136e+01 5.358732433191380551e+01 1.306493411579913300e+01
6.788350136290227965e+01 3.503981358394457857e+01 2.788373488668685241e+01
7.629905439688263868e+01 6.051206970569819532e+01 3.319357541518957078e+01
5.700710977067774365e+01 4.781564562049425149e+01 1.890377810956579196e+01
6.592556986526005858e+01 4.866881366924644681e+01 1.425394805858650216e+01
7.780159643598790353e+01 5.219590534006147209e+01 1.169025695909749629e+01
6.160052367078287716e+01 4.080293663841393936e+01 1.926770650420394304e+01
5.593937469515049088e+01 3.830913724254696717e+01 -2.896924920930359804e+00
6.174957903446056662e+01 3.325753992744012066e+01 4.512020970178582502e+00
5.685080764263148012e+01 4.859393702281340666e+01 1.014313366389205839e+01
8.876147227664114325e+01 4.748060332277327689e+01 3.076208889427198301e+01
9.853453952738391308e+00 2.491205386216415718e+01 2.147681914934810266e+01
-1.606034054071801620e+01 5.707606814079554169e+00 7.312969003247872024e+00
1.110626112262821152e+01 1.864313973233561228e+01 2.586295646536450477e+01
6.391131546269321007e+00 4.808364565526517254e+00 2.083017125245703483e+01
1.430760156055214338e+01 2.068959009335014798e+01 2.016439556967873159e+01
-1.143092973695729597e+00 2.661630723837788537e+00 6.170424117486163595e+00
-5.064393542120797065e+00 4.088902341868561052e+00 2.052893399391132334e+01
8.167868272322380108e+00 1.129823586107841038e+01 2.571242216858718166e+01
2.165875032362964703e+01 3.079527299472260893e+01 3.228536763488955330e+01
1.435125720638859548e+01 2.191322442465059339e+01 2.533924877369247497e+01
6.015059070525467178e+00 1.655079232627690544e+01 1.656109013736636371e+01
3.152132841812954211e+01 2.174533432190855819e+01 4.564020464792315579e+01
1.949314689728362282e+01 3.628672762735391188e+00 2.871890352263551449e+01
1.704647691455056702e+01 1.227692208840676358e+01 4.396047896418417622e+01
2.475880610380204416e+01 1.979027099628660835e+01 3.876875916965718716e+01
1.505931086490704729e+01 1.059978876967988981e+01 4.063737005993175444e+01
3.224844332444700967e+01 2.123192136279297415e+01 3.599562948527795925e+01
1.588099151324450986e+01 1.329234532656533929e+01 1.881773154376861612e+01
1.934647730564347512e+01 1.593782069329449769e+01 3.893343632555092881e+01
1.336660222631917350e+01 1.748462387020481401e+00 4.214537669540231946e+01
1.624324559351930475e+01 2.785669546679059749e+00 4.020590958712296015e+01
4.210023406668369716e+00 6.748755861759036634e+00 3.847195822332423631e+01
1.937495378514449840e+01 -2.564012360909600829e+00 3.930773476509375541e+01
1.852293936271007624e+01 6.585558032625158376e+00 4.428423060410295875e+01
2.049015954344804413e+01 7.737484581339231227e-01 3.554423541972255407e+01
5.324949126212800365e+00 -7.073106870922060807e+00 3.344357389982019413e+01
2.831745665513631138e+01 2.024548724435271652e+01 4.016987947955112759e+01
1.196764050182878236e+01 -9.250986928219390393e+00 3.331970047302661442e+01
2.743582980510950620e+01 -4.235225351587814657e-01 4.509980210214212093e+01
3.674729367239234534e+01 1.412679484934666618e+01 3.396180553943841574e+01
1.707420170080195021e+01 -3.431134954952312910e+00 4.306485337806566349e+01
1.998751625067495752e+01 6.423177078174603594e+00 2.839976649583547896e+01
1.588702438820928364e+01 -5.266196262135736106e+00 4.071753675646596093e+01
1.717576882462265075e+01 -5.502333367563210231e+00 3.076091231738632814e+01
2.518311729144295441e+01 -4.312490500831245299e+00 4.163081063791139513e+01
2.198794000226098433e+01 -2.574114681229730195e+00 3.822856869003021529e+01
2.727028162795454591e+01 -1.807713270721819754e+00 5.071306079264729760e+01
2.989653737410606027e+01 -3.804375988966626210e+00 3.331617683119907269e+01
2.594224744274924888e+01 -8.844144883932585799e+00 5.512464606754656415e+01
2.837043515949903849e+01 -1.282643543947756370e+01 4.398854368768638778e+01
1.403700264011536092e+01 -1.862048129579534361e+01 3.608181176239691013e+01
4.177081803148200834e+01 1.538258866776573086e+01 3.645246022068340608e+01
7.997236507429988706e+00 -2.183144864742484970e+01 3.873051872680935048e+01
3.298034831807774481e+01 -6.389918060635068287e+00 5.593811808111104256e+01
3.254871778973210894e+00 -3.071118951225753335e+01 3.756167654140790546e+01
2.932435245720495232e+01 4.315695900865307522e+00 3.439185453051851482e+01
2.914071364223036653e+01 -8.310061018305759717e+00 4.380866534400195178e+01
1.491655581399902530e+01 -2.828320054165180863e+01 3.454202471117503137e+01
4.507541241012074806e+01 1.124267838303444478e+01 4.949694441418455426e+01
2.799000200736963961e+01 -1.889434592064571916e+01 5.855137247155357727e+01
2.922477165468728799e+01 -1.732111629485984849e+01 5.425036314774001767e+01
3.347037911095367235e+01 -1.216296442632005892e+01 5.801624466791849954e+01
1.333932400308685828e+01 -3.816248775949588889e+01 4.066185701788572260e+01
8.764564546895599051e+00 -3.297857509122968622e+01 4.101379138092443100e+01
3.682881829989059952e+01 -1.660827755697550856e+01 6.168203719349753555e+01
3.908589554637023866e+01 -7.348923934319600448e+00 6.043663979549796750e+01
1.775168956612128568e+01 -3.630701764341768012e+01 3.950988820789598321e+01
4.023034224559364702e+01 -6.888556654918374988e+00 7.538305898046610309e+01
2.545677042676061319e+00 -4.889104898516984576e+01 4.034790118488763255e+01
2.400092170196967345e+01 -3.903080303478691349e+01 6.024355608680184559e+01
2.250450789890146552e+01 3.804655489934998513e+01 4.801388432053727229e+01
4.013515711263346475e+01 5.479668069734339042e+01 5.012433511542872111e+01
1.668892386915695170e+01 3.988785714633831958e+01 3.617954332069803058e+01
-1.020367663549723147e+01 1.988829623093829468e+01 2.204180466596426413e+01
4.879908683475150610e+00 1.900634216801586263e+01 2.921051432544709314e+01
9.667068614166964835e+00 1.984815481878786159e+01 2.511362132354520327e+01
2.831721880303143735e+01 4.582050264988833987e+01 5.393491935624410871e+01
-1.099599842206180256e+01 -8.379869680094088835e+00 1.563831905696815738e+01
-1.378392794931642129e+01 7.165493093853456230e+00 8.738641432422582511e+00
-2.405503532187435667e+01 9.008891866171325091e+00 9.366371099688421964e+00
1.812297265866186535e+01 2.402815957196344243e+01 2.789536235710374967e+01
-1.875243197522104310e+01 -8.899267237188723811e-01 1.590758720054736841e+01
-8.183929928134148213e-01 1.552692911243138951e+01 2.085340672228289804e+01
-7.128947997278373805e+00 5.181915817445315042e+00 3.999169930839480003e+01
-7.059363373722362667e+00 6.796263940338803877e+00 9.572283897094166605e+00
-1.939656217391302562e+00 1.523273755454670209e+01 2.885573037527069573e+01
-1.807699084011028390e+01 6.549276592641035677e-01 1.989317258955452417e+01
-1.171047782771483980e+01 4.711466148039107793e+00 1.108009947393566108e+01
1.932713293423057621e+01 4.077747388982629673e+01 3.606856803396590294e+01
1.520110118900151974e+01 4.338710654121496191e+01 3.423480765748536214e+01
-8.543837717438236723e+00 1.952311278823708562e+01 2.031625240290395595e+01
1.872344346961494921e+01 4.273050515894215096e+01 3.944004334564669989e+01
4.613243814865427339e+00 2.462770100651732719e+01 3.093519334872325999e+01
-1.500158476997762591e+01 2.216770909578008286e+01 1.707775061748361622e+01
7.050454450785537119e+00 2.450545612961150255e+01 2.510473704763376190e+01
2.445630719111682083e+01 4.384913095017964224e+01 4.056454890872828400e+01
1.981121900468724562e+01 3.798927566107113307e+01 4.865102754384724904e+01
-9.444996840479689126e+00 1.633935264885212746e+01 1.781586780066436404e+01
-2.967602382741142719e+01 1.347349241149913723e+00 5.695326586205737840e+00
-1.230917334433934229e+01 2.448098392682686608e+01 2.469216942530601955e+01
-2.278862352086434839e+01 1.496735027897329928e+01 1.333676782791098958e+01
5.926889927700585758e+00 2.718497302217383549e+01 2.552471170747185170e+01
-8.271191090465435991e+00 2.557143929998301246e+01 2.560968514188880363e+01
-1.167370072740004616e+01 1.173409658583636883e+01 1.229644487822815790e+01
-1.879986592834939074e-01 2.984368627380240468e+01 1.939050812599589335e+01
1.181786604670060115e+01 4.446886969078514085e+01 3.934469785291821609e+01
-1.316639956569224523e+01 1.131277329407112120e+01 2.440209868244846803e+01
8.121802660620460301e+00 3.628441598178415006e+01 3.319044276182330577e+01
2.852293521349565708e+00 2.977295549033624411e+01 3.652052618307152443e+01
-2.972654187902207923e+00 4.100409629087607755e+01 2.660526823091322512e+01
-3.201781377076349600e+01 4.167665192439926614e+00 1.994056462574189936e+01
-1.948874916135810054e+01 9.459124183663789154e+00 5.441881272194677877e+00
1.201824273320653447e+00 2.879466742974273075e+01 2.764611654707414345e+01
-1.478271728972686105e+01 1.492682512887085977e+01 3.120110666684877287e+01
-1.291939075934897119e+01 2.236360679024301135e+01 1.585251752406156811e+01
4.761046779335629253e+00 3.663165173379775297e+01 4.458574009024641782e+01
1.241019372216624106e+01 2.640471896826466036e+01 3.537070180885393711e+01
-3.442145960636116797e+01 4.515003414992406761e+00 9.759568244665388193e+00
1.727418999983819958e+01 4.175582259983457334e+01 3.644644395633031309e+01
-3.469506047641061741e+01 -1.273078357179747400e+01 1.812828035665506832e+01
-3.623856911907068934e+01 -2.053250748515438318e+00 3.168552190713853633e+00
-1.836657169744876228e+01 1.917112031179431142e+01 1.312790006155182709e+00
-6.478724482711186283e+00 3.363956793427769298e+01 3.565075706425659519e+01
-3.533553053411196743e+00 4.074637311135575146e+01 3.152785170239349100e+01
-1.254576439521770226e+00 3.339844381326429357e+01 3.274030097095055680e+01
2.146870132303774881e+00 1.983483536494441068e+01 3.319058987908783820e+01
-1.464482620282024072e+01 2.915451220183695114e+01 3.734146022962295319e+01
-2.961681307747676328e+01 -1.057189996911256458e+01 2.207258489454443406e+01
5.089670805566129275e+00 3.589937369056860916e+01 3.680615676176057605e+01
-3.520990070468678823e+01 -8.627034929031651700e-01 1.772753823759694569e+01
-1.962308415408188011e+00 3.896540338445720408e+01 3.240904781008021018e+01
-1.913538465006558908e+01 2.538086094095569933e+01 3.313523525808250270e+01
-4.637161602007381589e+00 3.533738957649393342e+01 2.600340259435961343e+01
-6.338035011283864151e+00 2.742998349694016724e+01 2.790273481281474233e+01
-1.267961588738853607e+01 2.057755529689575269e+01 1.694492489293907056e+01
-1.852309472060642292e+01 1.072831118428621267e+01 1.684410719555535252e+01
2.761764873696392897e+00 4.647562241544301287e+01 4.175348527176220159e+01
-3.923680866480253826e+01 -1.227322463378141038e+01 9.559452310840242717e+00
-3.250718287483823588e+01 -5.684001581367283507e+00 1.352591927867706545e+01
-2.394159872743148298e+01 1.056249631958598911e+01 2.336762108192169762e+01
-1.697157669246371370e+01 1.873676233967580629e+01 3.303081001907912650e+01
-2.228841847967169087e+01 2.023002281883600517e+01 2.408046403215394093e+01
1.361866867761136746e+01 5.046532409797146101e+01 4.739638547626782383e+01
1.260132823186268070e+00 2.652432712706013263e+01 5.093227450378981302e+01
-7.834432397549335292e+00 2.791228584062082518e+01 4.004189505460999499e+01
-2.341307194424007321e+01 1.110481488887580781e+01 1.079939938862435156e+01
-1.797347453438987941e+01 1.612120929662069102e+01 4.625784356375515927e+01
-2.881104481254305938e+01 1.268254245659682056e+01 2.071106337435730893e+01
-3.513716421548406288e+01 7.393983552977715590e+00 1.847630841313366545e+01
6.231890747809757158e+00 4.593345691678268850e+01 3.780214167294070648e+01
-1.137217828601433212e+01 1.822314875454549110e+01 2.780581863414954569e+01
-7.960794049727155652e+00 3.738392837140372649e+01 2.293894028043905564e+01
-2.642179068237510364e+01 1.554202628573057154e+01 3.317416442117655606e+01
-1.088662715831469541e+01 2.178153386776602929e+01 3.600863455886792508e+01
-2.834246783460321240e+01 1.461206825586123159e+01 2.102770638833590056e+01
-2.388959500275450409e+01 1.624608560678007052e+01 1.670308038232997205e+01
-2.326927894955360898e+01 2.661227399449126096e+01 2.718250446250249297e+01
-1.609618826010773773e+01 2.035160948876227849e+01 1.816355427036114634e+01
-3.029603697568927601e+01 1.004969279826855200e+01 1.732801590923781987e+01
-4.708057841959544021e+00 3.484682412932306761e+01 3.652841554690485282e+01
-4.583408826817503723e+00 3.690793293315209667e+01 2.311875520212970514e+01
-2.809812649812738528e+01 1.902574524170177028e+01 2.220147332196484058e+01
-1.896864351159092621e+01 2.787244759167424490e+01 2.698708178026799942e+01
-9.021726348565607623e+00 3.847246728626760159e+01 3.301646198600292337e+01
-1.827717233960220256e+01 2.686947717838211247e+01 2.467670573103805509e+01
-3.069359485064524051e+01 8.828919569234130904e+00 2.995425032535513310e+01
-3.612908906696338818e+01 7.343392324555679807e+00 1.762857026184155984e+01
-3.504920188212281573e+01 2.191688085727628277e+01 -2.036174698449940479e+00
-1.541239688171208400e+01 2.416983384488958109e+01 3.931951473620665638e+01
-2.609973486526587294e+01 2.568832697026164169e+01 1.652382501886859245e+01
-1.153425955928196345e+01 4.100677314530548756e+01 3.576205988558376703e+01
-7.274328678617621335e+00 4.130188110776907706e+01 4.628603267012385913e+01
-1.899215618187781729e+01 2.458875329806915033e+01 2.610275507949972962e+01
-2.462548899355988397e+01 1.887267305805107753e+01 3.493185493279725051e+01
-4.485078435032573907e+01 1.022793233682386926e+01 6.129349881905000075e+00
-1.838249919682630207e+01 2.002291738305211766e+01 4.038902127090386784e+01
-3.536477850952633162e+01 1.402769799139605311e+00 1.941172037364867720e+01
-2.464165334970221011e+01 1.729362538554687490e+01 3.020368770803179359e+01
-3.440632918355004222e+01 1.818986128149208525e+01 2.971291314616701129e+01
-7.917592234467065282e+00 5.042386748769604310e+01 3.376140285721567125e+01
-3.000522926697567527e+01 2.742146261124071316e+01 3.735751264361852009e+01
-2.316513700879249882e+01 1.752462815952731034e+01 2.699257347695493081e+01
-3.575167963337844412e+01 1.199649298550684762e+01 1.423934322558307031e+01
4.108584124139724736e+00 4.723249701271834056e+01 3.674164342140784356e+01
-2.726228014451589843e+01 2.237164824920364481e+01 3.291393749988583295e+01
-2.127507126653426894e+01 3.319300275260866329e+01 3.437829036544462724e+01
-9.314471541195871396e+00 3.799087490439796966e+01 4.522492208563380700e+01
-3.597925259982503121e+01 2.257260158578537812e+01 2.414915136253603123e+01
-6.834334887005570636e+01 -8.201236320515818079e+00 3.055805872601013107e+00
-4.325304133725376232e+01 1.485156234753094395e+01 7.289344643732874829e+00
-2.513584538471695851e+01 3.184414385237505485e+01 2.711344028598296063e+01
-4.098359510999307531e+01 1.139249127702260012e+01 3.590555274676444242e+01
-1.490684410427274997e+01 3.229422156943292066e+01 3.821308347661670268e+01
-4.212363207786984276e+01 1.316300346952175460e+01 1.261818707666952832e+01
-2.012676693959747354e+01 2.653776143888762817e+01 2.140905440867572906e+01
-4.029272946423498070e+01 1.215155043033792026e+01 3.084122902791841625e+01
-2.680791708439664944e+01 2.935689099719184014e+01 3.405817298540205229e+01
-1.343924961617904046e+01 4.376912153974262765e+01 4.690613564112118183e+01
-2.474407102407440107e+01 3.822123612321956898e+01 2.126089928473220425e+01
-3.606839506566848286e+01 2.566493774661921634e+01 2.837356250027187343e+01
-2.885765303737753129e+01 3.679257201277869171e+01 3.697897994217692030e+01
-4.228709900519925213e+01 1.245077413868330041e+01 1.597465485194470602e+01
-4.130879207562065858e+01 1.437179927679426328e+01 2.012523059380237100e+01
-2.209292814078435185e+01 3.674992517144528392e+01 3.841580585254723701e+01
-2.470247855513434843e+01 3.891910930227822973e+01 3.080493378512892377e+01
