3.988279401574709482e+01 2.023034855238870477e+01 3.596177735374340045e+00
3.599687929810829701e+01 8.497815564550137424e+00 -3.438033549650754139e-02
3.366684574127521046e+01 1.564326583532852055e+01 1.642738337099331147e+01
1.894415492071016160e+01 -9.412334494573769916e+00 -2.702206733610228184e+01
5.001325373465488155e+01 3.459166307943974061e+01 3.991980254156919727e+01
5.474933586146539710e+01 3.433431834825773876e+01 3.014905934447574509e+01
5.351444542348849609e+01 3.617120884209612086e+01 3.362168348811201213e+01
2.966243573622693930e+01 2.026782627815407523e+01 8.395314939136710564e+00
2.843206832668874995e+01 3.047165324970819711e+00 9.065795258747129992e+00
2.605979386000535669e+01 1.413784947104659295e+00 -1.152837759131216444e+00
3.250104618158616177e+01 2.167570895455332902e+01 2.777187313623630871e+01
2.346973372007983016e+01 1.430799162895982590e+01 3.482471083365794584e+00
3.656506120065614596e+01 1.798062780683108031e+01 1.392618028388596940e+00
2.450530932854132971e+01 1.708670205059661384e+01 1.986691519274882012e+01
4.420335178922937303e+01 3.811892685652890123e+01 2.648832531000306290e+01
8.359573910598733448e+00 6.034305892029010465e+00 -4.074115891621744368e+00
2.689620815848132906e+01 1.498921123476918638e+01 1.703614947603119845e+01
4.144966054039120706e+01 5.015618644715976160e+01 4.022363826698619249e+01
2.675865719423208589e+01 2.956272019436201504e+01 2.939653049174805233e+01
3.434212271528735982e+00 -3.000016532087187215e+00 -8.485825518521622257e+00
2.344875210403228039e+01 1.934487101249109742e+01 1.512373944630445521e+01
1.034565033131673317e+01 1.160381448198916132e+01 1.719002396443931957e+01
1.147981722679492123e+01 7.451446920180956113e+00 9.295142750152194822e+00
1.919147894879268534e+01 1.275537193332164065e+01 9.044323974378329467e+00
2.459775082779725608e+01 1.941470813161572551e+01 1.684718217409397312e+01
3.020819093867526561e+01 3.328517380487286914e+01 2.871271975427919187e+01
9.347232433082979242e+00 -3.478957559822902113e+00 -2.938218410493220745e+00
2.446416511971278851e+01 3.441852376445240225e+01 1.657251131885618634e+01
4.106700281468226166e+01 4.537919819231404972e+01 3.093058116659629064e+01
3.970959441372454535e+01 3.627004472988082284e+01 3.786819436599228084e+01
3.221911607846831771e+01 3.000990258673962785e+01 2.572211796599812317e+01
2.690191595208091258e+01 1.451465663224985292e+01 1.775359656859495772e+01
1.685044639071747952e+01 1.247939659187647976e+01 2.695584999180488239e+01
3.258955120153162710e+01 3.145706210313311146e+01 2.142920445073185931e+01
2.427656862595785014e+01 3.011379319162000456e+01 2.225719675244403106e+01
2.357647646574503142e+01 2.458416151712060582e+01 1.922400218994266652e+01
3.022678509672692826e+01 3.430453135117051033e+01 1.535350031706894924e+01
3.288264494773167712e+01 3.607292476735850073e+01 2.736034327448217596e+01
2.846078770493960519e+01 3.075162908482845125e+01 3.409449104961464627e+01
2.258614519172516566e+01 3.728396167430901187e+01 2.441571671583352554e+01
4.273125942560955082e+01 5.731787491431566650e+01 4.413057138108274557e+01
2.869066235569607670e+01 5.048673311786717477e+01 2.568639135892919967e+01
2.847719999411424396e+00 3.478788939410890180e+00 3.169479828804753652e+00
3.128612988843553921e+01 4.460013429081618597e+01 2.610817600708514874e+01
1.401835006939040795e+01 3.777677801237200583e+01 1.232381726249286658e+00
2.614057587114052694e+01 5.030942754431816866e+01 3.033597686558664464e+01
4.367765076516207046e+01 5.788970702505253030e+01 3.946922382904710958e+01
1.059400944284125501e+01 1.718541705320188839e+01 2.567379209579115695e+01
1.945075708694406558e+01 2.405200817712614025e+01 1.877435432812370664e+01
1.913559821198066402e+01 3.301844473402854874e+01 2.919792752746343467e+01
1.420405850175495743e+01 3.429664617085018108e+01 3.285018494939026823e+01
3.090424242254050569e+01 4.588520850525355854e+01 2.958358392603440734e+01
2.540729537273409733e+01 4.768232761316903634e+01 2.983216100280037608e+01
2.136969839481184863e+01 3.394236581366021710e+01 2.674402463722231005e+01
2.033141002124557417e+01 5.095720275136363853e+01 3.261425772593065631e+01
5.682178202559339297e+01 7.982800726661594126e+01 5.759456261397076560e+01
2.619192463829381268e+01 5.930918385499853684e+01 3.162314883251610809e+01
1.585950513982220400e+01 3.976386459247646599e+01 2.277518430426721352e+01
4.245363943567281240e+01 7.665857629591027944e+01 4.746953794267983540e+01
-9.555206647469276504e-01 4.140457654490501227e+01 4.859545549632912298e+00
3.804600972699631711e+01 5.378550562496104703e+01 3.701089780894687919e+01
9.529195964139034913e+00 4.553861074086808003e+01 2.164647818639377874e+01
1.275352801049280060e+01 4.083436474153336349e+01 2.152619146983533938e+01
1.860626205457901960e+01 4.709911400594046427e+01 2.525577156852318694e+01
5.919071959327993682e+00 5.559516816848736198e+01 2.253918310019844284e+01
3.854139146862735288e+01 6.225503731483013325e+01 4.764311356782150142e+01
3.225931577948267659e+01 6.836002365335798459e+01 3.441195531863286305e+01
1.841669692694495097e+01 5.140726718523001182e+01 3.693197724516767266e+01
3.183676372969148360e+01 7.063105202548194939e+01 3.836637647293810005e+01
3.728775612076469770e+01 7.331206001046757592e+01 3.942461003878315751e+01
1.886166779427594520e+01 5.625102541914247922e+01 2.483144102027335975e+01
-2.097137812786058930e+00 2.400193979301661784e+01 1.361506410469837647e+01
2.276193660968920085e+01 7.077339725882939092e+01 2.066322272842762686e+01
1.594665560523299064e+01 4.677153473606540501e+01 2.391554848284749824e+01
1.242365479017985308e+01 3.556887544665005407e+01 3.764202188319995912e+01
4.366041864140561302e+01 7.867959027667666305e+01 4.832813418532100513e+01
1.075062493374753103e+01 4.862590432887918723e+01 1.538768489940412110e+01
1.812962207889950150e+01 5.302258941523496105e+01 1.658244233456753136e+01
4.244379048033351864e+01 7.412920091684509316e+01 5.627803991888185919e+01
8.729950686682968808e+00 4.795334546081085136e+01 2.443142172685656988e+01
2.412325552736683676e+01 6.453897131105031804e+01 4.399561794126839231e+01
1.335307752639437240e+01 5.555221712281945656e+01 2.716861153814306817e+01
1.310761219256596632e+01 3.812141764329544458e+01 8.286453007666523263e+00
2.975678117489451324e+01 6.238256469951284089e+01 4.310826989597171632e+01
3.124458889910147263e+01 7.185765729531567558e+01 3.676642592371445062e+01
3.444468055310744603e+01 8.030883117564326312e+01 4.821921868004028511e+01
5.534981792525741184e+00 3.481047106946334679e+01 2.127786219162226189e+01
2.780695286468017002e+01 7.291347312080961274e+01 3.348651981525517840e+01
3.685110050162165862e+00 3.819359367442257280e+01 2.098188902835818226e+01
1.727362866954717902e+01 5.392618798790454093e+01 3.457747615261541796e+01
1.996392507358814328e+01 8.297512717366907964e+01 2.458537262984373228e+01
2.643531845776738010e+01 6.442584921396837672e+01 4.004170371697136943e+01
9.544038151580025442e+00 5.282945526350522414e+01 2.784862756430538866e+01
4.648783529947195348e+00 6.267972346205897338e+01 2.280952174028425361e+01
1.979786340424061564e+01 7.544284131297627027e+01 3.129953045515458143e+01
1.930148167392098912e+01 6.123587575072497202e+01 4.047640169152327871e+01
2.834837962827168667e+01 7.549652640784279356e+01 4.505492423295709159e+01
2.078557023378243684e+01 6.240792084966324182e+01 2.689959849503293299e+01
1.178563235869933123e+01 6.788978794503373138e+01 3.275491679221659069e+01
2.580504745760481455e+01 8.535405580790120439e+01 4.613102972643446265e+01
1.702938984718821303e+01 5.865785562273003961e+01 2.447423136878387595e+01
1.034010079443669383e+01 6.362628842899584924e+01 1.560900073481616346e+01
1.222759752303318237e+01 6.288073082878690911e+01 2.617952956247927432e+01
2.257650102606839937e+01 7.235254332655222242e+01 2.560872735686325541e+01
3.183490825309036154e+01 9.986712740234361263e+01 6.810223525143055667e+01
3.190739006943863387e+01 1.614509993189835768e+01 1.429073878946360310e+01
1.980552944223586564e+01 -1.134241031155124801e+01 1.013365368972790748e+01
3.382862299735938905e+01 1.871664342596636743e+01 2.535925571426469105e+01
1.506611899083111439e+01 1.679948654726217683e+00 1.016665828177383446e+01
1.855706395792060448e+01 1.684645704566707991e+01 1.876624988191463217e+01
2.232600259446007840e+01 5.990032191538148254e+00 1.812517114179127020e+01
1.475024269413688671e+01 -1.234026170777724474e+01 9.825940734547657485e+00
1.973294509189031487e+01 5.929121942972187753e+00 2.254497864555173692e+01
2.681137260610648809e+01 1.271378813301680566e+01 1.833140566881388622e+01
2.709510079180085995e+01 2.239318016668335076e+01 1.619339367612781189e+01
2.016288713469361937e+01 -4.150792901813929348e+00 7.654764843305883915e+00
2.623145729698603645e+01 1.769971730269685395e+01 4.883479994396066104e+01
1.104671999414415495e+01 7.117149519952931769e+00 2.374660164774161331e+01
2.523460319032892585e+01 1.536426000888582166e+01 4.548906599019142050e+01
2.788304836354200233e+01 2.165754140258331972e+01 3.594566219948956132e+01
3.284115107785896726e+01 1.244862265145616220e+01 4.406652579363458244e+01
2.667097742596365606e+01 2.543480526782860807e+01 3.954202330641609819e+01
1.063891293167864660e+01 1.869003518900558447e+01 2.308091741713201372e+01
2.429352492241969230e+01 1.012630743215277107e+01 3.431925635266406971e+01
1.926267097879099310e+01 -3.654381835469393991e+00 3.246332651839929895e+01
1.527509924428113663e+01 1.545652080670174655e+01 3.985848195230346391e+01
2.125634774799914339e+01 3.836476648428060798e+00 2.888858179567250772e+01
1.352993880539338534e+01 7.674185943610609684e-01 4.552905079951483458e+01
1.957983824973393894e+01 -7.196481402913377678e+00 4.173428277899938621e+01
8.224361168861150873e+00 -4.228669492806488961e+00 2.856014264964062477e+01
-3.828497093584246613e-01 -1.101269854364511502e+01 3.470384054021997144e+01
3.214114234389830926e+01 2.018890615996224369e+01 4.897627575208434791e+01
4.089962012199180208e+00 -1.998723349016017892e+00 4.046362830376074271e+01
1.551510318758346330e+01 3.149217870491611393e+00 4.398339911640277933e+01
1.458654842590479461e+01 1.972848185840163637e+01 4.251681465432548634e+01
1.800383292233868815e+01 5.269904524309140470e+00 5.373430994482851020e+01
1.277317977304403485e+01 4.955582384264516804e+00 3.290214384590910868e+01
1.138791738206646187e+01 -1.120550267359271857e+01 4.044484281245354396e+01
-1.807722854676512725e+00 -1.465143534648382229e+01 2.373688007852081228e+01
1.120803608833807630e+01 3.028663306257044496e+00 4.219024000121078188e+01
1.682913647799841783e+01 6.409060281546089755e+00 4.688947339528590419e+01
1.736610546128417809e+01 6.749619470154129885e+00 5.267120781951200570e+01
2.162594781181837789e+00 -3.381689239185902807e+00 4.886773205804468034e+01
9.263006802129666539e+00 2.817230345649477385e-01 4.795740703712021968e+01
7.237874278583149135e+00 -9.393284095603803507e+00 5.063663122561752061e+01
-7.312144827607426123e+00 -1.333364254296952822e+01 4.174072616747162101e+01
2.068276409204020183e+01 3.204801511420106408e+01 5.299384316198808165e+01
3.961278121657869633e-01 -2.888123328570691228e+01 3.919311317248093474e+01
1.985000679612585373e+01 8.327151415623347930e+00 6.167440147167371833e+01
-1.216927553967002495e+01 -2.984002501263012164e+01 4.055981842744427013e+01
2.236904068689108271e+01 1.822416732824024166e+01 4.749924404224026375e+01
1.986496001676528067e+00 2.697288882020188794e+00 5.023210165956493256e+01
-1.469145156957313247e+01 -1.613288403804119753e+01 3.690941375362194776e+01
2.570130678507587163e+01 2.332610476762351936e+01 6.519861064814017482e+01
6.939108443008763061e+00 -9.644604633863309573e+00 7.008376300331474340e+01
-5.690733195214647822e+00 -1.040682206383553421e+01 5.321072330345100454e+01
7.527115452964608266e+00 -2.936521225778506050e+00 6.050772451822990661e+01
-8.750056768536296659e+00 -1.892383381901208850e+01 5.456019966226699580e+01
-1.067379402087317430e+01 -3.590328246317267258e+01 4.471586328843159208e+01
6.328867987469720902e+00 2.640734755942048650e+00 7.008095778709162005e+01
1.841218793056646064e+01 -1.445977305421592973e+00 7.544785910958285058e+01
-5.588053450418556167e+00 -1.009244465458823470e+01 5.998329741781935809e+01
1.959855964444250276e+01 8.460929829657516166e+00 8.464466444611025508e+01
-1.976975281461227496e+01 -4.213799498989942549e+01 5.083094206843429674e+01
-1.282129477898092773e+01 -1.965324980765740293e+01 6.914139985511337727e+01
3.682940183463438188e+01 2.786754758808820043e+01 3.054182688336277351e+01
5.098335645158431362e+01 3.868239746177198413e+01 3.571380219302284331e+01
2.727422978207209781e+01 8.620795417452882248e+00 1.422297751742075889e+01
2.394064531277899732e+01 3.128349943971215907e+00 3.265965968050750234e-01
2.831372762109594987e+01 3.898558784464285054e+00 5.983904894944544139e+00
3.088171771125053056e+01 1.774655744830397452e+00 2.082658659661206002e+01
3.878352031660347166e+01 1.727967136168945217e+01 3.043694237513591361e+01
-5.850044491801327240e-01 -2.574270779145990673e+01 5.916389227422769181e-03
9.727851554880317053e+00 -7.315333109477023754e+00 -3.783408135206173029e+00
1.841180624486833040e+01 -9.635089582612863524e+00 -7.018058343207940197e+00
3.376879437886464075e+01 1.151484145055951558e+01 2.304375522690747857e+01
2.001263002220230192e+01 -2.165105390919916317e+01 1.710572700280408753e+00
2.770721539672240397e+01 3.735398852083108068e+00 1.133901480173358323e+01
3.428145820566169277e+01 -1.300882710191081060e+01 2.678119007503437388e+01
2.478686413488503604e+01 -2.526050119244246162e+00 1.805057529725672794e+00
2.939847474316775333e+01 -2.460137930961536767e-02 2.171666457968990471e+01
1.442729274486100621e+01 -1.650145360800615890e+01 -2.192600690423205378e+00
2.491812123167369464e+01 -8.149232871521689958e+00 -6.814249867009039008e-01
3.267674148426158354e+01 2.415605382459852990e+01 2.369170147648014790e+01
3.661193116976755846e+01 1.708147363376087924e+01 2.487633259626682047e+01
3.429246511694145738e+01 5.734502686670111871e+00 7.791295696109727942e+00
4.042092546130811570e+01 2.013383897812968826e+01 2.373703878849687499e+01
3.624092459537337163e+01 4.802262529015024484e+00 1.885542505394460022e+01
2.864070051977773801e+01 5.616242026781037566e-01 3.929737292295840234e+00
2.267088112226338126e+01 -1.372920014530336630e+00 9.025281328835262684e+00
4.524984150873387989e+01 2.856512437437345397e+01 2.199217292576054206e+01
4.349353662971043377e+01 1.358111771582525762e+01 3.231907720069420975e+01
2.825113165771790591e+01 -2.078634741440782818e+01 -9.763690009490346711e-01
1.228509945221776434e+01 -2.925951494425999044e+01 -1.858685644898423561e+01
2.561392862876277832e+01 1.475945902723651670e+00 5.184659765393462294e+00
2.521831077031265522e+01 -1.600673266379681081e+01 -1.064571099856493674e+00
2.138539976151264455e+01 9.960128753042454264e+00 8.199179673197704687e+00
2.929433353644708404e+01 -2.642958567558707728e+00 7.597491136227745301e+00
2.517982107021975935e+01 -5.552462060803691202e+00 -5.556567282826563314e-01
3.689904559249134763e+01 1.175346652439816353e+01 1.421826692451372764e+01
4.194209414030069638e+01 1.814941818024408349e+01 2.155696103041532297e+01
3.360425471953158194e+01 -7.241479453764441132e-01 1.799445596754867438e+01
3.124495632382581789e+01 4.505326840907855512e+00 1.101770888279770588e+01
3.637462128441666209e+01 -2.652767638237492065e-01 1.351784477381852412e+01
4.443550660897949456e+01 1.900901267371318681e+01 9.790454186055285390e+00
2.248919893667607539e+01 -1.750033902505811056e+01 4.078510977909445501e+00
2.548072022976521112e+01 -7.262805644197669608e+00 -4.373848285764324828e+00
4.679995911518199136e+01 1.359402878331866305e+01 1.354239723931686967e+01
3.781490334276804788e+01 -5.913359292478617135e+00 9.345684199871811870e+00
3.517061200222133266e+01 -7.971923979661369231e+00 -7.711272169794028741e+00
4.132591987085606888e+01 6.287000000603711669e+00 2.512884747209909619e+01
5.441067774509042465e+01 2.492377303763487362e+01 3.973486666814801538e+01
2.971993326350093412e+01 -1.741126292867375014e+01 -6.981233721489843447e+00
4.985348997131404758e+01 2.455418487592532983e+01 3.131204979664448729e+01
1.674984671395804980e+01 -3.758436411518550813e+01 5.535448212364826759e+00
9.471344462825527444e+00 -2.741311632388806174e+01 -9.720114177685445611e+00
2.879645578945314810e+01 -6.548653237875669220e+00 -1.442495785639403039e+01
4.857499697081993872e+01 1.425265036046721434e+01 2.257043767041659521e+01
4.609189466996622286e+01 7.899774889187938243e-01 1.181146941277984297e+01
4.350228526822593267e+01 -1.920203045637663308e+00 1.773394406794432143e+01
2.787882542705710875e+01 2.899423510575161345e+00 1.184516284206256387e+01
4.499339888205440730e+01 -2.313382738544987660e+00 1.461344842281187084e+01
2.754302161244504532e+01 -2.733071324268075841e+01 8.557166993550708867e+00
5.890851081727669225e+01 1.992248742031961228e+01 2.760408383044887159e+01
2.439395276722052586e+01 -2.862754654151558498e+01 1.411253297525945527e+00
4.967362201966261637e+01 3.938153650065032707e+00 1.650280687000849866e+01
4.061868278280326194e+01 -9.533366761207616946e+00 2.221361632374737383e+00
4.460871177285662270e+01 1.133923209563363343e+01 1.290453308645965080e+01
3.794618704458662251e+01 3.687448222901366535e+00 1.303506269355921177e+01
4.332015298214082577e+01 2.473114174319562153e+00 -2.478425327617060248e+00
3.227090276880926467e+01 -1.011335263309547372e+01 7.128152939421852352e-01
4.985755911110527450e+01 1.383396203729944318e+01 1.365433459387213588e+01
2.430160375325021960e+01 -3.380497925076633692e+01 -1.113810153023405292e+01
1.710345340932144609e+01 -2.688543072648008092e+01 -6.657310798818798503e+00
3.403212074267503340e+01 -1.695468718370420902e+01 7.900234058299702156e+00
4.619481386103734621e+01 -7.645337719482995453e+00 1.162017266087468670e+01
3.513144928485735363e+01 -1.265160913082627303e+01 -3.154462047946708481e+00
5.495653915909906573e+01 1.713775229054772353e+01 2.978117275152135335e+01
4.466204261121174568e+01 -1.206197300062240174e+01 1.728864177127979929e+01
4.807821955334065933e+01 -9.104788369987545593e+00 2.001858454322746184e+01
2.637962033529584005e+01 -3.362434159679196455e+00 1.075186935941474076e+00
3.651652542346892005e+01 -1.876412115021412319e+01 2.030819440285085875e+01
3.165073230099642387e+01 -2.028490399513293596e+01 1.211545614773967827e+00
3.252179888601449420e+01 -2.175055774864404157e+01 -9.409939171928272117e-01
5.786960662080900875e+01 1.906483195818600507e+01 1.065371852749422033e+01
4.271528252156122107e+01 4.501585800558132178e-01 2.161019211152097341e+01
3.321177397556948563e+01 4.327983708615192882e+00 2.124851561951800250e+00
2.758842931150911681e+01 -2.146760604157225316e+01 5.254715737323294888e+00
4.281222491117341633e+01 -5.464867606199277361e+00 2.411719586039362184e+01
3.898027891492802155e+01 -1.520818197638573110e+01 3.169059147872758331e+00
3.149625792547203673e+01 -7.287997462058228848e+00 -8.675015119274576136e-01
3.675502205041902926e+01 -1.520905587877950893e+01 8.470790283095084305e+00
3.831668560732396145e+01 -1.812429279034859064e+00 8.587495033901632269e+00
3.198063498429473839e+01 -1.836514913961354978e+01 -2.155778797433868021e+00
5.011001156210431873e+01 2.693879897065016849e+00 1.771370691877746140e+01
4.632364867034220879e+01 4.806571535230432346e+00 -3.397448581670687417e+00
3.610006267830294746e+01 -1.992882157617077610e+01 -2.790689924281195999e+00
2.943202696163416476e+01 -1.305554226577987720e+01 -8.171765436204623256e-01
5.851771813227014718e+01 5.592548337947846449e+00 1.085769482221621729e+01
3.796100170267254725e+01 -6.737081895412302401e+00 2.682872343264079973e+00
4.471950899520743405e+01 -2.473760771358774946e+01 7.920402370102237910e+00
2.530706799270501506e+01 -3.222896330650246455e+01 -9.119876567576739035e+00
2.483072299046716580e+01 -1.051306724057758402e+01 -2.071541430741717704e+01
4.278120715565864884e+01 -1.041938509183364658e+01 4.493747822549266857e+00
4.087786485314836682e+01 -1.510413851872317537e+01 -7.666093118813023466e+00
5.767943921909045457e+01 -6.544025085904650041e-01 9.675703411493941530e+00
5.059248331979551949e+01 -2.336532255073962006e+00 1.611159971310007677e+01
3.091731383005253520e+01 -9.040811721415138891e+00 -9.223108867317023396e+00
3.602168169205924642e+01 -2.562605758665267786e+01 4.972346185794776829e+00
2.858347563971619820e+01 -3.810019780882248597e+01 -1.442630579141405178e+01
4.432031402961001731e+01 -1.491811141425205278e+01 1.806290261399635710e+01
1.775501832914460465e+01 -4.201572701020086242e+01 -1.310912442516382725e+01
3.704276977671042914e+01 -2.803809371676834417e+01 4.448255704125131160e+00
3.496244817371098179e+01 -3.143970307258132380e+01 -6.518285563680365158e+00
4.842419033007718099e+01 -7.190102714539534645e-01 3.093436297783682676e+00
4.212798166982565817e+01 -1.438554322931122442e+01 1.445535556695176638e-01
3.502077592588921107e+01 -2.104332157504904899e+01 -3.278062228930139099e+00
3.229288856572657096e+01 -1.829911283011460910e+01 -8.934539579690863320e+00
5.849657760272521045e+01 1.327329001756015714e+01 2.781006853760754893e+01
3.708202136828094808e+01 -2.751288586044756812e+01 -4.581183055766814505e+00
4.790646034885958215e+01 -9.090226449545752985e+00 3.437613792707907123e+00
5.356698318790313351e+01 -6.640147338966926327e-01 1.163169069154218960e+01
4.119030785974609898e+01 -2.097337453878390079e+01 -1.167831296005851982e+01
1.837314720131780632e+01 -5.784075164832574956e+01 -3.494464276607959619e+01
1.847557206343390135e+01 -3.213113149775472266e+01 -2.362702841604641435e+01
3.692371260552499734e+01 -1.605724812173411920e+01 -4.021636423859035858e+00
3.396509180110660964e+01 -3.729383083782704489e+01 -1.919953200625968748e+00
4.640489935038203839e+01 -9.325677156004530843e+00 7.746371702978649409e+00
3.151402792237422545e+01 -2.940829346468672156e+01 -1.987948064660258751e+01
3.623681606623449625e+01 -1.237036420635786271e+01 -7.406748356657317345e+00
5.183865841438364441e+01 -2.255057241922168032e+01 1.031844895581343735e+01
3.095791894872218109e+01 -2.860860513816169259e+01 -7.233806769034345052e+00
6.042161949742512661e+01 -9.584631433664071665e+00 1.243607951786634658e+01
5.534573166648760889e+01 2.244371969415624335e+00 -5.945305652676324826e-01
4.171020606906040484e+01 -2.629725347387920920e+01 -9.495610330885938311e+00
6.336830906626892101e+01 -7.717433371913102746e+00 4.885180313422097242e+00
2.691904274990884005e+01 -3.654602387070053737e+01 -1.669729901924074511e+01
3.934231094377901172e+01 -2.504240687615947536e+01 -1.649106131802545860e+01
5.008196999757728918e+01 -6.136225826800909999e+00 8.687783681566543237e+00
4.546132760874161249e+01 -1.334019757609621593e+01 -1.770453257154804305e+01
