1.014634600507714879e+01 -1.043925105169765288e+01 1.613934775676526101e+00
8.682340391890789988e+00 -1.005934400967082354e+01 3.551852003606654762e-01
1.156708995162998121e+01 -5.792665066359376169e+00 -3.483079312040871400e+00
8.112464378344249383e+00 -1.065342806967677802e+01 3.236646743237997725e+00
1.099722971347938483e+01 -4.035732723505475406e+00 -5.663144000486511231e+00
1.128158129327029258e+01 -5.720828444532173762e+00 -5.356543509015381233e-01
1.047772133758282109e+01 -8.466915686987334766e+00 -2.230834131095051021e+00
1.433583289551768303e+01 -1.186818216595807485e+01 -3.499241532051996728e+00
1.140995486671027948e+01 -6.801059088053534651e+00 -2.160709905848278822e+00
9.338270853827168594e+00 -9.084396765639922933e+00 -2.765171314342524056e+00
1.240513619754818819e+01 -2.741364560041262166e+00 -7.057587467763511313e+00
1.229689178948544281e+01 -9.196480378795939714e+00 -4.970142055873196796e+00
1.353050307686970655e+01 -1.087107493892798971e+01 -2.760907542598459941e+00
1.400900640233487593e+01 -5.409866286507934774e+00 -4.350965655060093695e+00
1.547742142201988713e+01 -8.706347270564748442e+00 -5.548037883215613419e+00
1.646576254742393530e+01 -9.654766264800286990e+00 -7.879709339680687208e+00
1.522675201318739369e+01 -7.170638159148268187e+00 -6.662929602197664281e+00
1.749189870799500568e+01 -5.691888080158292951e+00 -8.951791533499857678e+00
1.593937563093459175e+01 -6.098626829968907259e+00 -8.598525503326584385e+00
1.634188619851249769e+01 -8.266832232862725505e+00 -9.360779637878096082e+00
1.533906110091274400e+01 -9.019805713881225984e+00 -6.461043288352357195e+00
1.432259918681376121e+01 -4.966252201940307032e+00 -8.077172921442979714e+00
1.498465702389833609e+01 -3.718768163357765388e+00 -8.232526190784540177e+00
1.701858101785450117e+01 -8.470765467498608814e+00 -8.133578360526939832e+00
1.512763503030112133e+01 -7.298585405116796210e+00 -7.564063069527293237e+00
1.655454129919121442e+01 -7.205113410319370360e+00 -8.827594043587794204e+00
1.392674169680850582e+01 -6.969620945502754239e+00 -8.244936465256841984e+00
1.943473345806989983e+01 -1.231102124338423209e+01 -9.568891733772204589e+00
1.632233170368803599e+01 -9.629539636864961949e+00 -7.436863048930291598e+00
1.607883421417517411e+01 -6.003797089774622009e+00 -9.169332979329567479e+00
1.599934546690036541e+01 -8.819207511623943674e+00 -7.282902552942886132e+00
1.238132840756571795e+01 -5.739498339199229804e+00 -6.413691694664265697e+00
1.539641933238755200e+01 -2.317808046924199061e+00 -1.106869015719948379e+01
1.644738114902531834e+01 -7.956318748802289065e+00 -8.749918190033639576e+00
1.543529809248093443e+01 -7.733287791129754396e+00 -8.216541908681904260e+00
1.838818722315448895e+01 -7.958062787893993573e+00 -1.028219914843916172e+01
1.835480692008047754e+01 -9.999831933426662545e+00 -8.714546797641389730e+00
1.580230382911454967e+01 -6.397307461600718170e+00 -8.803464384166460377e+00
1.660569626745791538e+01 -6.688626380679465910e+00 -1.165745512239848836e+01
1.913588798389048407e+01 -7.430864389658324853e+00 -1.118770194360294568e+01
2.206186610950760496e+01 -7.931166791518592163e+00 -1.148643158598287073e+01
2.135927089149379299e+01 -9.332955765083454480e+00 -1.024630533370486773e+01
1.945824300430967924e+01 -8.101345229991125052e+00 -1.026741092411944578e+01
2.037423175687337107e+01 -1.176425763170021810e+01 -1.050493923033195642e+01
2.410455204089396375e+01 -1.713169396380925491e+01 -9.813384620822262150e+00
2.347087876169700849e+01 -1.158503431175444121e+01 -1.264568498002546448e+01
2.062567748418609881e+01 -7.712226780237699586e+00 -9.917086350085412505e+00
1.701886275749768629e+01 -2.837018693125173741e+00 -1.173214987732544046e+01
1.808297701779531508e+01 -7.757946187477159583e+00 -1.115247852506638537e+01
2.163650831040530420e+01 -7.044117876925270139e+00 -1.235961493230450969e+01
1.895850040650861956e+01 -5.255686663848052831e+00 -1.600029259930261105e+01
2.142667589673129669e+01 -1.082634494553025206e+01 -1.040321285713417865e+01
2.220357612203218878e+01 -8.015363042724573006e+00 -1.303435895315567450e+01
2.197729351600145264e+01 -8.348943604461112500e+00 -1.372111513174996844e+01
2.603493881886345207e+01 -1.296026198982553979e+01 -1.664708982674443405e+01
2.267006159986749481e+01 -1.022515584829909585e+01 -1.068198776930154281e+01
2.620897426989495216e+01 -1.357224703050576409e+01 -1.428040469482164099e+01
2.318566317503160690e+01 -9.482872824811693135e+00 -1.302560798969705047e+01
2.852789586547316958e+01 -1.632953027417096337e+01 -1.486162269255305546e+01
2.930699304145366568e+01 -1.555916037637734917e+01 -1.574288500360682974e+01
2.132012988317740110e+01 -9.750945277353707752e+00 -1.277070268860796887e+01
2.769432791516192083e+01 -1.170028597951977645e+01 -1.626603793114128393e+01
2.389738114870766594e+01 -9.607032091588621370e+00 -1.436059279086197193e+01
2.668157504969673255e+01 -1.062992959719014152e+01 -1.352204187955970838e+01
2.895088866134881300e+01 -1.363755477355670109e+01 -1.717955694683678303e+01
2.195120268570002509e+01 -1.011194827230389137e+01 -1.416415720617794705e+01
2.819431637583255679e+01 -1.421381471916606642e+01 -1.302168091040999798e+01
2.758063636487850090e+01 -9.697216490572600378e+00 -1.738634062411904324e+01
2.862646810336684666e+01 -1.215451512590442462e+01 -1.609706393230766253e+01
2.628551877274281878e+01 -1.297221151456614052e+01 -1.579815769448430274e+01
2.909141445334165610e+01 -1.327133721940305122e+01 -1.667714385728680782e+01
2.570580823852930052e+01 -1.037685007931082737e+01 -1.568548031876179039e+01
2.928241707225521395e+01 -1.695842647968169103e+01 -1.364409823635259045e+01
2.768271720944403569e+01 -1.266524138060759697e+01 -1.441319561076255695e+01
2.244831698167104150e+01 -7.169445222819661012e+00 -1.527665989889686671e+01
2.624549679902725074e+01 -1.335057737838627645e+01 -1.376055436059863268e+01
2.810977365776415127e+01 -1.405578356950684338e+01 -1.404479807110749334e+01
2.809760255679299235e+01 -1.653297548149009799e+01 -1.531183368224492369e+01
2.556767934322061819e+01 -1.210607496212634260e+01 -1.638054126688240331e+01
2.809245957788414216e+01 -1.028088791219494169e+01 -1.754656170006478533e+01
2.856553441911489699e+01 -1.173552408898603971e+01 -1.839269870795112638e+01
2.758432977936053021e+01 -1.302184163771897829e+01 -1.539592177293070563e+01
2.514146455696328530e+01 -1.452494044058801137e+01 -1.340755614078631197e+01
2.735145358948358307e+01 -1.272021823553848208e+01 -1.554791307414842549e+01
2.880894478789196000e+01 -1.552302185324856509e+01 -1.428904592152451869e+01
2.844184424122846622e+01 -1.341309275595989448e+01 -1.626974875085198846e+01
2.733933997436389518e+01 -9.774214781879322800e+00 -1.772723104715777254e+01
3.252671816088746937e+01 -1.704766122446386589e+01 -1.590125539281154943e+01
3.049788664795977411e+01 -1.315848258923659841e+01 -1.770466532298769380e+01
2.832322369877709889e+01 -9.625813284894263688e+00 -1.630124735851967444e+01
3.396265931279242523e+01 -1.913117379213838376e+01 -1.742502205865412179e+01
2.543241316122561102e+01 -1.196465149064113120e+01 -1.728529345167129350e+01
2.759794873208267063e+01 -1.047566515650902375e+01 -1.612669668136163637e+01
3.443145010572709452e+01 -1.391929129094660311e+01 -1.874377526551836581e+01
3.205544999589892541e+01 -1.696321052462593570e+01 -1.907468394586663862e+01
2.997148915076070352e+01 -1.049328628769160332e+01 -2.081608381545919428e+01
2.958516262769626337e+01 -1.363270964888363324e+01 -1.689458564505025606e+01
2.886385601215437191e+01 -1.358000412118883560e+01 -1.642774517615777086e+01
3.319851317928748813e+01 -1.574938645846373220e+01 -1.919068548617201486e+01
3.365493363776010938e+01 -1.741873026097721322e+01 -2.225075468140988733e+01
3.216905635248468798e+01 -1.366382974577339837e+01 -1.657871802758131707e+01
3.325217485291159392e+01 -1.919246767272329635e+01 -1.849938229255388933e+01
3.307325262128460963e+01 -1.573471526733965220e+01 -2.038546785499113412e+01
3.064130234040442247e+01 -1.733702854451689745e+01 -1.519140839997584180e+01
3.488223467192221960e+01 -1.159792581795841215e+01 -2.120525793698413963e+01
1.060144184104353826e+01 -5.756936805880854990e+00 -6.511017365458059203e+00
8.936124521485027117e+00 -2.086851541262120691e+00 -3.300327867342858212e+00
1.229172575291897829e+01 -2.808279872165996949e+00 -6.600868275183984224e+00
1.442615954850907656e+01 -2.540448971058651750e+00 -8.397092524107932832e+00
1.327728841041329133e+01 -5.755190771575456665e+00 -8.819962685107356037e+00
1.205416151043181117e+01 -2.854311256888706794e+00 -6.902400178593438795e+00
7.872842798683620913e+00 9.991635304949824103e-01 -6.624166526233196350e+00
1.259538890281078238e+01 -2.994627476378212805e+00 -9.164133274226486492e+00
1.144737849790678297e+01 -4.087838443962880319e+00 -7.934931143923961372e+00
1.268126428798717598e+01 -5.766255019047576980e+00 -6.002743335090542587e+00
1.097565879315112625e+01 -3.043975984444813321e+00 -6.594403331703091453e+00
1.247078912707701193e+01 2.189683126607235408e+00 -1.245787646849314001e+01
1.294709486342827631e+01 -4.027988225124943256e-01 -1.194097967387205017e+01
1.150023285332920864e+01 4.441682519779334370e+00 -1.080052522841643281e+01
1.084715417407610971e+01 3.288658813573306361e-01 -8.328232160731403155e+00
1.003811984711720129e+01 3.179520553679338946e+00 -1.031304164573495541e+01
1.587101969249653166e+01 -2.652505646794622862e+00 -1.332628591943532115e+01
1.543877131375484169e+01 -2.802308111543993618e+00 -1.190631081366299782e+01
1.130522678334833131e+01 4.010794962530042085e-01 -1.144501122464120613e+01
6.734931384242372587e+00 4.941147982435609265e+00 -1.072200030710895646e+01
1.268583854413975587e+01 1.055407247529274173e+00 -1.238756120697945562e+01
9.216244053473303666e+00 2.894591240311001457e+00 -8.031079653220700720e+00
1.130407302187086316e+01 4.443661849122236163e+00 -1.447542803118093957e+01
8.300759590513962394e+00 6.164397106027735163e+00 -1.187660849228106485e+01
1.516540588219584151e+01 2.334268292075591944e+00 -1.369566308021771306e+01
1.298570694321648489e+01 3.249343292250671311e+00 -1.405286959082698672e+01
9.061117952736566394e+00 1.810679780201439826e+00 -1.120365507735397159e+01
1.299651886907230391e+01 4.732605010871225204e+00 -1.461340742803301396e+01
1.198562514535211676e+01 5.576001458486189222e+00 -1.599879845336261042e+01
1.684801944315904620e+01 1.191146643104957548e+00 -1.644036615071485130e+01
1.062202352211119205e+01 5.248778213662944836e+00 -1.557247329473878494e+01
1.546853485166656128e+01 4.878375636794771708e-01 -1.263460165859945050e+01
1.113165137731550658e+01 7.570790336923096220e+00 -1.419545374325116427e+01
1.481690111597953319e+01 4.342931374624726004e+00 -1.447622709236406990e+01
1.295441158531735937e+01 4.205431424953587793e+00 -1.715880486463808552e+01
1.265858886976724307e+01 5.566720843737101632e+00 -1.505979524347810639e+01
1.342429525403099433e+01 6.522461204486575070e+00 -1.784459991378869859e+01
1.382211875566696335e+01 6.370016108488755435e+00 -1.771318375796425926e+01
1.039480563137857416e+01 6.637729569003056440e+00 -1.645023316663397850e+01
1.056189512067817304e+01 7.740674963708130463e+00 -1.917525811462360252e+01
1.094650033990353677e+01 1.002532655884749602e+01 -1.762882560486096395e+01
1.858375864742805561e+01 3.437778772735100574e-02 -1.962626742215883269e+01
8.306244322787165402e+00 1.041168534668508983e+01 -1.676714972017904870e+01
1.267224388975921556e+01 7.655526938365852629e+00 -1.959906601817021965e+01
1.030905859116285228e+01 1.186205294980325675e+01 -1.831219753844948173e+01
1.494977847554991968e+01 1.265035405586274919e+00 -1.636258458246820169e+01
1.335358357596777523e+01 8.127772382415798802e+00 -1.972769275799078059e+01
1.301720448399930774e+01 9.171279347696895456e+00 -2.178708101285425869e+01
1.479158034615852557e+01 5.362434150057566740e+00 -1.640620839789653473e+01
8.860370965686172440e+00 1.474693715303743602e+01 -2.089871739813992235e+01
1.300692103174054637e+01 1.201746693875458050e+01 -2.192180263701956733e+01
1.187187134961976653e+01 1.259989044030095329e+01 -2.016129664700659418e+01
1.052275755329355889e+01 1.431798173288663634e+01 -1.944344335331103935e+01
8.503524175819677566e+00 1.597754812183504214e+01 -1.749483901927638385e+01
1.066844054591098256e+01 1.330950165614169123e+01 -2.115535672119867172e+01
1.003732595875192146e+01 1.201992628805737695e+01 -2.113963601609628995e+01
1.347464555185194968e+01 1.390406655209784503e+01 -2.314259357780306914e+01
1.121826647271643651e+01 1.550360660537441504e+01 -2.160461994243874528e+01
9.436550141278303272e+00 1.778061292522613712e+01 -2.253205656525943823e+01
9.485074047531327324e+00 1.797858115454775429e+01 -2.376020506945741317e+01
8.723059560709572224e+00 -2.627911631897845268e+00 -3.674385112189526126e+00
1.166282593457893313e+01 -7.132890265833793819e+00 -6.568739583887946765e+00
9.926116265040008102e+00 -3.228456780901922230e+00 -2.830301214251321085e+00
8.776134992909447874e+00 -6.637582383069343450e+00 -3.436268671912486639e+00
9.657019066346066438e+00 -4.232651521152263285e+00 -3.270756193223377295e+00
9.849649401620780509e+00 -1.173124532645147156e+00 -3.479243632598837621e+00
8.973987253814016185e+00 -4.064345204778248899e+00 -4.630173751164193163e+00
7.008376850727415786e+00 -1.710416358935589187e+00 -6.176067868923908577e+00
9.532626894881232715e+00 -3.692421334341617012e+00 -2.967647120476797795e+00
7.758745403914389271e+00 -5.453200384742785900e+00 -2.442251694983838206e+00
1.102317292344162070e+01 -4.667252894783530337e+00 -7.353736093592999623e+00
6.322679436033880052e+00 -8.814640739599042263e-01 -1.122745193632113114e+00
1.190817878397368190e+01 -5.559609103178701162e+00 -4.714812683006783800e+00
3.193645392446029518e+00 2.113912883521450681e+00 -3.359582987435594248e+00
9.626919869145325492e+00 -4.782983591677037793e+00 -3.317879755212430837e+00
9.092647662828596822e+00 -2.069923291949663735e+00 -5.316678775760749431e+00
5.468988529328939308e+00 -1.316513504550016478e+00 -1.824755343928458728e+00
8.004831360242931737e+00 -4.420621321067812914e+00 -3.035116632454815999e+00
1.148538847770848292e+01 -5.444791950147504167e+00 -4.843705316349371515e+00
1.046741051478167606e+01 -4.211900117612117356e+00 -3.939508665090315276e+00
7.097558886017779400e+00 -5.730804968599287008e+00 -1.171541998814831231e+00
9.988869671288824748e+00 -5.334893754867692905e+00 -3.536458717499996851e+00
7.806061092852587535e+00 -3.688033040988955236e+00 -2.378717002258071034e+00
8.845496514001496280e+00 -4.969016889876769483e+00 2.006698787234739711e-01
9.440984189675049265e+00 -8.449723181722390564e-01 -2.521094413920238253e+00
1.187048892042628268e+01 -7.914107242672940856e+00 -2.546692210359651654e+00
7.474671986695838655e+00 -4.742372763900277732e-01 -3.502234447788026728e+00
6.884605186215694062e+00 -3.931760523460724244e+00 -7.902189335318752228e-01
4.788147232950890952e+00 -2.473781029001123954e+00 4.464441252585729103e-01
7.762913867267243972e+00 -3.946365092586091805e+00 -3.607268115842856560e-01
6.343289007500011678e+00 -3.103263292928254202e+00 1.982515528695934393e+00
1.166364097745309891e+01 -5.467137788176614777e+00 -2.717369885727151768e+00
6.631185697502864684e+00 -4.414866168784371325e+00 7.829767340334967685e-01
8.914880303274301809e+00 -4.407154093952627250e+00 -2.535696184055282743e+00
8.817587768174320217e+00 -6.341137234551339930e+00 -8.836863857767411901e-01
7.287074113659656405e+00 -3.597315551707666259e+00 -1.071551592772550521e+00
6.060667151064038194e+00 -1.659067370911188277e+00 -1.509535812137329458e+00
9.160380691088874983e+00 -4.871484631533675724e+00 -2.259213724091409858e+00
5.497487585134130939e+00 -3.248592643664892421e+00 -1.025171278590590873e-01
8.634667377945845601e+00 -6.142229359408304390e+00 1.392443632553408861e+00
2.961954983821414089e+00 -3.139093939548089907e+00 -2.895851549253549706e-01
7.749828194520432589e+00 -2.599836435039037497e+00 9.057183519028626506e-01
6.673108395153263928e+00 -6.413815369710562209e+00 -2.160610055564404774e-02
3.702410080044209906e+00 -1.258183803382465271e+00 7.463754828949547004e-01
5.907987509873297682e+00 -4.923961805799727642e+00 2.868572169281179640e+00
4.962892311230397979e+00 -3.303724642260725375e+00 -7.799149810613741352e-01
7.342230523233510553e+00 -2.952188899001370714e+00 -3.039900912252647913e+00
4.271186655724108050e+00 -4.702113337900385659e+00 1.612335841355701405e+00
8.493470931032646831e+00 -4.190797477469629939e+00 -1.879958241873751490e+00
1.081617590355136826e+00 4.492510528098929257e+00 -1.299762489360686502e+00
4.116300907146076327e+00 -2.155232758670287296e+00 -1.242735959243226773e+00
8.735206281031771880e+00 -8.090267677181330441e+00 1.287228112301761485e+00
3.499043514011951572e+00 -3.837173131433722517e+00 1.487055544132747542e+00
2.969250646292915796e+00 -5.098933065238920648e+00 2.152274139472826420e+00
3.005293476216264636e+00 -3.075702869585263954e+00 2.042148311184149634e+00
8.069100936611093289e+00 -1.379897863176523742e+00 -1.537220291859441090e+00
6.626572101665288983e-01 -2.620476799345102581e+00 1.563076661545815371e+00
1.690832904987971119e+00 2.254305799250612807e+00 -1.614423566291904422e+00
5.652567957118854736e+00 -4.196196072026154411e+00 5.734248150383933762e-01
2.364587850241477440e+00 2.177338646139411082e+00 5.205039460491835968e+00
4.519351615849441117e+00 -1.562730884869015568e+00 3.672829865240936797e+00
9.393970737626489154e-02 -1.932569417183223948e+00 5.610218395738886699e+00
6.111111720739401676e+00 -6.196180244735288056e+00 1.075932290135511948e+00
5.876778086140177493e+00 -3.893788170106333268e+00 -3.275474445372594801e-02
6.305865810189427378e+00 -6.353584412270976145e+00 4.457518838523490956e+00
5.727917368279506150e+00 -5.506567300864873005e+00 4.153258621231259440e-02
3.008424934653519678e+00 -3.799903753090957181e+00 2.647563963384678587e+00
2.224501896433864090e+00 6.360804569811460141e-01 2.533386179365982649e+00
3.047352691993751250e+00 -2.735965103085707284e+00 8.547629981765396678e-01
9.595227607782632617e-01 7.553257160728676922e-02 2.108356850496907242e+00
1.054884926601687312e+00 7.192389862014607615e-01 5.067468104278230356e+00
3.640865106643921933e+00 -5.496317781142852965e+00 3.591463793853415964e+00
5.614101370308404171e+00 -3.395858449735492002e+00 4.905861583756490063e-01
2.144956035459937738e+00 9.611570933268369643e-01 1.868490092001945602e+00
1.167862938140999063e+00 6.130678884719991117e-01 3.598156375122737671e+00
5.379650066792358132e+00 -5.584252848843306083e+00 -4.646330138605492266e-03
-9.289308301704348736e-01 4.935679886906125802e+00 1.836370019859678848e-01
8.625986033827075516e-01 -2.164359188536806755e+00 2.733643685637077603e+00
5.331415940792396668e-01 -9.934852702446441697e-01 1.845342534466094087e+00
5.034690336653485865e+00 -7.762538153594860546e+00 3.682270567653670668e+00
3.881809655867836995e+00 -2.378129435572311934e+00 6.379515358388445634e-01
4.803574326723129673e+00 -7.033467711987832161e+00 2.290580478980146495e+00
-4.290426536215363740e-04 -3.322715152454200904e-01 3.629500616827350257e+00
1.627828544254382948e+00 1.997102839745799052e+00 1.793944369200950462e-01
4.590771803920503658e-01 -5.726012586959470241e-01 4.932811620849246736e+00
3.786786103349589538e+00 -3.695730735561600255e+00 4.196266105958358139e+00
9.563032786782343919e-01 -8.793465731200491575e-01 5.990108621928566635e+00
5.280137295295908473e+00 -3.125345918939572698e+00 1.224350529761991879e+00
4.206864875144731286e-01 -1.528468644988173253e+00 3.226685074885939031e+00
3.298352887427248525e+00 -3.189731583003533544e+00 3.374359594740106161e+00
3.942328905412225915e+00 -6.590297914014879410e+00 4.451591252460421089e+00
1.313668224770580650e+00 -7.250343980004103628e-01 7.591659967850723945e+00
8.634726129709946463e-02 -4.433782862931320956e+00 3.908718384590420314e+00
2.073266230886048334e+00 -5.682476994286769667e+00 5.084321086524769662e+00
3.682036575065505524e+00 -4.745436830466012168e+00 2.748310338786609464e+00
-1.339983688721559929e+00 2.347406338477199483e+00 5.877334001643902184e+00
9.658935718653509639e-01 5.410050632246381497e-01 5.779494928025954437e+00
5.219911761366560654e+00 -1.025813881967498986e+01 6.193140451054901519e+00
-1.173575989464495706e+00 -8.624304161010343250e-03 3.877312608384350767e+00
3.878573274185299624e-01 -5.319179587829257372e+00 6.685027249824230466e+00
-5.638663830726642345e-01 -1.356156350865795446e+00 6.353230343689695303e+00
-1.485502037316237534e+00 -3.146204796384658664e+00 5.725518009203675263e+00
1.585351464001192312e+00 -4.263048138384567309e+00 3.304460427515894416e+00
-3.731479306601642065e+00 2.529593951185660217e-01 4.452278148794121648e+00
-1.328237612654049826e+00 -1.954056935536726769e+00 8.077314667719889485e+00
-4.004784793961775335e-01 2.157847511079992842e+00 4.355829629628580335e+00
1.652187727639997661e-01 8.967669139455622940e-01 4.459336968119519184e+00
-3.652274408100311121e-01 9.303300173774005088e-01 4.260220303629822070e+00
-2.447642203679023964e+00 7.883838344345406313e-01 6.292421912574610587e+00
1.548573670322340945e+00 -7.660511503931882515e+00 5.722662675391806175e+00
-3.565179793073838255e-01 -1.963422451650181699e+00 8.390157385882453411e+00
-9.376501425725223271e-01 -9.501897227285667213e-01 5.227042533026029503e+00
-1.378061846917901789e+00 -4.057178988977177880e+00 6.239001477228057979e+00
4.125047542341610196e+00 -4.493125227321414172e+00 3.688494330976617164e+00
-1.442997975940315314e+00 7.200683420990543482e-01 9.141304646672594458e+00
9.873453030030532318e-02 -2.573868447375524227e+00 7.606962900038837461e+00
3.593672053929424237e-01 5.123845345890032377e-01 7.032206252112189304e+00
-1.008233321403068317e+00 -2.729823870147441767e+00 9.614280663551468820e+00
-3.289612294180159324e+00 -1.662326467772487604e+00 1.039061734839933138e+01
1.145750134489787797e+00 -6.144665313093391035e+00 5.818377286005482318e+00
-3.488615862307540283e-01 -3.440242836142800797e+00 6.235101264666226939e+00
-6.500486590416755917e+00 4.315715872472338788e+00 8.053923843990688169e+00
-2.248087356891048216e+00 1.344003382859995099e-01 7.469486336132050042e+00
-3.563654726600447020e-01 -3.518568899451068432e+00 8.653551452591010218e+00
2.064899791888102243e+00 -1.958826593421594708e+00 6.045242297729092940e+00
-3.648920647487528868e+00 2.341202239233936666e+00 9.774121560813199494e+00
-1.707984008092338968e+00 -3.152084716399059516e-01 7.724983428597404611e+00
-3.850908375462211097e+00 -2.386094576810506851e-01 8.644803608107238801e+00
8.287242186006267275e-01 -6.828950132913796267e+00 9.785345190310522412e+00
-4.177987843912802646e+00 -3.275294592704511842e-01 9.388986053623284533e+00
-5.133946049042805271e+00 -2.848990709491800999e+00 9.626300062157582715e+00
7.084654196214899002e-01 -1.551574030533814152e+00 7.267346040594532042e+00
-2.809061237391233590e+00 -2.231705687437781194e+00 1.133729439050574683e+01
-2.438011024989606312e+00 -2.250929069125405135e+00 8.969707065907982724e+00
-9.901765368075814422e-01 -6.335475731894291584e+00 1.239651892475494321e+01
