-1.104754741447213462e+01 1.652739708641270511e+00 9.310938044619774701e+00
-1.028325503832276411e+01 2.198915552420217523e-01 8.728671721205934375e+00
-7.933848336253589650e+00 -3.104241411025199682e+00 1.053653314883104031e+01
-1.134183608768829288e+01 4.280864674866030839e+00 8.532735709250724554e+00
-4.405195054717438552e+00 -6.075454092351115776e+00 1.075278259714887952e+01
-5.190958882965105659e+00 -6.364400868466510985e-01 1.148753399205035919e+01
-8.916723615192807983e+00 -3.214270346488198982e+00 9.628556045203183089e+00
-1.196446898364104072e+01 -4.013807719652374928e+00 1.407975598110058968e+01
-8.222586905351874975e+00 -1.713215464444527214e+00 1.052429226078879765e+01
-8.713206003396237520e+00 -2.398185874786139316e+00 9.060812323791452627e+00
-3.727402971021945177e+00 -6.421583168968361122e+00 1.262377469658409268e+01
-1.031129417748871901e+01 -4.777926947670000146e+00 1.137357742959156326e+01
-1.135203998832398042e+01 -2.752730110547334519e+00 1.349443846914491019e+01
-6.092077681285928747e+00 -3.500272180947398226e+00 1.417161304017425039e+01
-9.443726792241932344e+00 -5.280033958005141415e+00 1.536793542702386617e+01
-9.409919159837727420e+00 -6.310082031455166884e+00 1.712866272972485149e+01
-7.811500701684309433e+00 -6.826486864277534039e+00 1.483030931758892734e+01
-7.260555435465477103e+00 -8.098108633503855458e+00 1.659920847992822246e+01
-7.142644843272933031e+00 -9.832250144397534086e+00 1.529018155031224069e+01
-8.084391333203996055e+00 -8.299202131729352061e+00 1.647694608087695656e+01
-1.032976812929467769e+01 -6.417827929779150509e+00 1.485187459693901246e+01
-5.770950076790938965e+00 -8.335301995633841443e+00 1.428944386668723610e+01
-6.025975861828754887e+00 -8.091581870132060317e+00 1.518939984823356326e+01
-9.162196583377436809e+00 -8.371879440668372752e+00 1.687762806434426466e+01
-8.125279539512803240e+00 -7.824719892099075480e+00 1.527685589701633262e+01
-8.333293037199297260e+00 -8.800929305791711954e+00 1.754098724334255621e+01
-6.185387258404119848e+00 -7.897098543283277650e+00 1.420644675624998854e+01
-1.333166555301687595e+01 -9.786353071896577660e+00 1.906504839263408257e+01
-9.667497807197094062e+00 -8.189060215076274574e+00 1.609229089128979240e+01
-6.512680707587691131e+00 -9.053089644961090698e+00 1.622009870193735992e+01
-1.001449536787890793e+01 -8.676237312562463444e+00 1.538284658787392800e+01
-7.587466038686415004e+00 -6.684407039267583173e+00 1.156787843033814056e+01
-2.719067060664599467e+00 -1.114025018320272409e+01 1.573255295821786603e+01
-8.420090341430437775e+00 -8.822442119240648140e+00 1.552391385409455893e+01
-8.487777356305372223e+00 -8.339675696945043626e+00 1.563500591327226630e+01
-9.395646306483456556e+00 -1.028886549951447194e+01 1.682001588864810060e+01
-1.238579557683632970e+01 -7.967195475726477127e+00 1.681089392122063941e+01
-8.363243322245210720e+00 -9.286970864010868354e+00 1.487537925545098005e+01
-7.643494399678445461e+00 -1.231096399919729834e+01 1.624185664090910564e+01
-8.581198455671767533e+00 -1.086865999096025348e+01 1.842919458181731329e+01
-9.038397633308250079e+00 -1.124011715178141912e+01 2.126516560458730964e+01
-1.075211476855349702e+01 -1.015303601062089456e+01 2.093980119669546980e+01
-8.321549955770876750e+00 -9.528325391251115661e+00 1.950794875905879167e+01
-1.306696436981326315e+01 -1.054678990827801499e+01 1.965608936874679102e+01
-1.776594082184664103e+01 -9.757447585765056886e+00 2.387176747421349887e+01
-1.294445735729260605e+01 -1.219707257040765569e+01 2.263131551204503467e+01
-9.084725406953168658e+00 -9.604696797548001541e+00 2.068888638055278761e+01
-4.049907213356050306e+00 -1.238296050096175804e+01 1.674985795144689860e+01
-9.129571106047933426e+00 -1.236484520029283374e+01 1.722531128047381799e+01
-8.374216049304720855e+00 -1.342507607283403104e+01 2.133568081414148310e+01
-6.092975925141956850e+00 -1.563532084374419640e+01 1.909804184339014910e+01
-1.301010984574156737e+01 -1.089193941280601052e+01 1.986760353448954675e+01
-9.549189439308804594e+00 -1.282293016721385470e+01 2.181742193285776921e+01
-9.948737719896712406e+00 -1.315314063319218008e+01 2.193458558739951059e+01
-1.501238354579766110e+01 -1.680873976806313408e+01 2.416772821916731573e+01
-1.242436100453733161e+01 -1.224062850519706558e+01 2.068609827294463344e+01
-1.531087369956873090e+01 -1.461978388160341069e+01 2.521803479458066022e+01
-1.170738283684397629e+01 -1.387744808235096627e+01 2.234378571413861891e+01
-1.837485309355514573e+01 -1.522262841800078093e+01 2.744755406619344740e+01
-1.705770232885885207e+01 -1.531141823699699955e+01 2.852464104401218492e+01
-1.114558686310920166e+01 -1.262973148066413387e+01 1.977953236767751832e+01
-1.437759471928018229e+01 -1.680574712079668132e+01 2.645083664004806678e+01
-1.144571177757899250e+01 -1.449421666996919100e+01 2.282004179769796792e+01
-1.179488093901818502e+01 -1.427591512556914211e+01 2.623724619501939515e+01
-1.579417222637766827e+01 -1.716669688954091555e+01 2.769345929026508202e+01
-1.057668258008425255e+01 -1.320089637320951681e+01 2.203903124331964136e+01
-1.526146303614694943e+01 -1.312441585317085924e+01 2.639187752465704762e+01
-1.121677599773050815e+01 -1.756472217815911563e+01 2.639024062246011226e+01
-1.463160825704932222e+01 -1.741934934534491219e+01 2.681719286076537401e+01
-1.357017777298290184e+01 -1.578808738705654946e+01 2.541807929689548473e+01
-1.481144745911234395e+01 -1.605558038620526418e+01 2.791786288903705326e+01
-1.122972602388682617e+01 -1.563671332946233861e+01 2.461377115922385883e+01
-2.004566464951096805e+01 -1.353390111316004152e+01 2.720852750835558709e+01
-1.340077173298686830e+01 -1.407921382400373034e+01 2.684347100246304763e+01
-8.205785240964928562e+00 -1.588519242449768853e+01 2.223600933937535729e+01
-1.545368046884397017e+01 -1.439349557394298529e+01 2.361244374124140677e+01
-1.471399497187633187e+01 -1.506342954767477238e+01 2.698931632612311660e+01
-1.726090472128737474e+01 -1.549374130210522083e+01 2.745416659353224986e+01
-1.283774684320769666e+01 -1.687561142639394518e+01 2.611152905351764275e+01
-1.264756744855458237e+01 -1.724790422860715466e+01 2.798874620289961968e+01
-1.325535934900062784e+01 -2.029657574293787548e+01 2.747092598515655482e+01
-1.445224686752493426e+01 -1.568700930690168605e+01 2.627968622883332728e+01
-1.573925024037987441e+01 -1.345712769599383307e+01 2.429395139879090948e+01
-1.486545596255473356e+01 -1.595847632976135344e+01 2.524224664978868304e+01
-1.699597412659466045e+01 -1.456291207326516712e+01 2.754811734295014958e+01
-1.494508798708801578e+01 -1.677811059459521914e+01 2.684573694013920431e+01
-1.175716953901451234e+01 -1.740395992414883608e+01 2.654311874152517703e+01
-1.932153298948526299e+01 -1.568176513590562138e+01 3.033674185633822162e+01
-1.442483299097415284e+01 -1.840613757807562934e+01 2.938602136975225676e+01
-1.200641041723741864e+01 -1.622106565987058957e+01 2.686077567181860104e+01
-2.159737336567326338e+01 -1.867911415216080684e+01 3.317481167977479117e+01
-1.306611540754033740e+01 -1.727101528287877841e+01 2.406254102401067030e+01
-1.190062200239259482e+01 -1.665044173960995977e+01 2.736200344268911522e+01
-1.689578610071538378e+01 -1.852185386611910189e+01 3.287524457049443072e+01
-1.875371269150230091e+01 -1.850935714380187846e+01 3.120652526682459893e+01
-1.177179414796626133e+01 -2.085218215663718411e+01 2.947939302940244488e+01
-1.505402789927813956e+01 -1.779650738420173184e+01 2.822883832249743818e+01
-1.517917872403910451e+01 -1.604241167761432507e+01 2.795726293009005303e+01
-1.721990530369043881e+01 -2.031329307105963267e+01 3.304226020374846939e+01
-2.072591376565753762e+01 -2.236381003096639120e+01 3.208867760389370005e+01
-1.664340130888547264e+01 -1.748965118693270426e+01 3.076765689714864038e+01
-2.162776511813262914e+01 -2.006315837098836141e+01 3.208623904410836758e+01
-1.876244885331499290e+01 -2.067445131953854798e+01 3.039946723469108747e+01
-1.845174543884400009e+01 -1.498127203606173907e+01 3.031044818297550592e+01
-1.453839806445876093e+01 -2.261087790409561649e+01 3.351637501203850888e+01
-6.188588129062992493e+00 -5.952690355345843898e+00 1.039971030557011034e+01
-2.928539345378055714e+00 -4.296869918587198356e+00 8.244995304990084151e+00
-3.532891597150779717e+00 -5.988704379216173379e+00 1.242101244830169549e+01
-3.303534729863599750e+00 -8.315885516767778540e+00 1.410757466702941088e+01
-6.136742726165607564e+00 -9.104727695095178319e+00 1.314197572392399138e+01
-3.251815377570380861e+00 -7.090118583196819202e+00 1.148653385014685568e+01
5.980841432157575355e-01 -6.063070648458356970e+00 8.005577210697410351e+00
-3.636523889712606206e+00 -8.347454532055834875e+00 1.255672442058988736e+01
-5.497942710896097651e+00 -7.960874052147183022e+00 9.814396936306991392e+00
-6.576958613613015814e+00 -6.218884036176284269e+00 1.277208189591468113e+01
-4.396001533554709795e+00 -6.115303182790057690e+00 1.102934156973628887e+01
1.036414761424566677e+00 -1.373262880722751333e+01 1.238557819984532671e+01
-1.800636080798000194e+00 -1.221453685297503000e+01 1.291610047788063298e+01
3.638385569209134474e+00 -1.003399208027238387e+01 1.134876119454017385e+01
7.714588142283957950e-01 -7.726590479147077417e+00 1.116376192011435364e+01
1.907257616730220207e+00 -1.082305127947373080e+01 9.327252202789338753e+00
-4.528441077587217478e+00 -1.329489719685145133e+01 1.559959084017853570e+01
-2.711040369286763507e+00 -1.219418314136818537e+01 1.566539806168921700e+01
-2.784689720761832632e-01 -1.150523130278369877e+01 1.134908645717754894e+01
4.192168424713059949e+00 -1.042670503230931445e+01 7.100197366433150137e+00
6.227551210321848885e-01 -1.290815008288662114e+01 1.267785995902798390e+01
3.692188288432078025e+00 -7.623142723294691336e+00 1.021119774382813716e+01
3.321389582464547630e+00 -1.486744502011083569e+01 1.150675982672652253e+01
6.062950216290943217e+00 -1.142554111862325783e+01 8.390522941351491681e+00
5.768764297394000096e-01 -1.442920510916408716e+01 1.505656826695215500e+01
2.855939630760701675e+00 -1.466045865661774883e+01 1.316325379609858715e+01
1.085614526228113164e+00 -1.097532070734204979e+01 9.701244699733393873e+00
3.974433321098615579e+00 -1.476301688445045102e+01 1.239647068365428595e+01
5.599610359013041716e+00 -1.586678380768961460e+01 1.216197815336178678e+01
6.897467574731308559e-04 -1.628673630570474984e+01 1.603442256848376246e+01
6.266034586667103667e+00 -1.456855200856404053e+01 1.171650277293827003e+01
2.820496414080366776e-01 -1.226921880034244339e+01 1.538290568410789660e+01
6.334101023097531424e+00 -1.420750695759247151e+01 1.055891272860296226e+01
3.902081707834241797e+00 -1.383073122751650885e+01 1.631428411353590491e+01
3.339549577956972826e+00 -1.643375334888017392e+01 1.366829666237362062e+01
4.735984286017384193e+00 -1.429694131668475165e+01 1.294491627554018010e+01
4.786463200081868763e+00 -1.806498551354380311e+01 1.338951610295367800e+01
5.471626877372784747e+00 -1.937899271949049762e+01 1.375346315004452435e+01
6.303821131931499622e+00 -1.717439642554634815e+01 1.062112917357430319e+01
7.039616024956160345e+00 -2.012600808130235919e+01 1.059878453624810390e+01
8.236755328455700464e+00 -1.849133272881513790e+01 1.079047014043536024e+01
-1.140349136346060277e+00 -2.003013927121600091e+01 1.745853375047721556e+01
9.908617204726255068e+00 -1.567465313450816211e+01 8.429204898023300530e+00
7.482706466000706769e+00 -1.901882654356307967e+01 1.252042589205882450e+01
1.065132952872031069e+01 -1.813286217347481966e+01 1.081927581914001735e+01
6.354675512347398580e-01 -1.673409220233301653e+01 1.516664524111450874e+01
7.343467837514538132e+00 -2.016816872479313361e+01 1.395564442522373838e+01
8.580667386998413804e+00 -2.197501918531719411e+01 1.308627348622917452e+01
4.218089490535305686e+00 -1.596409694058968398e+01 1.473030707573138898e+01
1.422816888822941905e+01 -2.138214151552412545e+01 9.528441374356987126e+00
1.099227590098968221e+01 -2.220858359768089940e+01 1.372755899560831949e+01
1.107907507700801375e+01 -1.967640138194579436e+01 1.212491435367604709e+01
1.426095449614649624e+01 -2.040778443076877124e+01 1.196641763839625128e+01
1.544226212367448170e+01 -1.783893974769216584e+01 1.017132588646472868e+01
1.230905007132255946e+01 -2.241618967217445402e+01 1.148049282338126886e+01
1.090975683755345926e+01 -2.171300074299134053e+01 1.093935101911284846e+01
1.186691656163674224e+01 -2.302139407523853265e+01 1.329635887683156170e+01
1.481844823230579777e+01 -2.073478754228764842e+01 1.107169013147534997e+01
1.777903197861996887e+01 -2.307363293779465607e+01 1.036153187675762410e+01
1.711344637633698085e+01 -2.482767348244607319e+01 1.059997240578940136e+01
-3.125472155720615319e+00 -4.089659910999415615e+00 7.701300017035364931e+00
-7.061695376182171913e+00 -6.596016520182260479e+00 1.181900142607196358e+01
-2.674419326217190473e+00 -4.129218944937626645e+00 1.037168042046637595e+01
-7.559206474722884650e+00 -3.186825698268958007e+00 8.018539497827802620e+00
-4.301262613875707075e+00 -2.202002362742248920e+00 1.031969706578991008e+01
-1.866552170491360130e+00 -3.316597303262867058e+00 1.035615149078864761e+01
-3.198620716340258241e+00 -4.744283021223765218e+00 8.315181228889727549e+00
-2.385802861838811850e+00 -5.417333344867238054e+00 7.758286750936179033e+00
-3.616445328430671680e+00 -2.289888269722890612e+00 9.771493585490048872e+00
-5.557396765722614873e+00 -1.759308981875078004e+00 7.773786314076232884e+00
-4.221097709048592606e+00 -7.479273103606068673e+00 1.080102441911930100e+01
-1.273702566670166902e+00 -7.012264181704157551e-01 6.416258096995179017e+00
-5.956164369835306616e+00 -4.497028049738311495e+00 1.125789922000276988e+01
2.873506641279831797e+00 -1.942888722565093929e+00 4.636226852875232396e+00
-4.324268649173220069e+00 -2.088377264632633512e+00 1.027383267494546715e+01
-3.035614287070728778e+00 -5.192377312033080727e+00 7.881318278012741985e+00
-1.507419847526733747e+00 -1.186912705725671202e+00 5.074520314466710147e+00
-4.423126757880766036e+00 -1.242663346190280294e+00 8.177627456242120729e+00
-5.388246296561703730e+00 -4.406511140483566180e+00 1.114454536449507316e+01
-5.052796654935093557e+00 -3.606483815328836329e+00 9.196748272039812377e+00
-5.558025815217703780e+00 1.371554472289928661e-01 7.530362236534216436e+00
-5.920351305700222611e+00 -2.875949125232015291e+00 9.464429576067274752e+00
-3.596620439068416886e+00 -2.056305994653364166e+00 8.404559272975461681e+00
-5.257476153593557910e+00 -2.696963115771147113e-01 8.354875764915384195e+00
-1.702834345693617024e+00 -2.081566554730123642e+00 1.022218740668469650e+01
-8.301343359031790214e+00 -1.673086697752550478e+00 1.139365190711106379e+01
-1.914168441411931099e+00 -3.831385703199025272e+00 6.535998884736073933e+00
-4.463864547150151907e+00 -1.126646344677074474e+00 6.544837682479951013e+00
-2.098924630621596066e+00 1.271814416031984640e+00 5.625215960356662492e+00
-4.190178817498605213e+00 -7.073323455275737359e-02 7.552205674769851385e+00
-2.150280497031744176e+00 2.356541257996987326e+00 6.679351386602871088e+00
-5.515774508596621217e+00 -4.391778944951774122e+00 1.211552317299627646e+01
-3.919685549212431397e+00 1.516925044379631160e+00 7.324168509435565966e+00
-5.041325219337821295e+00 -1.756276094420137213e+00 8.483723650370592395e+00
-6.417111361104488765e+00 -1.100682041123256738e+00 8.178314635325691029e+00
-3.306124224452318572e+00 -1.195083063292640801e+00 7.705556519869951160e+00
-2.155776100999474920e+00 -1.396237022060740074e+00 5.963417447628145851e+00
-4.752052812391667658e+00 -1.320499342603120851e+00 1.007505224648691922e+01
-3.396588371647638382e+00 -1.394341069140587308e+00 5.601028547207803854e+00
-5.786633681959955311e+00 1.993318137238809129e+00 8.307556599255804031e+00
-2.115470682092720267e+00 2.171261483746039778e-01 3.473473799091802761e+00
-2.696596932480701980e+00 9.441770541813294670e-01 8.049270647868297601e+00
-6.798315527785909751e+00 5.225573105381720040e-01 5.518502755535859450e+00
-1.076940442585886615e+00 1.172890607366409821e+00 3.190360751019493790e+00
-4.296793112288291638e+00 3.673579173562394828e+00 6.727347641899816821e+00
-3.224344568518205278e+00 6.193454317542139709e-01 5.187920665892949756e+00
-3.732716608102734313e+00 -3.101731506617607437e+00 7.119044941129004656e+00
-4.679295039898427433e+00 2.001547480104687082e+00 4.737861856069482513e+00
-4.206220477360403720e+00 -1.596103186753603964e+00 7.747124862673629764e+00
5.651722186086210797e+00 -8.516778290596462853e-01 2.317873922589299696e+00
-1.402689249411480432e+00 -1.411618897393601912e+00 4.428074805270171055e+00
-9.244056432579085936e+00 2.803733785255044353e+00 8.337482471257800398e+00
-3.916213443778797654e+00 1.883868609846288678e+00 4.583999994809014211e+00
-5.750024515859578855e+00 1.855343932016079833e+00 2.624013740687030527e+00
-1.988331093300645946e+00 2.561364355906174950e+00 3.897577515472816501e+00
-1.383065186843381866e+00 -9.887737085064074449e-01 9.025405327391794685e+00
-1.533783111914357900e+00 1.744839230950676168e+00 3.478989940053347496e-01
2.805114817856999565e+00 -1.444251648727963300e-01 1.776995071284662941e+00
-4.451360209945910640e+00 7.798945888691122263e-02 5.940399539346412183e+00
2.510865021488456250e+00 5.410151139215209071e+00 1.945971050000075309e+00
-2.127675242464274419e+00 3.685303615235955732e+00 4.596453362164657719e+00
-2.117712137975281905e+00 5.479420517055061168e+00 1.314495310744888457e+00
-5.847917898497179578e+00 1.527652339285708649e+00 5.909842972022705254e+00
-3.666406012291872685e+00 -4.561879238636006306e-01 6.792909370313672923e+00
-6.960495933013056913e+00 3.559623824033678829e+00 6.018179702288140476e+00
-5.876058078310876454e+00 1.220509865929519933e-01 6.269096488950417267e+00
-3.364569297515500601e+00 3.245664638306593019e+00 2.822442810961776516e+00
1.103631766235793066e-01 3.546074906511369917e+00 1.926944368808284125e+00
-2.044541246140390456e+00 8.822573932926411899e-01 2.507639468360814305e+00
-3.523782077935271317e-01 2.007909265404324017e+00 1.108112876223714238e+00
1.339239633039284172e+00 5.682228186827178007e+00 1.391161489065865453e+00
-4.118593691040404181e+00 5.640605737852339985e+00 4.670688219689592913e+00
-3.152931227831288652e+00 1.563703261457206062e-01 5.295561927759180776e+00
6.238602264210471038e-01 3.254755904486051676e+00 2.645121871891566112e+00
9.422351871554219827e-01 3.379947634042792970e+00 1.994999964788444657e+00
-6.606572282495747572e+00 -7.863086182205911712e-01 4.736225743238804853e+00
5.595199681841851458e+00 -3.345472199013705961e-01 -8.060809105797264174e-01
-1.279491327380581467e+00 2.989806994032409904e+00 1.560393284322980634e+00
-1.362038530988115781e+00 2.695619097639305295e+00 8.633839651861165976e-01
-7.964605935424984295e+00 4.059178783131336843e+00 4.173091916564954040e+00
-2.884824358393387911e+00 9.138016103966961623e-01 3.987044925877182067e+00
-6.782044493539416408e+00 2.768289945041725986e+00 5.091588361752208414e+00
-3.451810327462077055e-01 3.406282745401465917e+00 3.066369711993104374e-01
2.673590019577734012e+00 4.143405753670084124e-01 2.303827014090860104e+00
-8.000834751321619365e-01 4.793411889452976027e+00 -1.287828285410341778e-01
-3.678752321103866407e+00 4.983320131624680016e+00 3.769527435599499654e+00
-2.683002075250300322e-01 6.816526874017917237e+00 2.102025948970386082e+00
-3.693607009850779832e+00 1.231203883650723085e+00 5.296491473838486286e+00
-4.460606131454305512e-01 4.288466034093470824e+00 1.505943205221193182e+00
-2.718582253538151861e+00 3.385370503563208899e+00 4.014226972588312847e+00
-6.321799432952202480e+00 5.229278014224981064e+00 5.542081770833306109e+00
-3.016225374916245983e-01 7.744310378790700611e+00 2.472678522209228902e+00
-4.032988781860366245e+00 3.848272958594364468e+00 1.609432560006204938e+00
-5.445522626133548982e+00 4.971156900790184352e+00 2.036231514775572293e+00
-4.591877876574173456e+00 2.927496299774613675e+00 3.839236541411280790e+00
3.036228882106335902e+00 7.400024607502281526e+00 -2.487363522253289716e-01
2.086114726072196390e+00 5.839165348800914757e+00 1.917929283677018759e+00
-9.346737038758428540e+00 6.338748443676770705e+00 5.776308002385956542e+00
1.487614311827101687e+00 5.354546843615441531e+00 -6.588943546329062428e-02
-5.490351200731467429e+00 6.210114996637635443e+00 6.347559328495719910e-01
-1.316767641441558112e+00 7.018010594911558542e+00 -3.666817033539757631e-01
-2.023091672619727888e+00 6.001133241541623420e+00 -7.743720639595750299e-01
-4.384313134975911908e+00 4.136432722719462163e+00 6.718203739537855768e-01
-2.198111201559100891e-01 4.922906083076476591e+00 -3.410077171605635726e+00
-8.130444990361098689e-01 9.212742947284233708e+00 -1.006743597262769185e+00
2.732469793058562857e+00 6.030982423778095125e+00 8.519301444102538312e-01
1.375995498371871406e+00 4.646998568993957690e+00 8.171947445528431331e-01
7.819391687947714331e-01 5.791339791406347359e+00 5.887869305978341572e-01
1.450322015962299815e+00 7.787433241385798510e+00 -1.505152961442931314e+00
-6.716142130317409809e+00 6.635155195877487699e+00 1.533196875535018933e+00
-1.114628344135624616e+00 8.811005659413289948e+00 5.745529891044895976e-01
-2.504241070290760263e-01 6.114652737489294054e+00 -7.192335541287917522e-01
-2.906042666083742176e+00 6.321972676820138304e+00 -1.165438007325434455e+00
-4.532757109403863893e+00 4.099722598179358357e+00 4.539431736248427995e+00
2.376778693910424067e+00 9.060054634327208589e+00 -3.109037970335890577e-01
-1.458591409327929966e+00 6.959149229340937381e+00 6.625069017204765487e-01
8.428214409573371313e-01 7.831359696428869199e+00 1.123785281900360644e+00
-2.605791464432954285e+00 9.320324823639808187e+00 -1.287240718452608235e+00
-1.619811719908256009e+00 1.092984669274672171e+01 -2.840766671133451382e+00
-5.857371552090697264e+00 5.101499753235422929e+00 5.737935004967695818e-01
-3.756451658037534003e+00 6.959039936266009363e+00 -2.857113314399839510e-01
6.098147964643800378e+00 9.290055642851775985e+00 -5.299459597588992210e+00
1.264679636998820911e+00 7.767414972174762511e+00 -1.404123198313627086e+00
-1.944229521981881703e+00 1.014189986170384827e+01 1.038252086378903982e+00
-6.244152997804945926e-01 6.289755294051992962e+00 2.722848246121792215e+00
3.437823155531759767e+00 9.468315741082435011e+00 -2.616047238887333037e+00
9.514628299355649688e-01 7.586460524747892009e+00 1.541864032574835619e-02
4.795985947289693740e-02 9.169825679913614636e+00 -3.272851211482503686e+00
-5.858261205276100725e+00 1.071781542595640246e+01 1.550589695706193538e+00
2.992476244546367070e-01 1.109180482856889682e+01 -3.896911084086809751e+00
-2.384635237947279052e+00 1.014289483433573480e+01 -4.735085755194205603e+00
-1.419564498821259235e+00 7.966783075264309844e+00 1.624661306874287447e+00
-1.107913929200847747e+00 1.253601725422730340e+01 -2.056968121703576458e+00
-1.509723075449514340e+00 9.139092197069544454e+00 -1.557380149515935841e+00
-5.418166146955101681e+00 1.278129506533176141e+01 -3.567496886608410023e-01
