4.461659918635177746e+01 5.873902401141549490e+00 2.410069554740971398e+01
2.992522247882902775e+01 -2.351292705917330750e+00 2.374234678375660224e+01
3.832208899477700470e+01 1.459456209483641942e+01 3.244787733663793006e+01
1.321921306385797834e+01 -3.596320086482251099e+01 -2.667063774289317735e+00
4.206748285276103161e+01 3.103475594855171948e+01 5.101316307076263001e+01
4.845785222879703724e+01 2.996948803137252071e+01 4.692049981784998636e+01
5.031761095721435595e+01 2.144283680836724670e+01 4.368137878647030448e+01
2.833738513964789263e+01 1.330948457512192817e+00 5.769126354263391931e+00
1.629076618384078756e+01 -3.889829964125283368e+00 1.442736800917873552e+01
2.422842656664170136e+01 -7.894467898712946408e+00 1.313507100668402927e+01
2.577788351599190264e+01 1.877520625298200230e+01 3.937452107197282203e+01
2.239700986544050920e+01 7.756940553398294469e+00 2.215415167501998894e+01
3.042992159937466567e+01 4.775276996061052159e+00 8.779851660800204627e+00
2.688913418064498728e+01 8.604011934588243093e+00 2.681130830289816913e+01
6.300002556609001658e+01 3.511804599363534862e+01 4.278413375597216373e+01
3.624374413539630524e+00 -6.558147304174321235e+00 -4.752375175123233930e+00
2.455021913179660942e+01 1.373432786898911218e+01 2.116764671039010182e+01
3.447717982496563138e+01 3.465921851439798473e+01 3.465411401041909301e+01
2.488364127030749273e+01 1.435401067678699860e+01 2.653515062237335087e+01
-1.145708421884080508e+00 7.353153553712274970e-01 -2.235471527475723974e+00
3.439332368201391432e+01 1.273726536268651444e+01 1.957252042439151296e+01
1.484230869019199872e+01 9.771332565963575689e+00 1.419844794522191478e+01
8.634403698720120701e+00 4.636684264987593451e+00 1.216127080465821564e+01
2.416399107493036524e+01 1.749943023876983261e+01 9.358448940269905592e+00
2.516013406972888333e+01 1.995412152277134510e+01 2.401378254469335616e+01
1.947143182093007141e+01 1.785217216838238130e+01 1.976715941734952509e+01
3.704284134862177780e+00 -1.301221482160428877e+00 8.434125931681251132e+00
3.860217547893398660e+01 2.524188099778768901e+01 1.661606841925129174e+01
4.226026777098275744e+01 2.922495489428011695e+01 2.641281289327670834e+01
2.727161395753316242e+01 2.719383015371153078e+01 2.132798323782407124e+01
3.484170325279796998e+01 2.190731507254092492e+01 2.665567490124183792e+01
2.569864052591333348e+01 1.469491587456184334e+01 3.393804818393994083e+01
1.057571400979389864e+01 1.709593977850590818e+01 1.362410831867555316e+01
3.580143943373859372e+01 2.870740089772248638e+01 2.805160612694393052e+01
2.757974900177171662e+01 1.827356297183644074e+01 2.299657218761436184e+01
1.823185937813752844e+01 2.500200940509279235e+01 1.313488743158319494e+01
4.005843612825108835e+01 2.686852311537782612e+01 2.473259376936968579e+01
3.224028787151962661e+01 3.163527225444519786e+01 2.377806025773051601e+01
3.633313947245217435e+01 3.744030801217643045e+01 3.194158492380697112e+01
3.852096496615416754e+01 3.617699845083421906e+01 3.281125524172148289e+01
5.601207708790968809e+01 5.648383629131228645e+01 4.490945179800917231e+01
5.300657158473427444e+01 4.001784875255179941e+01 2.646256494499641576e+01
6.491227398501223433e+00 9.467101399742773538e+00 5.843534449831167876e+00
3.108440233709256972e+01 2.427926484286911091e+01 1.084984878113880313e+01
2.905031671126266701e+01 2.183129077655007677e+01 -5.743436684591415542e+00
5.950729194815357914e+01 5.347239942143369262e+01 3.279226685094590721e+01
5.082191026043028614e+01 4.532832789771725857e+01 3.519559704735411287e+01
2.167002726405083735e+01 2.008056361680370827e+01 2.928333247531140415e+01
1.959750276433987892e+01 1.691523597706816417e+01 1.118655358453190729e+01
3.699558938664904417e+01 3.959939092333559074e+01 2.366177394239014120e+01
2.464107350789140582e+01 4.167768487166790692e+01 2.315076262425759523e+01
4.409830001729199012e+01 4.847150960957321786e+01 3.141479895082011353e+01
3.838819941255269441e+01 4.058605411557277876e+01 3.558227121210757105e+01
3.392528839743954450e+01 3.567235864865835993e+01 2.212812550812668633e+01
2.755948808149491924e+01 4.179318841764552417e+01 1.002110705554196102e+01
7.106426738858090175e+01 6.853312973888887427e+01 5.319440828860433612e+01
4.190448791065705336e+01 5.452500833554677229e+01 2.133665493798002899e+01
3.255447977720359631e+01 4.041552607128255659e+01 2.052210349494566799e+01
6.587874842000110220e+01 6.982455354152216387e+01 3.389492806285852566e+01
3.168513118009741447e+01 3.295497029746957196e+01 5.907949329207440314e-01
4.179783246189936108e+01 4.641824405449392543e+01 2.323982404144658176e+01
3.147351553705129845e+01 4.535410531697152692e+01 5.333757555345982837e+00
3.295260446374095409e+01 4.235779842392139471e+01 1.719987244038384233e+01
2.454068256906657552e+01 4.414566264026507270e+01 1.222652473189077682e+01
3.705102322546645155e+01 3.999442447929550326e+01 1.000638654551312356e+01
4.674622118948423122e+01 5.049681581835648103e+01 2.982821855817974210e+01
5.118521409565983049e+01 5.098928026485737064e+01 2.246659056681983202e+01
2.586965788366069319e+01 4.825588985641525142e+01 1.255390318376703362e+01
4.752426979592928546e+01 6.326280038343429624e+01 2.866366711468526773e+01
6.152423753244647742e+01 6.912711112804367986e+01 3.436876733046210575e+01
5.318780582461295126e+01 6.390439474442609935e+01 2.185089775564711090e+01
7.864156355340810478e+00 2.352308082832405489e+01 -2.777976503420632071e+00
5.293379485595187361e+01 4.021124655447920304e+01 9.051291585854414734e+00
3.609960412319878742e+01 3.968129825936853194e+01 1.459573091807260425e+01
3.264424386323639737e+01 4.260003746360189325e+01 2.858736434207435195e+01
6.855563364125009684e+01 6.521395399337006893e+01 3.472172647994443651e+01
3.786469034073934381e+01 3.591794287420634646e+01 3.071071818558266386e+00
4.665542979494011888e+01 4.597050071638841473e+01 9.032426482966457115e+00
5.918817053529255645e+01 6.910092017107263018e+01 3.952323729402723984e+01
2.968173644133048583e+01 4.435657757582703198e+01 1.403125658626549921e+01
4.211352167498671406e+01 6.247948015225028939e+01 2.869461364637982115e+01
3.840256994490619036e+01 4.545404169702032959e+01 7.356582862712002679e+00
2.972793422913150607e+01 2.415093180750045576e+01 5.157829204872541595e-01
5.535560186961129148e+01 6.227065920476934480e+01 2.970486123206592310e+01
6.192773220095023134e+01 5.471642585933022929e+01 1.783450578163137834e+01
5.038024796432455332e+01 6.289509468318374275e+01 2.494809619922034472e+01
2.728839967598105432e+01 5.370024105872971631e+01 1.603435358942897437e+01
5.772677826002927759e+01 5.781310035748174414e+01 1.323538891687439900e+01
2.623297690027720819e+01 4.237108541349562074e+01 6.661093402246933692e+00
3.270827381681192492e+01 5.501327390068581735e+01 1.763082671901747744e+01
5.694804139033840329e+01 6.458264260403439039e+01 7.764702450604090700e-01
4.100580300766341679e+01 6.126354388262848261e+01 2.756066078187041057e+01
3.127386916875093448e+01 4.116234125483197204e+01 7.720843194880671945e+00
3.991554404831549618e+01 5.689206122023779244e+01 1.325680515562771689e+01
6.089344637514113856e+01 6.545102646925761292e+01 2.093844467273174814e+01
2.878661349210597109e+01 6.174290150476053896e+01 1.661843642537633059e+01
5.540764262329730627e+01 6.809402740216364691e+01 2.243018175433735450e+01
5.318897066409545005e+01 5.775190279260004900e+01 2.118870024223724613e+01
5.052432495739412843e+01 6.543680578250541657e+01 8.871862788985708903e+00
6.420998847237069640e+01 8.002125088082630100e+01 2.109320372217689510e+01
4.296766375202832933e+01 6.465931237315908220e+01 1.245417062271326358e+01
4.381470556629756175e+01 4.848810784091892856e+01 -5.521533295902372629e+00
4.674456335716104149e+01 6.700914281159202801e+01 1.316260478747744855e+01
6.705285916116372391e+01 6.734803879575656538e+01 2.070065001919056158e+01
6.000822498774778069e+01 9.138814800001682670e+01 3.204082263607915593e+01
2.218192918161821581e+01 8.268298281913757819e+00 2.156224994738931855e+01
8.117457105520770710e+00 -7.651796096615271381e+00 2.056821715844694154e+01
1.893507256402222083e+01 1.380467022224797802e+01 3.376430051748639016e+01
3.868734045552400858e+00 1.074512739534418415e+01 2.094947172170111571e+01
2.339500324107791585e+01 1.549784624345602424e+01 2.683495874838968120e+01
5.049422763093843969e+00 6.271483172882881263e+00 1.611901427804718878e+01
-6.099630111113128805e+00 -5.500943373381687707e+00 1.754002764715323792e+01
7.410181119309072528e+00 3.793653331676068774e+00 2.573799655210098081e+01
2.170250921257547816e+01 1.468279834790632776e+01 2.418023164250439550e+01
2.582276626966972799e+01 7.155010578911628727e+00 2.202255263638483029e+01
1.108355737868851065e+01 4.270570309883169102e+00 2.166808605477785932e+01
1.735625729248613425e+01 3.575641083770631212e+01 5.409876333148281446e+01
3.579117010738173121e-01 1.288744905107773775e+01 2.147783583017894671e+01
1.082370662398147942e+01 2.801882422165704156e+01 4.830728147398872352e+01
2.339198644065641020e+01 2.518751165928915725e+01 4.868082483905391200e+01
2.052401569098287837e+01 3.075507562852408228e+01 5.142990066523339010e+01
2.817698796343606205e+01 3.685859130282088358e+01 4.504872937125111321e+01
1.230012409668370310e+01 1.445526398398573065e+01 2.132352648052494715e+01
8.957820903968922721e+00 2.060567635167194567e+01 3.851982345494116089e+01
7.118707999457456026e+00 1.488070495914325875e+01 5.301325610368439811e+01
3.580647922611660761e+00 1.781911165371400330e+01 2.969988310258372621e+01
3.466306047396756185e+00 7.887231009721290320e+00 3.324683677689381511e+01
-7.566879840197543672e+00 1.700074127299171778e+01 2.960062420180133813e+01
-1.550125897374527995e-01 2.016084832842648211e+01 4.484009602886249013e+01
-8.063764857784576634e+00 1.369325685297803830e+01 1.644448938710888797e+01
-3.704736629348758470e+00 1.701305619355105136e+01 2.966643188179295976e+01
1.821311058135347594e+01 2.601038200961033908e+01 4.615945654151619237e+01
-8.264440026588658839e+00 1.716657173510145640e+01 3.372045612770386924e+01
-3.871432675717528582e+00 2.822901483733085115e+01 4.146571991731946127e+01
1.444578331080003863e+01 4.009900335005426086e+01 4.367637051627247047e+01
-1.146870209447524758e+01 1.977431968897326442e+01 3.457223401472720070e+01
2.501136008707021574e+00 2.058009973678315419e+01 2.197215480020372524e+01
-9.103818828539488095e+00 1.648670069458762555e+01 3.727408000323657689e+01
-1.370601438912501635e+01 1.667274768131369456e+01 1.923303663991123358e+01
-1.443022590005250549e+01 2.550294325840229703e+01 2.713677849186865387e+01
-6.935775261053322538e+00 2.822493904504665352e+01 3.459223556607707906e+01
-8.266860647432281439e+00 3.185956144186025085e+01 4.627080493912217207e+01
-1.529005566376099523e+01 2.854501996406395392e+01 3.163153552923813550e+01
-1.059800814694631299e+01 2.466071532940713951e+01 4.849032643433133671e+01
-1.039381136211386547e+01 3.178291419840854815e+01 4.027493729684601931e+01
-1.911749880708384808e+01 1.486938894955960677e+01 3.930317165344717978e+01
6.324267250181321742e+00 4.337723860785013130e+01 3.080565479842312016e+01
-2.605018147026612496e+01 7.858666297950776425e+00 3.329177867499265631e+01
-1.051668507105307526e+01 3.176081899137170694e+01 4.449706977208870740e+01
-3.268002689191666832e+01 1.275075433101505951e+01 3.064455698533515715e+01
2.140564713119687212e+00 3.597635758815295048e+01 3.893973219035169109e+01
-1.108864993332360882e+01 2.918084760286819801e+01 3.989615275897244828e+01
-3.722179655228842421e+01 2.015965002846064635e+01 2.486947102492581507e+01
1.281088704086153029e+01 4.594641976142941076e+01 4.974385270615164245e+01
-2.521891648189875923e+01 2.860871929591849039e+01 5.146387688244544734e+01
-2.221824858163040517e+01 2.830010911846784438e+01 4.198255229003882505e+01
-1.346870074275147999e+01 3.864958079301322869e+01 5.765711587297323604e+01
-4.020596561718161865e+01 2.287952406370027347e+01 4.060665120807175299e+01
-4.087589631065043250e+01 4.656949808347462749e+00 3.786107340723310699e+01
-1.786912144986445128e+01 3.575620109274427705e+01 5.927292626305097656e+01
-3.977132822710245819e+00 5.190329861472241646e+01 6.648389776503699977e+01
-2.760257013897887646e+01 3.829935306417053198e+01 5.250548354199645473e+01
-1.430244262428141155e+01 4.544172842105922427e+01 5.775064063627291944e+01
-4.096284326741601944e+01 1.929173075587004860e+01 4.036174292541818431e+01
-4.607051930546731455e+01 2.555263336126927243e+01 5.112915764431363641e+01
3.000029803143797835e+01 1.583392414054878827e+01 4.314353768625346675e+01
5.457900472555411397e+01 3.785681553563733814e+01 4.992062343215059173e+01
2.542148987574842067e+01 8.673077009357939460e+00 3.452736995707300593e+01
1.232739760513209148e+01 -9.786404774698439724e+00 1.492768404026264761e+01
1.416399245929824247e+01 -1.900263942528908956e+00 1.776307946356973844e+01
2.523085309025282186e+01 1.167252042814698143e+01 3.701702420970264029e+01
2.659502871198492358e+01 1.206092683353267603e+01 3.652520890240339213e+01
-8.147611688284541742e-01 -7.788831814940976983e+00 1.843418129755264090e+01
4.740956147194538062e+00 -7.622891583450609687e+00 1.397118449704476006e+01
1.457038985857479929e+00 -2.108731971822385276e+01 5.370506039645306373e+00
2.720446483989348962e+01 1.625951462838020234e+01 3.264417078807014150e+01
7.532696324414700939e+00 -1.473221893783693304e+01 2.069431351768616878e+01
1.006718482275528004e+01 1.838322574210224047e+00 2.179934640108513122e+01
4.503706156324369658e+00 -7.025160566102385928e+00 3.499202958017576748e+01
1.139554592902004515e+01 -1.674951552504603569e+01 7.720543491342368725e+00
5.528329317163070300e+00 -3.255843870088028780e+00 1.991917377615982332e+01
7.642355391249111563e+00 -1.235005471786371345e+01 2.971097606178364003e+01
1.471642618661098822e+01 -6.817221044819689268e+00 2.149337553058626327e+01
3.727412351993893935e+01 1.820480241197242322e+01 3.645886059529630074e+01
2.838062539059296796e+01 1.493377674919429410e+01 3.626198836481694343e+01
1.344097829883730810e+01 -1.804670951721573147e+01 1.207234291015129202e+01
2.754419541876791300e+01 1.147444061764804246e+01 2.948670662050494684e+01
2.064822845052026423e+01 8.202669534171718624e+00 3.342882477497437321e+01
1.326033459280938587e+01 -9.119791696774200318e+00 1.698099349622430054e+01
1.226648372044382995e+01 -3.099376308521868850e+00 2.418546453865928925e+01
3.938347648112744537e+01 1.295345488050566019e+01 2.985622148719107827e+01
3.140965609290014982e+01 1.882333988884420251e+01 5.148695230208068097e+01
8.631523945155549882e+00 -1.354217436119279228e+01 1.684813058400777663e+01
-7.731187329286967724e+00 -3.411374104111064298e+01 7.861881106794498919e+00
2.196476183638128532e+01 2.483412138879884878e+00 2.927648679755202465e+01
1.215381954198073799e+01 -1.656918911644606851e+01 2.689216638614925614e+01
2.924018132330434128e+01 1.321601487313432699e+01 2.215190150501030075e+01
1.332714660192050360e+01 -1.527962231601622989e+01 2.223893658374618099e+01
9.456221241974390068e+00 -1.599682476809903164e+01 1.347394911011610930e+01
2.022978305600690874e+01 -7.454854976128444832e+00 1.664711730744033957e+01
3.372470871341556631e+01 9.532522079757427491e+00 4.261855643298622454e+01
1.387418088727463328e+01 -4.237353551239266380e+00 3.014200511030685448e+01
3.517237516529144159e+01 1.055722890851802731e+01 3.546112955940066058e+01
2.491236032769938902e+01 3.851103356467774574e+00 3.841180191779267261e+01
3.213770950444950358e+01 -1.229402666079067785e+00 3.535088651233854762e+01
4.311171059643129411e+00 -2.423194577109779857e+01 1.980669457086514740e+01
1.072973092785105109e+00 -2.192403770774535587e+01 8.798281789511747775e+00
3.234381340723621179e+01 2.174679525853207451e+00 3.269420658171111427e+01
1.528988695779798945e+01 -1.389705986659237169e+01 2.733570997078732034e+01
2.604521796778908538e+01 -7.518397301166714897e+00 2.704862445518028835e+01
3.764042341313552242e+01 5.682560349984214554e+00 4.575370003680518494e+01
3.220594048139605547e+01 5.060815949447260209e+00 3.914617991677278042e+01
1.645122511603403836e+00 -2.934209462686249026e+01 9.935183367838817503e+00
4.577864792205514277e+01 1.284950600322963510e+01 4.570368233357135068e+01
-1.917611041519285209e+01 -2.584863142982112549e+01 2.649479343076700388e+01
-8.533248857406761090e-01 -2.938347361521255152e+01 9.558409840078184061e+00
9.587299107169201307e+00 -2.647553342472338045e+01 6.099243236326401529e-01
2.568284335099860982e+01 -2.495260704791235185e+00 3.638927309815926492e+01
3.143503705231478307e+01 -2.585666673197465570e+00 3.805362139394901533e+01
3.044349869053985458e+01 -7.368290339643408515e+00 4.124056542605012510e+01
1.589581006549224185e+01 6.255116017050568189e-01 2.896956200935710513e+01
1.208728146931616720e+01 -1.085986882901079298e+01 3.095850356018354432e+01
-2.480584613359496871e+00 -2.079016325955944922e+01 2.779234050674085665e+01
3.771611956312335678e+01 1.094255700859321223e+01 4.354393929892921733e+01
-1.046726529493753333e+00 -2.586633403160794842e+01 2.431722813436317665e+01
3.476496899012136055e+01 -4.686978589043974353e+00 4.065579948047979997e+01
2.136797135148617599e+01 -1.864306446748423696e+01 3.313588922933922731e+01
3.324163267701987934e+01 -1.779084632270951261e+00 3.462067872239640565e+01
2.922121783104785209e+01 -5.131163046270557970e+00 2.947108622667019517e+01
2.634998751261946381e+01 -1.315366780821477732e+01 2.678377311818030648e+01
1.932592486442945301e+01 -2.030287902788450083e+01 1.490482715561529403e+01
3.754758073310495092e+01 -7.154561962728621438e+00 4.130905981017349404e+01
-9.998598681479961670e+00 -3.775815343008389391e+01 1.921605270307509272e+01
-1.491587568101067518e+01 -3.915678964810467733e+01 7.766278110526400269e+00
8.405970480826454150e+00 -1.676730366779020187e+01 3.120479969848292967e+01
2.027038962335927863e+01 -1.341346317191892012e+01 4.052248316506847914e+01
1.625492315670135213e+01 -2.225374738061100288e+01 2.030895745649786477e+01
4.034171253653948952e+01 1.722460112733415372e+01 4.893867919184958737e+01
2.867910494698890034e+01 -3.750036036653909832e+00 4.599499664750237571e+01
2.017489019583308618e+01 -9.039747208352309826e+00 4.458678042609335535e+01
6.858839482248185959e+00 -1.765705161873893303e+01 1.256074112137412158e+01
6.954976862432886264e+00 -1.425320882666983380e+01 4.727081069377072708e+01
-1.939581871281006897e+00 -3.463328942477482997e+01 1.800130024156669606e+01
9.349126172132855572e-01 -3.003904902440763180e+01 1.944377335664012207e+01
5.228105660825167433e+01 7.776322837154111767e+00 3.771745598922097997e+01
2.245397999670740319e+01 -8.578115191567576403e+00 3.084534900763674159e+01
2.915258329917969604e+01 -1.423454360506002558e+01 2.606240530515060527e+01
1.408546812419490379e+01 -1.943793964261521978e+01 3.825123498698985713e+01
1.666355058497583741e+01 -6.634059929635441222e+00 3.924138660474727658e+01
1.617353277511438137e+01 -2.407087818674335722e+01 2.851492853732861477e+01
1.946729333808343654e+01 -1.605730577762506073e+01 2.950478050870106017e+01
1.714750925306134377e+01 -1.994488563549657556e+01 3.823793881192841582e+01
1.905790585808153992e+01 -8.835651714821324276e+00 2.803814155857162405e+01
6.946929169178019947e+00 -2.913341759173908940e+01 2.689328738019230514e+01
3.286544579897736185e+01 -1.171298946164824883e+01 3.529667119936220843e+01
3.554796478517118885e+01 -1.236280599076553699e+01 2.652145238161756424e+01
1.281699262189113142e+01 -3.054317960522848807e+01 2.859068224755947085e+01
1.791010329671007639e+01 -2.380190522791190233e+01 3.268769105338787995e+01
3.697727238172001307e+01 -1.286650441249094001e+01 3.815734916326437087e+01
2.532939848940395677e+01 -9.259824153321005724e+00 2.695589484101128619e+01
1.258292983528326658e+01 -2.306116537357729612e+01 3.516460006925854032e+01
5.587098042788056773e+00 -2.587584209620581532e+01 2.428367828613954771e+01
2.434386210452430532e+01 -2.584522852295594930e+01 1.025786068753768632e+01
1.896064102281297892e+01 -1.951756104290006988e+01 3.858266340046566256e+01
1.428753781606928897e+01 -3.177912072398567034e+01 1.533327084681786801e+01
3.015107222349161020e+01 -7.698459544812521926e+00 4.515850663306400747e+01
3.494554745740060753e+01 -6.675735599753807037e+00 5.066892460069675508e+01
1.943357161170888503e+01 -2.136347592521769911e+01 2.256880554375766224e+01
9.041494419465379906e+00 -3.154097452842324856e+01 3.357260408949332486e+01
1.258736054334167420e+01 -3.619492805479694653e+01 1.951650274163876020e+01
1.146156714512699182e+01 -2.307420648425659238e+01 3.547659613281757629e+01
-4.570345272449230833e+00 -4.249125695749216902e+01 1.692622647528150992e+01
6.643556100639216311e+00 -2.714535294892448292e+01 3.012193921388598028e+01
9.629768937955304864e+00 -3.778783534032208991e+01 3.422098934652422031e+01
4.189625789215006080e+01 -1.276667785036534042e+01 3.439577120791864218e+01
2.720583429932094077e+01 -1.914961216942310784e+01 3.889783945634144402e+01
9.907947417392733769e+00 -3.384647542055472513e+01 3.388746193794304418e+01
1.498892502911667179e+01 -3.523448013219785935e+01 1.937418975107175356e+01
3.619783599059246626e+01 1.675278655817237450e+00 4.271384108158736126e+01
1.229444805325874768e+01 -3.084150451122241066e+01 3.640618093204284378e+01
2.851463887666113806e+01 -2.131408311959876301e+01 3.079287302634975276e+01
3.076745454659339885e+01 -1.113913725510656150e+01 4.840354651957795795e+01
8.050089234355255030e+00 -3.914905239365089074e+01 2.147306578560119306e+01
-1.383910797678527160e+01 -7.083379864486141742e+01 6.447845572274673032e+00
6.549659070909001457e+00 -4.024798252547179800e+01 1.093327458077737901e+01
7.865279302270209882e+00 -3.357106548502724763e+01 2.225402331738450812e+01
8.074958377483199001e-01 -4.066203060703719530e+01 3.972139738881014637e+01
2.748124382704372692e+01 -1.760905330576952110e+01 4.627199741262029420e+01
5.966973336799583194e+00 -4.610127607538879602e+01 1.470947085885518391e+01
1.877712710719060851e+01 -3.081804493396111866e+01 2.084098295425110337e+01
1.973192514251422836e+00 -3.474311280685287784e+01 3.525079113860829239e+01
1.934658383197711373e+01 -2.610539730952132231e+01 3.810287679915109038e+01
2.712169843265110103e+01 -1.829820161485986318e+01 4.510935049847284972e+01
3.983892312783518719e+01 -3.066417638488928787e+01 2.893300175037120425e+01
1.267754219351445499e+01 -3.798645107851370994e+01 3.750505443398651551e+01
3.221456581666006969e+01 -2.814068822996159724e+01 4.270687432151680696e+01
2.016241874021943659e+00 -4.247780231529804951e+01 1.779670110895085600e+01
1.268807826206193567e+01 -4.432595912622400647e+01 1.397912511278991587e+01
3.867664714998772979e+01 -2.225624411803164548e+01 4.768682219448874093e+01
3.680282309538642949e+01 -2.524624698485695262e+01 3.393690051052135459e+01
