-4.944071502169656185e+00 1.247356286899888289e+01 -5.689401046447706278e+00
-6.329891589535186824e+00 1.075917565037085666e+01 -6.326564298386507801e+00
-8.389303824300142765e+00 9.855533457339149095e+00 -1.619372964527144632e+00
-2.586547493613910120e+00 1.137528829670811881e+01 -8.190108951292373263e+00
-9.366660000220221605e+00 9.000060924325737233e+00 2.171760532664507082e+00
-5.422949017250772386e+00 1.149780440728225983e+01 1.859661870448974241e-01
-7.807207292532012843e+00 1.020652796002377727e+01 -3.267617147299489488e+00
-1.255693316065567444e+01 1.396386583407215198e+01 -3.945356826193020083e+00
-7.485172552129100154e+00 1.050796908921070383e+01 -1.999607082602622654e+00
-8.127544809036905349e+00 9.756711477329574222e+00 -5.027227732152738326e+00
-1.032027751256288184e+01 1.014246204553069219e+01 3.690397466797278980e+00
-1.086175683225029331e+01 1.157006297934641736e+01 -2.200059557761875340e+00
-1.014117336297640293e+01 1.401226180833069179e+01 -3.997903847215283690e+00
-9.873679478869476611e+00 1.164898042155145674e+01 1.451463307939803826e+00
-1.262247073764368110e+01 1.308855159168140858e+01 -1.150449899360282302e+00
-1.461481419015996153e+01 1.564391390619545064e+01 8.690059494739443835e-03
-1.339505024670614830e+01 1.203235134557760944e+01 7.131836099085830938e-01
-1.429813806558411216e+01 1.383031534455801648e+01 3.484401118058514157e+00
-1.468324529955944513e+01 1.238930057817361785e+01 2.162896484279542619e+00
-1.445616079158978096e+01 1.306507680978305075e+01 8.898388338664631192e-01
-1.341638692438206704e+01 1.375016964995550950e+01 -5.481860851137838608e-01
-1.327860143028792095e+01 1.098504536622303362e+01 2.628218131263395207e+00
-1.343591605326400895e+01 1.160138537065833475e+01 3.690167192728949885e+00
-1.542147447271977967e+01 1.496148326480357582e+01 7.450665448482425290e-01
-1.336518554383002311e+01 1.279255464772322171e+01 1.011046059824451504e+00
-1.496404986430826511e+01 1.242601393819737154e+01 1.173988146191049964e+00
-1.381851954939537563e+01 1.182680379898812362e+01 1.582503437397264179e+00
-1.832614518563400452e+01 1.584747154404496428e+01 -2.121706700153168867e+00
-1.478313257232107958e+01 1.343648186720994886e+01 -1.850317489355006728e-01
-1.457968227606400546e+01 1.320967627364154851e+01 2.948942166546942190e+00
-1.502372306167109173e+01 1.234770675769840409e+01 -3.044863493180400837e-01
-1.138561312514491419e+01 9.876880042075512733e+00 7.411340007814857245e-01
-1.588919672318183984e+01 1.019001028306243484e+01 6.242344265011780635e+00
-1.493362123510220840e+01 1.282781319269059850e+01 1.259530161649394131e+00
-1.357845969712747092e+01 1.339469566490387820e+01 1.573400568643023689e+00
-1.856007517145189922e+01 1.305616728653288305e+01 6.587017907782808379e-01
-1.621874770903286844e+01 1.462094144375652149e+01 -1.607644174311388952e+00
-1.536253203030707937e+01 1.162062164720865098e+01 1.102854398807494363e+00
-1.776589585280044048e+01 1.163438687929632920e+01 2.431563036707018455e+00
-1.744447436360164261e+01 1.444175376430661117e+01 1.901142168909359498e+00
-1.988589956297064987e+01 1.690590344835754877e+01 2.590307115460660725e+00
-1.814132023870539001e+01 1.796156784122487693e+01 9.376438570924108262e-01
-1.726255971343798024e+01 1.540894994109999061e+01 2.930060349321649937e+00
-1.909218111812296570e+01 1.650816802882471279e+01 -1.128200410978990931e+00
-2.248161556056081167e+01 2.209653133922699908e+01 -3.148222493036001879e+00
-2.204944101322169558e+01 1.879789922861959894e+01 2.978781858519994330e-01
-1.779213080803057778e+01 1.562311820708507071e+01 2.382999451565382287e+00
-1.722800705191107795e+01 1.055408079386782561e+01 5.465585054448979463e+00
-1.857068183818486773e+01 1.282421750423287676e+01 1.490746064606042864e+00
-2.044671788141022262e+01 1.596526099999530857e+01 4.450046148678012514e+00
-2.182187622685529504e+01 1.332263023287683268e+01 5.699093966294412894e+00
-1.988810102828054482e+01 1.699706660330662089e+01 7.999587862475436850e-01
-2.116322911947355578e+01 1.629361902619672264e+01 3.681591986175646980e+00
-2.198444408010368534e+01 1.592919335751619769e+01 3.213307131695614771e+00
-2.756043849170947624e+01 1.923143817013919943e+01 2.932127490540779036e-01
-2.146890611583134501e+01 1.772748834521587469e+01 -3.511448989686982713e-02
-2.526676353891571125e+01 2.084891270532233420e+01 4.211465970058725361e-01
-2.233000311072854061e+01 1.705838927640240854e+01 1.818071151180362222e+00
-2.654068265050551645e+01 2.343956932651335023e+01 -1.521661978189200681e+00
-2.703305509145377528e+01 2.392657396908322198e+01 8.449451798998097729e-02
-2.079529261885480196e+01 1.562771703453941541e+01 7.668877856954736671e-01
-2.714416831082019144e+01 2.049452750479758834e+01 1.751497575602513734e+00
-2.441244027325922161e+01 1.669509709895098126e+01 2.952537294635646958e+00
-2.434031116586982080e+01 2.135831696490035370e+01 3.303749055568317772e+00
-2.884694311040783532e+01 2.143672745583478445e+01 1.078823419263926553e+00
-2.284932722813596229e+01 1.733124946503843944e+01 2.500500348270094264e+00
-2.458511801946298192e+01 2.316919620977208183e+01 -9.923651462761995390e-02
-2.735187078471659561e+01 1.858406130524980426e+01 4.887772891913243711e+00
-2.799409692132121563e+01 2.122960433921747381e+01 1.538961954681610678e+00
-2.556501173187359655e+01 2.093711544119403811e+01 2.371371385461316095e+00
-2.688392391302494389e+01 2.216696980341225753e+01 2.016814587547685278e+00
-2.501267174372122781e+01 1.845887168170139603e+01 4.555697407472649729e+00
-2.642579773450006542e+01 2.330818494088117632e+01 -2.365519609496203657e+00
-2.517969770139262664e+01 2.158332310672486187e+01 1.572945480055750522e+00
-2.267892918995283935e+01 1.566924515078432023e+01 5.420679127935130737e+00
-2.586656744180527312e+01 2.005514234478761182e+01 -2.614869591950252925e-01
-2.674086961077165370e+01 2.254192135945413611e+01 2.949617049373216560e-01
-2.704870750670482948e+01 2.350992434429906552e+01 -1.051455575818579291e+00
-2.655882327853129254e+01 2.022111152650137456e+01 3.655580931912709275e+00
-2.744548406293705511e+01 2.206858548103610929e+01 4.739091033950330711e+00
-2.935796843174608739e+01 2.067827705804938887e+01 3.936730536013101300e+00
-2.602382581710384102e+01 2.266386862308058880e+01 2.898053255832792274e+00
-2.444320400674484972e+01 2.138230331663902462e+01 -4.068310766503202558e-01
-2.589272901714036834e+01 2.119055652184869132e+01 1.817400308426613265e+00
-2.745617700065105282e+01 2.384388921176656595e+01 -3.163703553251480116e-01
-2.815518096974972195e+01 2.170959535309441435e+01 1.461232991633551137e+00
-2.782739487089821750e+01 1.836284717948689149e+01 4.190148820169952160e+00
-3.021927553993123183e+01 2.638156827487949840e+01 -5.316098900815973138e-01
-2.961445832627589425e+01 2.339588921556776313e+01 3.228586577265900814e+00
-2.569556765181550873e+01 2.130642877836447724e+01 5.165910937377020673e+00
-3.302288723103708890e+01 2.791711891407976509e+01 -9.816884896205806399e-01
-2.585455036462758471e+01 1.967268291995537766e+01 3.664768116078050753e+00
-2.645648276990033310e+01 2.095815004441783458e+01 4.815402607130124579e+00
-3.165059778957237313e+01 2.657854377848940430e+01 3.904849814315753065e+00
-3.171086649829487669e+01 2.638622169175454246e+01 9.885893568651908936e-01
-3.108373741336993135e+01 2.098226508552386349e+01 6.422316248618983536e+00
-2.852660348131695400e+01 2.320600297116783395e+01 2.110617203527738184e+00
-2.744937815426897032e+01 2.320849299539014510e+01 1.335209057647944064e+00
-3.246786767135131413e+01 2.701738891579157098e+01 2.442007492091818222e+00
-3.624104945130000033e+01 2.618441185187509745e+01 1.053092886104820991e+00
-2.966634855354772071e+01 2.457415216249307832e+01 1.999126311822749358e+00
-3.337146423895921998e+01 2.672554066225967517e+01 -9.858216707685301117e-01
-3.220202801999221265e+01 2.503240692922037169e+01 2.282901054609340008e+00
-2.827420499815258381e+01 2.636419845112175153e+01 -9.157124925283710581e-01
-3.366780593557979273e+01 2.496884598492687246e+01 6.553227589814298426e+00
-1.013959964543749948e+01 8.844678896071172858e+00 9.192204782863058199e-01
-7.067445531685422111e+00 6.737318999377222895e+00 1.542857187563555499e+00
-9.947131209226483861e+00 8.632276678636074507e+00 3.142763395883008570e+00
-1.226614171189808644e+01 9.803667080716792270e+00 4.858025917042340325e+00
-1.367535808652340279e+01 1.052889543363639291e+01 2.846029625657024553e+00
-1.111152992127881589e+01 8.313011401664383015e+00 3.520986352032451805e+00
-6.910952413307015263e+00 4.373105105612751231e+00 5.322096577441669751e+00
-1.224435901415199623e+01 8.142183150961699312e+00 3.780669146689575655e+00
-1.149540990304814159e+01 7.493770176006307793e+00 1.803598495350570374e+00
-1.154406563658096729e+01 1.049407922281076821e+01 5.536176737044087304e-01
-9.922239725189797355e+00 8.279977230614946393e+00 2.586006190135577754e+00
-1.404222798630203783e+01 4.819672412768966296e+00 9.550570235729566093e+00
-1.564331285563164897e+01 7.127424321905550642e+00 6.884457446581990325e+00
-1.109641339229730761e+01 5.658702412087961875e+00 1.061993139074752435e+01
-1.081939452517389100e+01 6.142054142056480259e+00 5.936193669561546926e+00
-1.098235552354734068e+01 3.764331472102014686e+00 9.111516660414423541e+00
-1.758685730622536880e+01 8.300041506034688155e+00 5.374450870191878948e+00
-1.583141383653105549e+01 9.840957974148579979e+00 6.348959982557516923e+00
-1.324398890909986903e+01 4.932862352677432227e+00 7.007176066657308411e+00
-8.969112292163259781e+00 9.263990627761415908e-01 1.008780650021866165e+01
-1.451593432797406535e+01 5.702414551944627874e+00 8.629368301519832585e+00
-7.485057227790207435e+00 3.837546482586034813e+00 8.782042805277413322e+00
-1.470849507713737125e+01 3.927522351045212190e+00 1.139149550144588829e+01
-1.010089622030588430e+01 8.345995128757124348e-01 1.129315473441323547e+01
-1.633494317676820629e+01 6.648044701253496669e+00 9.867510867334630120e+00
-1.551659190331176319e+01 5.772742654764840609e+00 1.196757735976572690e+01
-1.227244314013245230e+01 3.519284011088842590e+00 7.671896928394289716e+00
-1.603123942645049738e+01 4.069940590827968663e+00 1.149758095012305148e+01
-1.588961111823638817e+01 2.804743532854274690e+00 1.295777755868510894e+01
-1.904831486250640182e+01 8.711064960734205442e+00 1.136211604355619897e+01
-1.388407002718426497e+01 3.267982054096506772e+00 1.406258733865479371e+01
-1.546000096365199283e+01 8.598147134838598049e+00 8.618998444228026301e+00
-1.259694418578479258e+01 1.683874433488767863e+00 1.314447910560210175e+01
-1.563755569138442070e+01 7.049507987447555024e+00 1.240906498464616448e+01
-1.782082494735197997e+01 3.779344443656924568e+00 1.289576890722435110e+01
-1.515578321137911644e+01 3.467776217542734685e+00 1.268909593834297311e+01
-1.777823566659677113e+01 3.278938074240727474e+00 1.394695576856290131e+01
-1.860639284845004227e+01 2.833932824110405591e+00 1.447469020395493544e+01
-1.580978412358197716e+01 2.782517810363742683e-01 1.344728648244534952e+01
-1.715925162756312261e+01 -6.322031264325289612e-01 1.598807776490792776e+01
-1.510812506937048738e+01 3.900923759379395506e-01 1.710563418766469113e+01
-2.278166408829224565e+01 8.561308341726402205e+00 1.146615861973330652e+01
-1.326583663749704556e+01 -1.991328143184546207e+00 1.526768237835739228e+01
-1.827611528470362146e+01 9.146663182748682175e-01 1.508287515826162917e+01
-1.539181750909042989e+01 -7.509343302645561380e-01 1.869294456029831508e+01
-1.811122779592750476e+01 6.877577195032159807e+00 1.109951320843131839e+01
-1.908528902859768550e+01 2.524800677635994361e+00 1.610953516476172354e+01
-2.119475859895959502e+01 1.239050278823015105e-01 1.759804035489261764e+01
-1.736645512714920869e+01 4.709205863337530218e+00 1.391165996465605303e+01
-1.655161827291809118e+01 -3.965910821425438826e+00 2.122089128254506818e+01
-1.995897695675279238e+01 1.931208981347936060e-01 2.017770296154651533e+01
-1.708748962355576850e+01 -7.280141501399270965e-01 1.991816057664263440e+01
-1.652393721195954868e+01 -1.983002202596992447e+00 2.166321970113031625e+01
-1.301456497950252356e+01 -3.354206903118807759e+00 2.080577628821308167e+01
-1.842036444445301413e+01 -2.190612721179604705e+00 2.027589276942785546e+01
-1.758635370090740935e+01 -2.624995298236484587e+00 1.832532283323666888e+01
-1.968601224123074189e+01 -9.316910432851557289e-01 2.209294788891784833e+01
-1.620583062066259572e+01 -3.038157834820452763e+00 2.307946605218091918e+01
-1.772633150088677212e+01 -5.290016842334324565e+00 2.538769800342862482e+01
-1.867248251865032671e+01 -5.227743099547524253e+00 2.554022732812217100e+01
-6.487175162324632538e+00 7.032755949655438599e+00 2.137281246097714416e+00
-1.190371960413173724e+01 9.884466161019503261e+00 -2.177714686067560024e-01
-6.634085325628674923e+00 7.705614409671284193e+00 1.383477598329704961e+00
-7.751950755974007734e+00 8.377985802095039958e+00 -1.878658574732739339e+00
-6.788177916295296654e+00 8.147396284966490043e+00 -1.350149839238099503e-01
-6.254501192319636971e+00 7.660714690800858762e+00 2.986648449608452438e+00
-8.324322461778422166e+00 6.744984951066939516e+00 1.668927429576839927e+00
-7.428404379970515947e+00 4.933797473070939077e+00 2.634012939731405822e+00
-5.566082245043801890e+00 8.939496436219300790e+00 1.493271708912601525e+00
-6.076771816994281039e+00 7.618937147954419231e+00 -1.598475847992659737e+00
-1.210908395818134409e+01 7.854975094740922259e+00 2.393268793713360765e+00
-4.084330515042466914e+00 4.923734904010089508e+00 3.135475743743256771e-01
-9.578894630455238257e+00 9.376353959963211082e+00 3.200190160584384103e-01
-2.437122508622131534e+00 2.116317174757568864e+00 4.954687689855589383e+00
-7.076018374165016667e+00 1.029567903201804313e+01 7.150588850965959864e-01
-8.493283137469688882e+00 6.454403180294491449e+00 1.872492842222854392e+00
-3.844760165271338792e+00 4.657957208448642916e+00 1.192242325373754852e+00
-4.834746130571673461e+00 7.457166360415875772e+00 1.956933038661574642e-01
-9.476161548426929926e+00 9.346819079775215755e+00 2.040607570035746221e-01
-7.049781563711334798e+00 9.482284383679356665e+00 1.349420521882066737e+00
-4.485993378531659914e+00 7.780985049666242048e+00 -1.969911298182992709e+00
-6.699567814967295476e+00 9.063404068208470221e+00 -8.111338423900065209e-01
-4.580052405543654004e+00 7.700801102743000115e+00 -7.928968618892895392e-02
-3.902085690213020541e+00 8.945310713749357490e+00 -1.305992049278472678e+00
-5.292798807030891339e+00 8.101466571215851786e+00 3.141214933181345259e+00
-7.907812238746444677e+00 1.192479556915670003e+01 -2.034526239894020705e+00
-5.277842732231249556e+00 5.036616269893968934e+00 3.337908387100412710e+00
-4.658300539391603934e+00 6.381192262679988403e+00 -1.598181466861156252e+00
-1.813875189132247101e+00 5.677914209824407976e+00 1.703625164150821547e-01
-3.417860145679036066e+00 7.967103230531030533e+00 -9.335678946567256276e-01
-1.100793357010740436e+00 6.940951737083338458e+00 -6.407051270781494168e-02
-8.866374914101982085e+00 9.871845537912818713e+00 7.403233826569675102e-01
-3.755330380278664393e+00 7.013102544634818969e+00 -1.850381690812827884e+00
-6.383971749943214036e+00 7.832323731803583655e+00 -4.880589668181443130e-01
-5.608632091173575418e+00 8.904434426372610289e+00 -1.652137313509342675e+00
-4.603196242035544117e+00 6.854059428824783140e+00 1.281060723984097649e-01
-3.487098167061176923e+00 6.252331103008948787e+00 1.168623260079840520e+00
-5.750027667171295320e+00 9.189235293290053619e+00 -1.385383657331544782e-01
-3.187051367174660754e+00 4.351857028189520804e+00 -1.789852383668126379e+00
-2.568047840798080017e+00 1.053957176107206806e+01 -1.890532612189574024e+00
-1.703392246898712159e+00 3.924632907563093909e+00 -8.789231272695054997e-01
-2.615632220534173769e+00 7.507888745951206033e+00 1.852209576320262840e-03
-3.082004886099589669e+00 6.867513406166928291e+00 -3.729019316934465422e+00
-5.249923907629998610e-01 3.146520356837452681e+00 4.293297998121285985e-01
-3.767279422020095581e-01 7.855412549263933286e+00 -2.448893433785626073e+00
-3.033739587205172228e+00 5.180599773278949272e+00 -9.729067413610046344e-01
-5.703305970246148604e+00 5.887279909324249161e+00 1.158542982266126842e+00
-8.331724277311280957e-01 5.638043048355781295e+00 -2.989619492067197015e+00
-6.035144658700289710e+00 6.978137890146143718e+00 7.919113685525758228e-02
-4.725431025295279142e-02 2.546500751940072860e-02 5.960164339753646345e+00
-2.562575379165416223e+00 4.281388573648960971e+00 6.042369692362257183e-01
-2.970040175940440008e+00 1.083122504506543393e+01 -5.005819841141363469e+00
-4.275736075945353321e-01 5.896769206564694166e+00 -1.495764450758643171e+00
-5.662659458969274695e-01 4.698070964118816306e+00 -4.679876597962334017e+00
-2.176919160121674746e-01 4.051362428338613597e+00 -1.885506305322115050e+00
-4.007067511032396112e+00 6.925893552112995621e+00 1.583892887891515500e+00
-2.890005110543638622e-01 1.478931945726651875e+00 -1.617983142145760667e+00
-5.507282323620081854e-01 5.304535201502105224e-01 4.187775598247633013e+00
-2.844416544474494657e+00 6.282272133148733673e+00 -2.131124523529891235e+00
5.596833891483548484e+00 3.415841655391272269e+00 2.784587242694041009e+00
4.906866103247695676e-01 4.734365341909343883e+00 -2.254731907822635328e+00
3.736084885548926593e+00 3.967839140160876354e+00 -3.627897585172384254e+00
-3.348621047066266954e+00 7.187486520411884072e+00 -3.880983573256596486e+00
-3.407310869021621613e+00 6.694056542878463745e+00 -8.623149075971667799e-01
-5.450000094916234161e-01 8.410876343739031924e+00 -3.980816621927190546e+00
-3.798475466522546640e+00 7.257150175145014259e+00 -2.197369480602787917e+00
4.269049603450820740e-01 5.608688025203345973e+00 -2.463258163326443650e+00
2.573828268032086086e+00 2.718115873625793100e+00 5.011287561538146917e-02
-6.008215020834146713e-01 2.597637930157548070e+00 -6.132653699601426922e-01
1.421193547618010200e+00 1.586638190216895339e+00 4.829184671499930914e-02
3.790158966929201512e+00 3.044778147349273212e+00 -3.588747992776113449e-01
1.438245737778411026e+00 7.482095786495186474e+00 -3.089325769938794153e+00
-2.738498633714669950e+00 5.029074162698009332e+00 -7.827191012414544957e-01
1.387668833256289869e+00 2.293484361420684348e+00 6.429418065142442629e-01
3.670446113075847450e+00 2.908285735997804267e+00 1.512242898265181879e+00
-3.953065915263145769e+00 6.109082259298038053e+00 -3.123167257426661791e+00
2.372176082908809658e+00 -2.842579745110333622e+00 4.210523851159996056e+00
1.411448454616873960e+00 2.403006903908694980e+00 -1.800057212608020762e+00
1.408496080297767961e+00 1.639193949392558025e+00 -1.252181283104599530e+00
-4.759951066660539354e-01 7.909662946100810998e+00 -6.439841792691400002e+00
-1.933624320876258906e+00 4.328613215635256140e+00 -1.122290202586155416e+00
-2.026954814435559804e+00 7.697313268284364796e+00 -4.853861325473657118e+00
3.619202785416533175e+00 1.117819312208748528e+00 -4.908478883515599023e-01
6.467939523023797932e-01 1.253977822171991718e+00 3.001962669502422187e+00
2.853146908135130388e+00 1.505312853580953458e+00 -1.473956634879840522e+00
1.056488560151462863e+00 6.339202508820505955e+00 -1.970527616157264461e+00
4.960536235292501317e+00 3.691556923355733488e+00 -8.493716247593496860e-01
-1.053772663332154025e+00 5.738894624366405850e+00 -1.231809421094183676e+00
4.132634364178617403e+00 3.013563051579534857e+00 -1.333787360078414252e+00
1.412298338781821982e+00 6.085030950536273409e+00 -1.821640815146127856e+00
8.761317489554993898e-01 8.230363501781967628e+00 -4.649891369231955451e+00
6.202807754498437021e+00 4.875046049335267639e+00 -1.000026743362020909e+00
1.101871120083156796e+00 3.223361451337190431e+00 -4.074610814890210264e+00
2.064831504496794423e+00 4.394195126443086963e+00 -5.221622995695561542e+00
2.413635052797755698e-01 5.849505355990897826e+00 -3.387579612051221378e+00
6.556439024643118785e+00 1.333406979409204496e+00 3.275956337429164478e-01
4.717432889862415379e+00 2.685761249870836309e+00 4.665042764997124891e-01
7.748070327051088668e-01 9.866745690177705086e+00 -8.266783819312482962e+00
5.302265162590281022e+00 1.737530775446288089e+00 -1.028240891826733616e+00
3.334292327399225542e+00 5.254081694049254736e+00 -5.330972714545495705e+00
5.157574370255396445e+00 2.229087038601164750e+00 -3.544439221308415711e+00
4.291161925264020738e+00 1.679388701912529314e+00 -3.729148194837620167e+00
1.820131300178356781e+00 4.025584765395386455e+00 -3.997584725607783440e+00
5.173638439179214288e+00 -1.458548145493260506e+00 -1.739945184015880386e+00
8.217897660388914005e+00 2.317535263642909626e+00 -3.749464015488825908e+00
4.292810423222434224e+00 8.501393587182874967e-01 5.967335340095516472e-01
5.482774273251376229e+00 2.764134092941592513e+00 1.490250900312538818e+00
4.934335260206296425e+00 1.959754016117202013e+00 -1.365669933231572486e+00
8.244519228034263847e+00 5.882096057472097073e-02 -1.440055709974579656e+00
2.023034762514676288e+00 6.275388821303117481e+00 -6.759581034642295094e+00
6.459708153933021890e+00 4.572856307575129620e+00 -3.919077155197385309e+00
5.070511144849284335e+00 1.848691203180145237e+00 -1.670811359782859995e+00
4.954854359769846894e+00 3.014779008775029467e+00 -4.718653181705057875e+00
7.910051348852640274e-01 6.148621201161187599e+00 -3.508639273809578185e+00
8.318629294661661788e+00 8.156074698493682718e-01 -1.961952363352338580e+00
5.525553621930242798e+00 4.064443998954068604e+00 -4.015554493844767592e+00
6.721932159525159989e+00 3.274881110541791429e+00 -2.143485647542618722e+00
8.193692236862275990e+00 3.676990636423553838e+00 -4.914045007205913862e+00
9.459834051265090693e+00 1.324817947305518828e+00 -5.847499741608032764e+00
1.947987705869095976e+00 4.018270165446196529e+00 -6.389208834873592480e+00
5.035435476860989468e+00 2.907340126147474280e+00 -4.926820763238538348e+00
1.093860642910117065e+01 -2.689462531888011654e+00 -7.388287242920910103e-02
7.079127585009317158e+00 1.228534335003459432e+00 -1.181984430745238512e+00
6.561053904225275346e+00 4.087809486499317302e+00 -5.092987834356797805e+00
4.793894718910429731e+00 5.250212801114322758e+00 -1.860169204302785317e+00
1.002165553611004611e+01 -5.841920868048617876e-01 -8.408377105697582010e-01
6.987173194890047512e+00 2.329932103020695422e+00 -1.484388965296773222e+00
9.016606486533873976e+00 7.229538212674810893e-01 -4.218501594767374741e+00
6.552308865204636845e+00 7.010446679115389657e+00 -7.460928135353711355e+00
9.892240338336435457e+00 1.000057374988628567e+00 -4.549573311147199206e+00
9.013211291645944812e+00 4.800840664667873625e-01 -7.269817158002410906e+00
5.584305031532068142e+00 4.023123778541993545e+00 -3.214163469405690421e+00
1.045061735397337088e+01 2.746672811511729151e+00 -4.335074467563018175e+00
8.279130659776058110e+00 2.717780916722318807e+00 -4.929369222917074467e+00
9.146898789954136078e+00 5.673117011593319603e+00 -8.164176128512835362e+00
