1.842200716450611078e-03
2.717179042724861423e-04
3.581253801280411225e-04
5.083265754226480321e-04
1.351616036875809789e-04
7.256312922578250291e-05
1.045942287170092077e-04
3.869519584467917832e-04
3.543289646384700678e-04
1.828086455363062178e-03
5.732833697346200429e-04
7.208155864416234283e-04
1.248011067564157328e-04
6.409710293212814592e-04
4.774150749825937243e-04
2.336909536720253226e-04
2.888741861819124835e-05
5.906774168087044769e-04
5.183018093768107818e-04
3.925614298610320078e-04
2.727479945452108848e-04
2.135244552992670219e-04
1.803779524321445023e-04
6.894264692699288329e-04
5.454426066082527103e-04
4.528916994868527422e-04
1.553371846806244488e-03
2.437970434795162355e-03
1.044689291473583888e-03
5.483836234141137864e-04
6.283328772443980007e-04
3.724654214980520567e-04
2.779129637236140999e-04
9.306717446928649846e-04
1.030119854240073773e-03
1.789768191254059748e-04
1.273412603223752007e-04
2.652226015502678392e-04
7.091467593133897419e-04
7.589115052915315694e-05
5.219531079651556094e-04
2.392037828195190123e-04
6.402769314075546598e-04
2.951672414399702181e-04
1.465047266331221266e-04
4.395652460046211305e-04
5.419302763917856897e-04
7.124343010387933564e-04
2.168267932353975947e-05
1.490671153604662300e-04
4.095341673986802305e-04
1.298197156231150045e-04
4.268334375392695158e-04
8.789710489256585390e-05
6.467176153265660624e-04
3.775566135086794346e-04
5.853703443080408603e-05
5.177294459681967007e-04
1.095141018152793067e-03
9.267665553060402018e-05
8.202729505731918115e-04
7.553471910674714319e-05
7.676190828358900407e-04
5.620896947361567241e-05
1.133280179455706986e-03
8.061167260145004493e-05
1.313863568129855898e-04
2.824156626660755489e-05
4.103508448630474419e-04
2.743342344482529186e-05
1.577826423686557898e-03
3.204790671715161037e-04
8.652242267731766212e-05
3.184635720130239733e-04
1.857160663523096825e-04
6.240010621862349528e-05
3.053204755835995038e-04
1.863352270534024305e-04
1.447105058670354561e-03
1.235702853558731651e-04
5.550302014447135342e-04
8.257183805457684244e-04
1.279319417901927372e-03
1.016221155628500416e-03
5.666407768085073666e-04
3.544829885210273889e-04
1.593860095478099117e-04
1.858831740969700715e-04
7.636286308650899052e-04
2.559974863742333099e-04
5.427477386408400200e-05
9.781688976848242241e-04
6.428674621346540949e-05
6.997244533494993094e-04
4.515152571748307911e-04
2.783008377246668592e-04
1.707096401795613343e-04
5.406955094524692508e-04
3.055739980102351191e-04
1.073212255824969319e-03
5.260416187204421633e-04
1.397045401096881916e-04
5.104664708405435300e-04
9.961701821455206426e-05
7.163022941955680132e-04
1.836067347657150718e-03
1.127023590939387051e-03
4.426083080877201998e-04
1.126921607561169689e-03
9.669027424146108061e-05
6.984530434472918008e-05
5.188223464936179914e-05
1.037175634186832460e-04
2.432120170330634922e-04
3.138470744341030654e-05
1.095920918876412036e-04
1.700524927360105290e-03
6.320574511925473773e-05
1.886096102763043275e-04
5.479940082166393357e-05
5.751591306414668286e-04
6.050766797497753122e-04
7.517415739046539409e-04
5.399241926025662771e-04
2.679524772450354950e-04
7.529989627875652248e-04
2.020451293958611669e-04
8.846585884434653949e-05
8.007330788907755098e-04
5.940443157211517571e-04
3.166672249416002541e-04
3.340528603594595039e-04
1.255430683807904051e-03
7.598015546967486558e-04
3.512880227212866052e-04
4.409329995663467932e-04
2.187229470401863898e-03
9.938338376260051881e-04
9.744301342117833763e-04
3.205331085689582015e-05
5.361949281085039870e-05
6.594916748097931188e-04
7.437754311375658744e-05
3.343616997785992494e-04
6.050839957857380132e-04
3.061187343130964658e-04
7.467340931694941566e-05
5.369410323883728889e-04
4.742000519518641769e-04
7.508755144861344911e-04
2.086329063648471795e-04
8.065091854270735024e-04
1.090658624590800513e-03
1.614951874689674310e-04
1.173731099160362770e-04
6.166711572854038361e-04
2.424479169103601565e-03
1.906035944753105759e-04
3.350533137533376338e-04
1.836468722871342166e-04
8.336061925033961184e-04
2.706932388766797402e-04
6.485846889872726260e-04
7.818509225379601717e-05
5.594285747663095364e-05
1.001285893533285318e-03
2.003090332076008361e-04
1.155198932342815007e-03
5.008055395570303346e-05
7.259618474421110704e-05
3.605080714706758384e-04
1.265393023992810199e-04
3.481399767447682049e-04
1.267240116305799399e-03
5.422534762458449797e-04
3.389938244349846889e-04
1.937247743548152100e-03
4.616555745909036628e-04
3.811334337341567972e-04
1.794229170807449397e-04
1.702124065212099781e-03
1.089186214251490535e-04
2.410586623412139880e-04
3.938374205860268115e-05
3.538465683311312884e-04
1.273251256210339928e-04
5.269049122664289792e-05
8.654768087285558359e-05
3.352511607480670986e-04
9.491820442081796722e-04
2.790991400142369587e-04
4.052993736764318622e-05
3.185444994830015407e-04
4.040056497132359353e-04
6.158280633117458333e-04
1.144053194519119716e-04
5.304729200349448618e-04
2.526395795286672202e-04
8.172960296724225216e-04
3.216750590354050901e-04
1.163922102017076225e-04
1.970556539407098675e-04
1.121267200444210285e-03
1.564013181922030502e-04
2.054657296672221772e-04
4.651519735455398848e-04
3.958943765217010259e-05
4.441524284093949400e-04
4.896509724956517459e-05
1.658019664211744305e-04
4.413546018295423949e-04
2.870057579474127396e-04
1.289419871358866336e-03
1.291838566126340157e-04
1.874319675423505207e-04
5.330255309365845330e-04
8.012381024646695769e-05
6.220256656770240368e-04
2.794909429556395380e-04
5.137985116205039809e-04
7.708567348567833821e-04
5.734046757132125029e-05
2.373257206502597989e-04
7.765209529861606327e-04
1.234929309809990657e-03
2.601892937678274725e-04
1.155867176610297524e-04
6.989013051727714209e-04
7.275497641551358389e-04
7.378720815466309783e-04
9.727383739356116514e-05
8.822253716655318375e-04
1.896719128245172347e-04
1.242205218119808588e-03
6.142552581771599553e-04
3.464337778560581108e-05
1.119589681670113196e-03
1.972228665607737028e-04
4.844086875897654805e-04
5.512927635886460823e-04
2.409804258068220259e-04
2.170184693552185649e-03
3.257719020973712850e-04
2.803378279060901156e-04
5.929684976092237155e-04
3.061284526712167479e-05
1.828184001359437578e-04
7.649724574987678671e-04
3.623867376289718694e-05
5.874324293617460635e-04
4.431466836742676998e-04
5.690805862497046175e-04
1.146457380044169479e-04
8.283062226711333841e-04
2.217794689953021402e-04
2.698255228464598791e-04
4.270006240650783933e-05
1.942644808505274818e-04
3.290293008745715647e-04
2.350403157628125979e-04
1.774110528498792981e-04
1.326418492915396757e-04
2.299546357599180596e-04
1.924781855136877516e-03
4.080919674218411153e-04
1.422582828692992788e-04
1.983751661300004463e-04
5.643976307137457812e-04
3.457268744758363373e-04
1.299022286622429937e-04
6.114629939275054117e-04
1.708087125921895801e-03
9.657639730171143798e-04
2.127406624857364073e-04
1.447042436701767142e-03
1.919648292715393572e-04
1.469282826067131505e-04
4.786792397306596151e-04
1.376056627618192022e-04
1.820642446631334592e-04
1.614249549201756393e-04
1.925867795276528386e-04
2.777186739296502445e-04
4.214348339050215777e-04
7.150948372923419537e-05
6.670721624900394350e-04
1.076029188055538637e-03
1.378651089553750752e-03
3.526248602001002272e-04
1.096357402601021158e-03
3.118846449026459042e-05
1.219804348423473320e-04
7.660525102098967145e-04
2.195451976148126425e-04
2.359389278649354010e-04
3.938055005670419197e-04
1.114788742246402762e-04
2.309172776010177952e-03
1.850071533632067903e-04
5.412727250873679459e-04
7.977366491403848443e-05
2.599533685824645672e-04
5.979268964792320700e-05
2.613488891995974228e-03
3.209045890146041834e-04
2.937913890748238384e-05
4.203656308653228903e-04
1.778237851774123947e-04
5.528527459322444106e-04
2.671803734584072654e-04
5.210208239750901667e-04
1.866152427991393673e-03
1.741645792769891778e-04
5.649983464064557530e-04
9.229318850401342688e-04
2.041667769558899346e-04
1.888516716631694981e-04
2.870597686993324764e-04
3.347513212894107602e-04
2.860868479127150416e-04
5.513959830941922907e-05
9.353970769438081255e-04
6.490128967810971077e-04
1.732189389733720854e-03
6.061669447409312477e-05
4.343986794987724181e-04
2.406898113990378098e-03
2.632181331289449471e-04
2.324732853598750746e-04
1.494511467754094426e-04
2.149687565665237910e-04
3.575520890850742458e-04
1.867552221429042824e-03
4.048107884615995535e-05
9.099164761970994194e-04
5.228593889670560225e-04
2.198445230394374412e-03
1.878469655794851327e-04
6.902539650529281338e-04
5.677511818957614934e-04
4.407042844861460210e-03
6.288465763848908414e-04
2.486478798531863003e-04
3.574948211714495537e-04
7.116685040593730886e-05
3.559290568725795626e-04
7.204653651500633922e-04
1.662660726547741290e-03
1.395281941795264448e-04
5.305907419832392273e-04
9.320367414041678955e-04
1.760664081862729161e-03
4.889912585819549285e-04
6.824961661252881059e-04
2.604780812425227035e-03
1.859745645476862386e-03
1.329174909869905408e-04
2.691167438497656540e-04
6.686604150126351906e-05
1.584097407211493551e-04
8.043966467092720455e-05
4.869036129718841443e-04
3.593299990326674393e-04
4.551663896658163905e-04
4.212131239843722283e-04
8.099199133040011747e-05
2.503236972884869283e-04
8.400110713963276161e-05
2.294821406136709607e-03
1.224310362925214179e-04
1.208106432480126387e-03
6.926741659683400935e-04
1.200258729671299564e-03
2.379112033726842729e-04
7.970171980622979156e-04
3.471895845538020367e-04
1.521546883274954185e-03
7.638986414575525447e-05
5.503173653233370483e-04
1.770683416818210536e-04
5.857716016505936166e-04
1.182338522287000089e-04
5.435386813737779150e-04
4.041020531371110862e-05
1.053822374792507164e-04
1.149293008714394673e-03
1.291559859349033406e-03
6.885192939693728098e-05
2.011415777971485368e-04
2.265186822934937730e-04
8.611481685342131176e-05
1.131417257661128124e-03
2.825083092711587040e-04
1.068948714269671362e-04
1.495067535893655124e-04
1.834905803328073560e-04
1.211775202135639801e-04
5.002785814191023403e-05
6.312588008735610379e-04
1.558182783746923071e-04
1.010141326855523432e-04
1.531142135186488995e-04
4.198497818709274565e-04
7.434526143732055449e-04
5.367728491619546500e-04
1.206843694423386312e-04
1.731678261184837922e-04
5.464527763516510489e-04
4.968618049886478144e-04
2.375783369126912865e-03
1.625199557818536936e-04
1.958833141505262254e-04
4.490789151460147397e-04
2.015611115510303523e-04
4.552940530009358698e-05
3.486138415959760730e-04
1.110212046303493119e-03
1.037638783358319931e-04
2.391560443897252383e-04
8.472349193059908017e-04
6.082417347299120354e-04
7.700414282034075554e-05
3.720225910558433305e-04
2.007939581844324329e-04
5.512559335325760640e-04
1.637782645842325645e-04
4.086300984976996435e-05
2.032555717177152209e-04
2.805849968877095974e-04
6.198463294899517759e-04
1.027692288324072488e-03
3.842424153734640027e-04
2.799818821855560528e-04
5.240581808396604013e-04
1.067260981040442375e-04
3.795149376630276386e-04
3.157353896710397238e-04
9.802101160380205774e-04
6.585734617914039695e-05
2.248211449116502628e-03
6.753633287618669104e-04
2.881891761308194035e-04
2.180547295772010581e-04
2.724899065893387562e-04
2.538659577079518254e-04
6.541055384544201433e-04
1.435318772874851075e-04
5.033945178257795416e-04
5.344806856255083453e-04
1.287220646401211798e-03
2.970687839698157645e-04
3.417207736088808409e-04
1.695220848325264956e-04
3.909137422281392635e-05
2.172579502942539561e-04
5.696782605514118291e-04
7.591375920797421471e-05
1.913643988676253633e-04
3.382348058478941389e-04
1.476528744041537809e-04
1.597416399272723873e-04
3.222488604400862823e-04
7.409325227640867662e-05
3.422528307060590373e-04
1.614064364195774844e-04
7.013170716497257786e-04
7.781468466467221718e-05
8.736784448378470517e-05
3.780053643400392414e-05
2.502978122844103198e-05
3.162635955983031572e-04
3.388498202416777554e-04
2.493755838689010120e-04
7.482650174885298767e-05
2.848643708638281071e-04
5.588280217635375156e-04
4.731858278580527164e-04
2.859061254427612097e-04
2.990489995481079117e-04
7.752275116832185514e-04
1.436941718089466372e-04
1.245107249980518778e-03
4.728191115683340399e-05
7.011972003313025198e-04
2.622195703802224741e-03
2.447644687002157541e-04
6.172027997327736741e-04
9.031149432435206438e-05
5.293834333470759119e-04
3.899100196202965295e-05
2.625232866131854085e-04
1.115291645221649030e-04
3.699707979558749431e-04
1.736210854582192196e-04
4.018164861875991894e-05
1.899212957271280476e-04
6.881002888231423521e-04
4.817935879362472674e-04
2.016979489827762080e-04
1.090910495801104005e-03
3.355667576838405062e-04
4.366322450350093760e-04
2.747038929818688448e-04
8.579769048085892583e-04
7.852214102931730352e-04
1.578567997346618391e-03
3.302580593215745570e-04
2.399781682436424727e-04
9.170511615860346992e-04
7.770818565673038171e-05
3.802516503496388496e-04
8.975804632084878512e-05
5.035650412260196489e-04
8.216061262385144137e-05
1.477761758677597704e-04
1.005373593332400055e-04
5.761043999084697548e-04
1.071098146796127483e-03
1.011964553932117586e-03
5.297932674044554318e-04
1.556889634733334138e-04
5.894926148533227559e-05
2.463150744487713553e-04
5.018396729578463941e-05
5.488474919444914215e-04
1.678915408680207088e-04
1.551171755860390072e-04
1.298526165709813210e-03
5.550066677525069533e-05
3.284196919045942616e-04
9.510298905933830757e-05
7.916830011776795385e-04
7.672736736267396322e-04
2.603899858346850208e-04
2.628871580572837721e-05
1.605546682305471033e-04
4.670947700270998469e-04
3.631181862707261540e-05
5.322638402041776585e-04
2.642866124091658615e-03
2.385478188382643156e-03
1.551294477935430481e-04
3.753083338090375731e-05
3.794094357252040584e-04
2.406731339392528953e-04
5.395485419315751820e-04
8.337245577205999974e-05
1.667946776024621799e-04
1.254770214438718297e-04
2.581552176848764019e-04
1.223419855808269253e-04
8.497402150334842702e-04
4.718041336064518411e-04
3.586676502593152656e-04
7.840051062718015522e-05
9.772527108466914740e-04
9.410110264652802236e-04
7.958754226504254330e-05
5.606141391955713794e-04
7.558474095605394833e-04
5.566472448413043746e-05
4.407957861036607464e-04
5.099725751431350242e-05
2.415862960161231133e-04
5.287420139940449777e-04
3.727764706100404222e-04
1.381773712190374152e-03
1.216154951868245356e-03
2.735696922502322103e-05
2.084778154211043046e-03
1.086533017038572796e-03
2.384587253997430263e-04
1.421119011735942118e-04
7.849634300566862930e-04
1.875149347465767259e-04
9.232518090545985311e-04
2.002853964947607951e-04
1.269954644845797044e-04
5.897489475511070279e-05
4.053045372300091709e-04
1.327588783504447508e-04
5.661227212515036831e-04
3.060519531879534816e-04
2.510665506929852294e-04
3.599574093290521491e-04
9.843008331036618135e-04
4.795890107523066975e-04
3.552689445210667745e-04
8.789585816315173593e-04
7.759079492648585010e-05
7.270888265273343963e-04
9.242759947436388155e-04
4.589316654429834727e-05
4.179265697410700195e-04
6.386421809412237303e-04
1.419951089358157564e-04
2.516583903220078779e-04
7.298949057983603918e-04
4.201978418253335379e-04
3.929262736337792486e-04
3.338243763771924953e-05
2.917658032858734020e-04
4.826598093544145715e-04
8.492198808570680744e-04
1.241920119791531493e-04
9.912310478745320265e-05
7.839291107174050201e-05
1.249776753216518910e-04
6.962980736066138937e-04
1.738837072695245515e-04
2.955189173451236833e-05
4.154206040984805524e-04
1.164723997667137565e-04
2.714700617421675864e-04
1.534542743040652457e-04
3.313199001863224597e-04
1.693894451285625502e-04
4.068012592568131581e-04
8.506726189710411053e-04
1.921048319665616855e-04
1.909689622826441847e-04
3.704243947785298562e-04
4.584549723863131103e-05
1.441528177643955615e-03
2.587419400971327304e-05
1.509475323277993056e-03
2.703947347442762876e-03
1.816313494117263012e-04
7.144846153879604370e-05
4.361697681844002908e-04
9.981515477751480136e-04
9.269745720196260075e-04
2.553973706523980560e-03
1.277326343416285170e-04
1.742093058335164287e-04
6.681690636528963547e-04
3.064724211199305447e-03
4.948285350556951706e-04
1.356578832361601187e-04
2.157978021427762409e-04
8.903132862741411097e-04
1.966465732190610853e-04
3.243554887071483923e-04
1.156650085964645944e-03
5.013090162320952246e-04
4.017382621633064257e-04
6.342426705627913055e-04
6.872899739361773921e-05
8.979854340102142850e-05
1.679969923412593042e-04
6.745492034232840588e-04
1.424161433604518136e-03
1.049646620643612024e-03
7.465787235622734852e-04
5.922464763708808330e-04
3.319825681986498947e-04
1.268560155871874609e-03
1.290366164562514045e-04
7.113004813579577217e-04
2.207426652889290174e-04
1.542875795438969713e-04
3.340747925640092275e-05
1.221421448875980914e-04
3.811174370084146885e-04
5.492481976679465831e-04
4.642933589754283163e-05
3.577746681685834438e-04
2.416458892376862201e-04
6.649272718827053128e-04
7.614189351529371090e-04
1.025673666019895000e-03
9.448961442948202068e-05
7.640996894311105798e-04
2.542170108951530478e-04
1.528468159425329874e-04
5.918909656696355907e-04
1.285000337585607373e-03
7.335574182227200431e-05
6.624942963233554100e-04
5.546794054164055042e-04
4.856531732339311404e-05
4.143278885737631048e-04
4.892691970580266423e-05
7.896172829826680591e-05
1.534098555121452510e-03
3.609035137470745555e-05
3.758911040373879675e-04
1.000243707045849113e-04
1.320401310477217359e-04
1.769928916558051934e-03
2.940299598005536100e-04
3.013609161131302629e-04
6.495070840695632824e-04
2.896812823634333824e-04
2.355170652440673120e-04
5.019902799578896714e-04
1.055898507271377240e-04
2.219172066837439821e-04
9.473331234869986940e-04
1.674045664701031286e-03
3.876647328489286979e-04
6.428244801341241198e-05
4.732387346743090304e-04
1.419594016361965536e-03
3.555524820938528349e-05
1.428263117556880012e-04
7.387045776420600191e-04
1.236263623521217220e-04
5.441266182573868291e-05
9.504040804981859873e-04
1.076909690261429177e-04
4.627819029509344407e-05
2.101099848291276893e-04
7.427721541029657900e-04
4.002411623733410424e-05
1.195511256954489437e-04
6.988081878344357036e-04
6.582901298580424651e-04
1.455765424937353349e-04
1.242269428606951581e-04
2.425108975858969191e-04
3.132475811357222445e-05
2.213903393962842955e-03
2.883213955700708597e-03
9.504846404598729908e-04
1.814482507115282675e-04
1.295927004644630053e-03
6.992690206384841699e-05
2.556531965155488966e-04
6.632497034951041629e-04
2.226441777220464484e-04
2.366256717853661238e-04
4.485070672336335441e-04
1.354204346364430104e-03
1.028207667745256173e-03
5.207434716326016233e-04
8.192464982395359285e-04
6.032044872322342476e-04
3.439616126403463267e-04
5.325763993905096964e-04
2.642224452660120958e-04
1.519470117240605928e-04
2.459312205648066674e-04
4.280202652508575858e-05
3.714133221306464470e-04
5.105879736833155704e-04
2.467120051918058558e-03
5.005954677661572432e-04
1.676877765470819771e-04
1.745545170692703446e-04
2.418742459080099332e-04
4.654755749311737661e-04
1.638452342434411867e-03
7.752167043410552192e-04
9.086123024893400478e-04
2.969354386751146954e-04
1.806393817801302260e-03
4.462474533119782172e-04
1.364288492445399304e-03
1.252530582583977550e-04
9.160051285335169555e-04
4.352638727498809061e-04
1.438459604915367802e-03
1.656327032405940155e-04
1.764238729421301630e-04
4.056382946074408544e-05
4.677477375242564215e-04
1.302939471387900205e-03
4.148004038759610216e-05
6.701911518606138134e-04
1.537981240540501476e-04
1.113970162906902529e-03
4.838986174626228823e-04
4.585876621703977160e-04
2.335730584180950088e-04
3.791414008178347001e-04
4.827979466104106955e-04
1.323640007492204616e-03
1.811734473076290013e-04
1.684482506783388153e-04
1.892254023077074708e-04
7.545276533898133994e-05
6.758316841406618748e-05
1.955224627736446572e-04
6.062917243177491839e-05
2.227976410983249008e-04
1.461689795319093743e-04
5.714300986049778569e-04
2.711830141472028680e-04
4.494467466910732228e-04
7.270592083018532570e-05
1.196707205064048403e-03
1.104277501867228194e-03
2.840730069401941628e-04
3.660558805041969565e-04
1.970741983227448273e-04
4.509797647006772445e-04
2.174947679638943151e-04
6.561165989493742464e-04
3.143894156382528071e-04
1.337164218957009160e-04
2.090666116392985287e-04
4.677187977472566235e-05
4.323741284517817270e-04
4.300142178774457331e-05
1.989892448697232414e-04
8.693469312484494553e-04
1.070449942853505322e-04
1.124505084109686211e-04
5.610572133443478358e-04
2.625914860312278853e-05
5.935217303608691800e-04
2.172051210422927439e-04
1.078872375144313434e-03
2.819665832816211130e-04
1.213428063113112620e-04
6.177250714174346684e-05
3.435072221070599468e-05
8.620186888291323369e-05
8.027693782795940344e-05
3.495759683851555654e-04
3.943094946243118543e-04
1.439240756730663642e-03
6.120619689613794015e-05
6.497032571209628233e-04
1.215427874084887413e-03
3.390403256500782261e-04
1.256751378890143939e-04
7.467915983802997501e-04
1.022935514452700943e-04
6.797236808940088429e-05
6.187729333371386588e-04
2.220363184871219019e-04
9.980312164310753994e-05
2.455293799249569191e-04
6.765383762979630244e-04
1.949027447852424294e-04
4.905041438619796258e-04
2.759618113104514068e-04
1.742519927566228081e-04
3.319523932420905248e-04
1.135566971860381847e-03
8.109866909211752841e-05
6.562780029428208397e-04
5.622149340187948237e-04
3.825934272675411457e-04
1.490957376177103413e-04
3.855684845283136085e-04
1.645607651655110672e-04
2.077837994139171505e-03
1.723282905602530166e-04
1.278208419352222839e-04
2.418082964968368612e-04
3.820215813230226040e-05
3.227327025228616609e-04
5.296249101740419527e-04
6.251683978820535325e-04
6.569145434847868843e-04
5.021285938990860658e-04
1.804328969949085359e-04
7.699909971362208340e-05
1.363489681950239398e-04
7.229859207645446782e-04
1.001980448210184975e-04
8.097799260298643893e-05
7.879128792890897144e-05
1.433510842738303494e-04
7.100174101970358593e-05
1.095913729111145816e-03
2.327611970686454764e-04
1.471858840822385230e-04
2.430534062871805129e-04
1.031217834688874079e-03
4.994414196298765192e-04
5.350961644865655231e-04
1.144977948691978855e-03
1.359398030238958850e-03
1.102800370026635335e-03
3.562318149674141760e-04
1.321942577628041531e-03
2.016908528628422810e-04
9.453788651299521338e-04
9.832702173396931818e-04
1.092180785089975312e-04
1.562745395953655863e-03
6.128492790726146810e-04
1.044030707332219967e-03
6.829071266145325106e-04
4.733957310053681523e-04
1.206132476803535190e-03
6.250868843174749992e-05
3.804091738415397517e-04
2.607514959758118912e-04
1.733664013694510690e-04
5.172371982850835917e-04
3.328860880069509673e-04
1.042269593785962204e-04
1.078863110070810974e-03
9.171410020717840486e-04
9.189832456713562577e-05
1.394243796628121413e-03
1.791381534902050209e-04
3.978825713502536312e-04
3.162924418949517014e-04
4.560258885997909564e-04
1.388179285015534305e-04
9.746327138645358591e-04
4.325339657280219250e-05
2.671874318815609518e-04
2.426493793496643661e-04
7.191516625101098282e-04
1.141231268069985410e-04
9.843498562165970030e-04
1.343933408772613803e-04
6.224872853957422137e-04
6.706429933931333173e-04
1.163190972475784479e-04
3.590820888051609130e-04
2.011759274702043781e-03
1.585410562305138420e-04
8.340422590623706306e-04
5.731689047456787513e-04
1.942836634237722539e-04
1.526846635193749484e-03
1.972511954638669202e-04
1.170007342140061055e-04
6.816294770965639722e-04
1.238356269223064496e-04
1.654078073300533193e-03
3.038674986038451313e-05
3.115792923780991413e-04
1.856329470085080170e-04
2.590082974852708168e-04
1.554609733704829730e-03
4.508177717726526254e-04
5.067270030892716791e-04
1.704190478743804269e-04
2.353561311773388627e-04
1.348630745140270146e-04
5.020278729133033227e-04
5.991312177014719012e-04
9.242670029461317748e-05
3.780693310017209071e-04
7.575294356479733747e-04
2.530652213937941136e-03
8.130962382995124155e-05
1.220564082189024864e-04
1.601108402779400394e-04
1.397665201064655623e-04
5.499762298287262348e-04
3.165858673074484404e-04
1.782863554749358032e-04
2.401738394320507178e-04
1.102721730025786568e-04
7.761776884025248908e-05
3.945926693190099171e-04
1.089779430293938558e-04
4.641275722020172644e-04
5.382552355959757413e-04
1.319795869741305578e-03
6.207237430769550019e-05
1.959749834805036076e-03
3.774304211460074955e-04
2.065346787443234392e-04
8.410602962196425929e-04
1.593223840872573993e-03
8.252377612666745221e-04
6.103384243426569430e-05
1.093949790796951290e-04
8.420167363664727992e-05
2.455977787694782802e-04
2.632585129267008342e-04
3.777537756586846207e-04
2.975514631393166225e-04
1.374526980515798213e-04
1.039586397933103465e-03
2.991082196841875315e-04
3.315531989676183703e-04
4.139092144854824321e-05
5.299893794299141616e-04
3.084311937584508141e-04
2.153887340909865170e-04
3.861608947773503874e-04
1.679525257866642282e-04
9.177872481370036610e-04
1.183054159851457978e-04
1.660256522898477050e-03
1.332514083122990182e-03
9.680497467215439065e-05
3.204239046083373122e-04
3.823847788280823655e-04
1.799288354528638342e-04
8.018672963545930453e-05
1.235241114178779482e-03
7.625865324424422069e-05
1.167136277448340250e-04
2.193159011406603390e-04
8.042136912795471880e-04
3.273217130939803953e-04
4.902492636688821938e-04
8.958284405172887055e-05
1.186376138597670910e-04
2.387618715610645165e-04
9.881090681013431770e-05
3.349558702627470188e-04
8.737588530757405599e-04
1.500580685387058308e-04
1.715275802396747833e-03
5.760076406729348864e-05
8.982505185261266184e-04
7.128516131906607054e-04
1.125306082237260042e-04
1.010742635216497614e-04
1.038884680489955518e-03
1.331399699395185412e-04
6.655385619610730769e-04
7.746857209383522028e-04
3.791783471717062939e-04
3.157514610087749029e-04
3.069105988439574145e-04
1.352696805440432740e-04
1.571944918626091135e-04
4.996180768806634289e-05
2.738630876777005526e-04
3.545063779566063169e-04
3.695543041890151422e-04
3.888500839784093423e-04
1.342981326292946257e-04
5.843984534225033986e-04
8.940409886659782127e-04
8.413082890048265020e-04
8.011578814581915803e-05
3.164197543282965702e-04
1.749510882644570082e-04
5.172593218960276846e-05
8.170480988627168287e-05
4.417986112441147587e-04
1.319659149908514141e-03
3.374630778065693787e-04
3.315786240298972164e-04
2.088645163824443679e-03
2.075976519606176384e-04
8.401130994853885396e-04
1.441853900070957809e-04
6.758259725527279011e-05
6.190005288612875295e-04
8.121782675588573553e-05
7.254589022739564282e-05
3.231070233045942519e-04
9.617636513072612978e-04
8.535772996670610256e-04
3.409335614778892715e-04
4.502775646525261914e-04
3.635821860797246977e-04
4.544629001030934460e-04
7.737256471188409986e-04
3.049272280263594349e-04
1.131933444020793555e-03
1.782276365227452241e-04
7.748337583328300971e-05
2.505196177067456624e-04
1.528026559464875614e-04
3.430431587020160082e-04
8.107465562225399163e-04
1.218047638317370249e-04
2.975675946314372349e-04
1.033581586729179669e-04
5.138700861292127414e-04
2.436250196494480456e-03
5.815193312508391501e-05
6.451381777493274796e-04
4.982075881774613484e-04
6.383364431466720900e-05
8.168072011019862069e-04
1.133616731566976753e-03
1.516389259217494026e-04
6.739752685331485956e-05
1.419027676219102745e-04
2.141812629039892431e-04
1.335590011440181699e-03
9.996316442704837081e-04
5.713479792993048193e-05
9.671299328341634869e-04
3.156869009093756645e-04
5.529818424314812599e-04
6.620769060636287964e-05
1.290958932452873577e-04
6.005247355576990177e-04
4.150832786343759987e-04
4.968735974637010153e-04
4.081769543162758678e-05
3.888068709033977015e-05
3.090658126979745329e-04
2.837294092762620581e-04
4.174632202165273840e-04
2.648217025753472832e-04
6.593101114255445466e-04
3.844622935799753456e-04
2.363324787679293271e-05
9.892852757139901712e-04
1.789807296496994521e-03
7.891114531523535326e-05
4.883913094488635809e-04
2.552299908723993684e-04
9.337906636017556748e-04
8.641913716863833250e-05
3.421016047049753935e-05
1.016611947957052429e-03
1.506359636282389002e-04
6.014973640572173738e-05
6.468559744695191824e-04
2.332703404267753866e-04
3.309525876008507063e-04
1.511760908524035802e-04
8.133579564524876166e-05
3.270179573559490929e-03
1.157439189299045964e-03
9.045050197227292015e-04
5.566887066303647568e-05
4.619875245074672103e-04
9.427409055422927516e-05
2.436152598216354093e-05
2.250046516954008259e-04
4.626557007577927977e-04
3.919648284554806119e-04
1.916493741501659081e-04
5.308133728742453434e-05
8.477941391946450895e-04
1.607835863796843465e-04
1.532528525042710225e-04
6.034459176474549647e-04
1.173215823449779956e-03
2.837187741246447164e-03
2.887340798677248102e-04
5.380402136119459403e-05
8.149784606208201616e-05
7.610335895618836771e-05
6.360253140512138774e-04
1.847073436013448782e-04
2.948095539911523119e-05
1.737972967006103998e-04
1.847954161916664389e-04
7.710432938571108556e-04
2.050566198169240055e-04
3.954314960624051990e-04
9.556988048897574885e-05
1.362197842503021011e-04
2.709419988063852761e-04
1.774479159477878687e-04
2.464846799546572425e-04
4.155776108521819917e-03
4.798993464559103412e-04
9.217094971130622427e-04
5.918209380144437426e-04
5.842363787676709225e-05
1.609044930952302727e-04
3.322772290851748922e-04
5.244892304624622099e-04
2.871536810161856709e-04
7.865206947243368399e-04
4.140331391077619965e-04
1.268523279001053296e-03
5.817172189455969370e-04
3.151386597990868030e-04
4.358182990217746066e-04
4.606596816665834858e-05
4.147427436713202248e-04
1.015719254383000989e-03
4.267758747293022489e-05
1.855553628626643381e-03
9.005162287491426431e-04
1.427061176392496397e-03
1.184812029633158055e-03
6.185970658298919932e-05
1.392789902264211224e-03
2.134234853843609522e-04
9.917396030853821431e-04
1.122138356972328605e-03
1.545311920397900098e-04
2.022550042946824828e-04
8.401142207884780360e-05
1.810032143140738676e-03
3.411894529028803354e-04
8.985289063899933883e-05
3.725591580199947217e-04
2.016974842943817549e-03
4.352637883926796145e-04
8.766964465069602812e-05
1.019307575113881516e-04
2.112181494420881491e-04
4.432887186289897184e-04
4.058683257082104949e-04
8.974409609880570340e-04
3.980598788461466053e-04
6.969510099886108657e-04
2.354865229617075773e-04
6.552524454135005372e-05
9.363167301105318995e-04
2.689562515739675952e-04
1.896720711678550795e-04
2.297743370062004789e-05
5.529730100457712957e-04
7.333818135183910701e-04
1.128288776833751700e-03
1.353992369712766900e-04
2.364530362834250840e-05
9.535533817000561342e-05
3.571074636109180150e-05
3.958559327076099552e-04
9.143222700262684539e-04
5.408680426328973338e-04
3.915927197012800858e-04
4.157368247743933594e-04
1.842425116315971848e-04
3.557716428951745752e-05
5.700968116030885255e-04
1.440127884954596558e-04
1.534878417120810593e-04
7.030540244665980671e-04
2.510346596994636990e-04
2.772861001651595473e-04
8.421337593935624734e-04
9.624575204480848066e-04
4.323970887579695348e-05
2.203631561803849539e-04
1.627885364914690889e-04
8.868279822089842560e-04
1.382360441302337784e-04
1.007577871502691362e-03
5.506217521444572299e-04
5.111010800129139897e-05
6.988794929493043293e-04
1.710271104308476811e-04
1.426309888211878079e-04
3.729203891055803848e-04
1.032470218400056679e-03
1.216538517497854844e-04
8.119608021608004829e-04
7.091402367776603348e-04
2.387653844817525016e-04
1.659249628817828764e-03
1.448631708515402843e-04
9.133934018189036181e-05
2.867879697766775177e-04
2.213428489686384410e-04
1.439051344201524273e-03
2.115262936623236133e-03
1.436940083481723753e-03
2.300925923090379631e-04
2.523826892505885125e-04
2.865542797628898371e-04
3.395512623388793547e-04
2.200424370799584808e-04
1.618384498668717323e-04
1.567631788673028083e-04
9.313298689182656276e-05
3.723423109437338217e-04
6.319544364272051398e-04
2.641850202914778570e-03
1.789081884046091631e-04
4.565104811119700652e-04
4.174293681408505719e-04
6.478736231298599761e-04
2.606839681294426591e-04
1.020690204692628286e-04
7.550105647219916864e-04
1.525025836488210840e-04
6.494255440963565352e-04
1.144113251818275855e-03
1.765328601284609812e-03
5.062225349039559466e-04
4.915973903589824189e-04
8.006915015600073345e-05
4.996567080778386736e-04
1.591430405774498923e-04
2.117510285280386139e-04
4.660555281776745527e-04
9.998227951513109345e-04
1.426298482198994219e-04
6.384021367978751289e-05
6.398422650221252347e-05
1.758732945706031274e-04
5.154828024933904332e-05
4.268111173667695998e-04
2.433457516087241879e-04
5.840702678884181643e-04
1.226902926309822233e-04
1.927696586752734192e-04
1.061676293625514423e-03
1.090427229805321623e-04
3.310177545931592444e-04
8.579066694032370195e-04
8.626587684959304459e-05
1.090375541967955738e-03
2.661824497591885040e-04
1.230276483135687472e-03
3.035523212485216298e-05
1.174039429089663878e-04
4.450107620064293334e-04
2.162751548453006292e-04
4.993431363390137478e-05
1.160542320305473743e-04
6.948572974005086302e-04
9.829218572384755613e-05
1.470653765813026697e-04
1.112120711121391181e-04
4.103568549967451825e-04
1.035675457020876906e-04
8.665316330563385260e-05
3.105462336192848106e-03
3.987651972371801285e-04
2.289756716281982020e-04
2.201948817298492623e-04
3.092174117319421373e-04
2.448776890249174782e-04
1.021500360896945197e-03
3.999689176825522931e-04
1.984812594774025898e-03
2.069986091220378153e-04
5.645013358623002329e-04
1.193874487948581430e-03
2.564200353771956811e-04
3.632705580503263910e-04
1.669892792341749364e-04
1.734912565476476537e-03
1.092296303754024516e-04
2.899312345379422896e-04
4.173207307159220651e-04
1.446412288682920886e-03
1.142996930747520578e-03
1.843402234277310829e-04
2.943463427083693501e-04
9.984680543562960168e-05
7.679598869290668898e-04
3.662594727877141617e-04
6.054049250599225765e-04
7.645024503276042199e-04
9.011772711060985841e-05
3.421180648848822230e-04
2.856479031755368393e-04
4.561308335101332671e-04
2.919126157623923214e-04
8.932658667702092026e-05
4.727614773808667525e-04
2.563151268312553657e-04
8.429879011110005262e-05
2.151139374850704884e-04
8.003249333269203507e-04
2.481979487516214073e-03
3.122697195569226736e-04
1.648940886293155672e-04
2.756954162934376106e-04
1.259956210527017053e-03
3.623724308416899267e-04
1.090689044870915081e-03
4.298707664299522752e-04
3.468925795508757807e-04
5.057957897837604363e-05
1.468035704989192750e-04
3.205175004200938528e-04
1.124038933267606968e-04
6.304435422231893706e-04
1.221656827009509703e-03
8.176297418508124437e-05
1.420938348588843996e-04
1.502224548065073009e-04
5.064462732064820509e-05
2.528647572345950659e-04
9.592153538422854659e-04
1.518046999264220361e-04
7.701567109446737138e-04
8.912182674879064626e-05
3.215230604311115491e-04
3.944582660009647275e-04
4.715036529830197759e-04
1.325042427043014465e-03
4.957746118450970891e-04
4.798651900810286359e-05
4.659419909592434181e-04
1.338669000490532270e-04
5.645410718780289206e-04
1.259744118168265679e-04
6.504596424270573394e-04
6.424966692842976838e-04
4.866711401842282287e-05
8.784396441968238517e-05
4.643781374112619393e-04
1.664353318272673930e-04
4.870672981937625872e-04
1.517171468477888365e-04
4.002200304098492401e-04
6.649798966730406451e-05
2.165432469669473844e-04
1.386232948057224785e-03
3.436853262335917768e-04
7.018352959217513416e-04
2.310682367256866512e-04
3.081694176670407472e-05
3.806369813594741042e-04
3.712841007764150226e-05
8.178350919834738626e-05
2.921332256439472096e-03
1.796277980905685331e-04
1.525772806528024976e-04
3.287105689759025414e-04
8.488416178817988125e-04
2.781578049237571097e-04
7.477644083061328736e-04
1.728278454384602511e-04
2.634876346354338519e-04
2.003846107079277077e-04
1.321604193600908837e-03
4.078565337837612844e-04
1.191177141111708984e-03
5.796981903401286600e-04
2.043100446030188971e-04
3.159371161652825739e-05
9.677482592415097610e-05
1.551326446217877542e-03
1.238466072753794224e-03
6.816033101607626597e-04
6.987689774611451207e-04
4.982826835149994801e-05
1.809628234033080270e-04
2.142796236190693340e-04
4.412189824395897531e-04
2.941799877503490051e-04
2.893471370653407596e-04
1.719730227160570996e-03
6.804632508643275414e-04
3.466773406117991700e-04
9.065086105291139337e-05
8.302922100082059734e-04
4.149450988117122361e-04
6.656639393034031918e-05
1.546948304311655169e-04
4.471216628128792114e-05
1.221326276597212103e-04
5.179585461589663632e-04
8.490736809502487099e-05
7.409113119451605882e-05
8.679125248994205670e-04
8.178730032177545888e-05
1.207918695093095594e-03
5.954647927819617311e-05
2.128924749425967059e-04
7.536458936184763611e-04
4.315551219846973651e-05
4.780635454230319141e-04
3.020079306115088847e-04
4.693736591968296974e-04
2.705552582106355588e-04
9.710292446826836090e-04
3.464455686954467668e-04
1.117709627681660487e-03
4.278945228388944186e-04
6.565091094079899365e-04
6.008079214080223321e-04
3.277660305656060686e-05
1.756816707584818937e-04
1.040556093336138856e-04
1.536982944238434508e-04
8.075917797255542782e-04
7.264838472292802114e-05
2.274177818271760465e-04
1.644847933435126077e-04
6.138174814554032499e-05
5.713302675097094727e-04
2.055585670632722876e-04
3.772484026771773052e-05
4.097143384672710166e-04
1.366760989807703315e-03
4.331913334084729018e-04
4.237920992968500231e-04
3.226769441605499664e-04
3.400082349204852335e-04
8.292969085155420500e-05
1.600871031922215869e-04
8.681050603733138620e-04
1.894491773442115088e-04
5.742637141783869348e-05
3.508200812870980435e-04
4.859142148345077105e-04
6.383246803914590034e-04
2.862504389503831947e-04
3.912169290210092674e-04
1.844111128282219757e-03
9.465717173309610164e-04
7.541879782364132277e-04
1.560776061349932072e-04
7.491529926055705453e-04
8.898553165025292061e-04
1.133562073813294086e-03
4.496642514956246964e-05
1.364131607112849340e-04
4.157645506470140960e-04
9.806722164240346776e-05
1.666294415749442490e-03
4.999658737830964435e-04
3.320737952224080548e-04
4.829323372484541424e-04
6.010728941852927802e-04
1.313217089313636985e-03
1.467716386372896933e-04
2.093691305814187188e-04
1.198184349177035328e-04
1.832317232851751959e-04
4.917950359393146245e-04
1.210290298214497084e-03
9.383606055207364786e-04
4.302049030846612546e-04
1.275869320674352853e-04
5.173303424927242671e-04
1.684246280374951908e-03
3.220864942856612487e-04
3.577791839533028579e-04
2.256398709649739154e-04
6.472911386968663089e-04
3.152491660296810280e-04
2.864360636672823768e-04
4.715405708903570707e-04
2.663306725707097547e-03
7.695238997227051231e-04
1.242685264271809777e-04
1.892259373041006590e-03
5.758500806435236895e-04
2.450585512848998211e-04
1.276530434414145827e-03
2.781244900610216927e-04
3.491074104123162501e-04
8.580953292406712013e-04
4.030393051073187516e-04
3.228959284740029402e-04
5.574079361573509102e-05
6.823497495335889042e-04
1.449648356947458566e-04
5.441215419099375544e-04
1.646110663605341196e-04
3.299180721122162716e-04
1.100095786991193151e-04
6.507371477986912279e-04
7.763625173387739839e-04
7.787979626071882050e-04
2.663398914184496002e-05
1.974911223888684323e-04
4.124662292865950860e-04
2.098464421341369698e-04
2.784663637678200113e-04
2.724353098658193265e-04
3.897835511494980479e-04
6.161556618696679716e-04
8.698878726889669498e-04
4.725694988660511243e-05
3.266932478297729283e-03
3.139763081705890810e-04
1.247359695814106604e-03
8.975610651006495425e-05
1.038956883180968088e-04
5.307579557438283724e-05
7.195153070271262689e-04
1.543728250600416411e-04
1.280591725493957530e-04
4.668367970117776890e-04
6.938104380288678428e-04
9.354961292892672968e-04
3.114061819472951952e-04
1.238726355087953722e-03
2.630880524969819939e-04
3.909224243862911190e-04
1.916319136339774689e-04
1.004025759005369674e-04
1.666047710698553917e-04
1.177316256120145141e-03
2.273643323320264276e-04
1.303520953295934232e-04
1.034656689297479916e-04
3.447497203794849346e-05
2.070009545806881937e-04
1.271740726141100094e-03
4.381354187156445462e-04
4.686516701763251296e-04
5.563532879007552015e-04
1.709680602819120781e-04
1.139359196242996841e-04
2.443322573257573189e-04
2.005282818414160114e-04
3.349235907136929587e-04
6.686421539964209476e-05
6.898089783457500958e-04
2.672078576897949590e-03
1.528049808575694646e-04
3.690393605459351637e-04
7.485098349798200530e-05
2.829475757884700442e-03
4.545921490477647587e-05
5.375777154754342356e-04
1.294017393917208810e-04
9.155982862075309802e-04
1.159718994292276617e-04
8.826813622947145884e-05
2.460108465840974866e-04
1.295456902358052868e-04
3.882872317821515953e-04
6.494234193541613062e-04
1.877256409105758275e-04
2.563537082490119725e-04
2.358866388694783544e-04
6.857192195206371539e-05
1.325576214236913388e-04
7.086690585128438630e-05
4.579439280249159635e-04
3.690848193239869030e-04
1.116357155313498937e-03
2.300043465932652257e-04
9.395340139233534441e-05
1.283773503619641855e-03
7.991748186827415154e-05
1.399944368744667367e-03
2.399272351821027372e-04
5.846693972294509474e-04
9.089670343129193676e-04
6.621256069758622116e-04
1.424421874773095583e-04
3.955458257296985605e-04
2.490280136149666725e-04
1.152670013316456967e-04
5.771398752848475901e-04
1.999413544904348871e-03
5.057123229460693811e-05
1.259705011221714437e-04
9.584189817311238556e-04
2.587902507525287202e-04
5.195124769068015617e-04
2.210289008148980019e-04
6.350793431320918411e-05
8.271926746555125854e-04
8.190084867820083409e-05
1.114190872437762072e-04
2.340847909520895947e-04
1.180046206965024462e-03
1.331499826209134839e-03
7.967140577448839772e-04
2.271375126041816535e-04
2.311093410350462986e-03
1.459663181929400188e-04
2.024983325368848782e-03
1.014750615785580350e-04
2.745037130423777982e-04
1.463294098171683422e-03
3.057201581522118604e-04
1.743862985861692244e-04
5.424207988448553376e-04
9.251677887758279250e-04
3.405755034076516892e-04
2.790429517949361221e-04
1.353868237854038590e-04
9.010463384880498913e-05
5.591023551472071220e-04
4.682772331937441160e-04
1.134374317133605894e-03
1.677116072038688363e-03
6.719479779069564710e-04
3.147773328397512286e-05
2.888709728789846118e-04
1.021060921945473400e-04
6.613185164748288736e-04
1.838428938910728486e-03
3.814795909482006229e-05
3.301265551670685972e-04
9.434375648938009935e-04
7.616600151724738955e-04
5.449169356338681372e-05
2.537536630799535286e-04
1.479730773812837276e-04
6.803785056937043966e-04
1.657630846277771165e-03
9.977741610959794027e-05
1.784361126957230035e-04
1.427069539224597530e-04
7.176876702704717767e-05
4.610933307772988737e-03
1.144703951354513133e-03
3.031863007823067563e-05
1.926340923097678935e-03
2.825370931721025969e-04
1.296450257255423930e-04
1.141847240681921123e-04
1.853521630027167274e-03
1.677033692796539783e-04
8.127279050744191241e-04
1.354681123646444966e-04
1.173484366504021578e-04
2.918387536394808387e-04
1.632903981936263910e-04
3.148524302201878848e-04
1.815976946537846653e-04
5.671853271655341372e-04
1.256103112361837016e-04
4.934182612052041925e-04
6.194410842235146446e-04
1.551572552233983996e-03
2.791794824764787502e-04
2.832799945937214512e-04
2.651144866852962268e-04
5.058868945697468254e-04
8.974552173736555260e-05
7.081228549138895122e-04
4.033389230296963428e-04
1.971342789887859173e-03
4.826626295859385803e-04
2.367560442349537749e-04
3.474234346751220383e-04
1.018993146201124686e-04
5.486510250045577937e-05
5.472439500311515040e-04
1.309128641405277313e-03
2.374865357606747258e-04
6.379866670327622499e-04
1.729528789090041497e-04
1.873710576772512457e-04
1.023160535809999351e-04
2.466852069646121291e-04
7.651772962658294919e-04
3.366167992497357751e-05
2.412139821554104091e-04
1.496530477510460682e-03
4.894053637241603224e-04
1.384469098270995062e-04
4.295612672698257534e-04
6.550200252532825109e-04
9.530609804846753696e-05
1.968374402993079719e-04
2.017932794025684075e-04
2.496482720395651832e-04
5.582147544449584569e-04
1.690819804757574308e-04
6.094992483449376591e-05
2.756740026119647931e-04
6.000256779066645216e-04
3.840301890472238330e-04
4.497032225555935972e-05
8.041231993935415935e-05
4.539059880460627168e-04
5.303443746059978902e-04
1.262033653170834121e-03
8.614450704250602772e-04
1.523369677191272354e-03
1.879112395573669689e-04
5.884341346474743608e-04
4.941602716647786704e-04
3.684476350827936369e-04
1.077730184910387102e-04
1.074548001129176843e-04
8.860955896919331344e-04
1.230990015427917952e-04
4.993611766956585710e-04
2.422114986170260855e-03
6.803854982743623480e-04
3.667668771347757056e-04
6.664028080482005834e-04
3.190035466441057491e-05
3.103120446789341970e-04
1.406309826001548528e-03
2.663899785083998092e-04
8.866151509023462228e-05
4.534717000339725710e-04
6.369675345486793027e-04
2.243497865439549022e-04
1.924672942605358018e-03
3.069015787915159031e-04
2.779735839144724480e-05
4.444139914100761067e-04
7.506925493834968265e-05
1.184913350289554853e-03
1.760751300230316047e-04
8.999492951198675484e-05
3.980574736201535540e-05
1.765227423394224050e-03
2.854804404215208896e-03
6.131139581861503067e-04
6.908903097839886025e-04
3.076852958771999981e-04
6.037394118513820466e-04
2.238737927515237983e-04
1.038580756431491413e-04
7.148568083694510633e-04
1.172399091826524216e-03
5.942132891784154911e-04
6.476004021361475625e-05
1.799616037352946667e-03
4.070126911913552891e-04
1.039642211660940881e-04
6.421990731048529092e-05
2.182732162092514594e-04
1.702174135773614448e-04
8.593317573833521229e-05
9.759883475736168138e-04
9.899051734219878329e-04
3.670068637000790837e-04
2.743870990748761385e-04
6.574890450096091375e-05
4.807139607064781460e-04
1.084514838167364255e-03
1.263590551213383947e-03
4.886002670028245310e-04
2.786156230321899818e-05
8.473596799969489429e-04
2.303837878293666242e-04
2.416437498201484528e-04
9.246814302742368185e-04
4.144449462692716851e-04
7.756874731130227732e-05
1.026623587247828002e-03
7.396576296751149020e-04
3.753087011994450575e-04
2.371991479012273204e-04
5.342730423396371391e-05
1.814853585905739568e-04
1.275594132957123946e-04
3.240748721616969088e-04
4.485091521083628906e-04
5.630445375529663987e-04
9.221966512062347338e-05
8.424786322920525036e-04
3.751817550261127960e-04
2.330824815974308416e-04
3.658339606475818602e-04
3.770393143768885417e-05
3.937099404346620641e-04
1.108914357905178681e-04
5.230918094345636971e-04
8.923127318113282559e-04
1.585539698364117362e-03
1.156132113866220119e-04
6.568895337578143604e-05
7.282055315653555329e-04
5.566396513767999862e-04
3.946509026862075317e-05
3.606028705884206501e-04
4.054217523931150893e-04
8.006575539850938300e-05
4.166493931944779006e-04
7.700980641993024345e-05
2.085437614368691218e-03
4.808439122984731521e-04
3.503523136179186991e-04
8.921688382343011302e-05
2.267005961768954838e-04
1.093025961099039402e-03
4.202614943257771503e-04
5.188432445617155572e-04
7.123729044925347599e-04
3.330113519804772220e-05
2.871833602705947609e-04
1.424980297021275367e-03
5.016790171705212361e-05
3.068334681901209579e-04
1.439982739879627966e-04
1.302699492528856503e-03
1.404894617649379840e-03
1.313148827166654654e-04
1.114673167261746173e-03
2.188923672593611185e-03
3.635997094779802575e-04
9.051131368445403710e-05
5.219867670453356675e-04
5.970915067614352301e-04
1.053254773170174581e-03
3.588326950188897805e-04
8.052397548677008108e-04
1.301761791907947007e-03
3.654329884901385997e-04
1.092778319680923855e-03
8.472814625182494702e-05
9.813075894025258651e-05
1.418152616450763480e-03
4.137833688798491844e-05
7.755773671835961957e-05
9.177989867212714729e-04
4.195139632016047317e-04
2.931636597396052707e-04
3.978559908128281099e-05
1.589676284255807359e-04
3.390668313856773120e-05
1.193730854859749582e-04
8.963447835696747301e-04
6.433557544967906426e-05
2.870183948563506484e-05
5.856763485090625727e-05
3.001406704056516837e-04
2.351426015669900755e-04
4.267725299782455198e-05
7.662554200018850247e-04
1.983565831902669215e-04
2.620859922132943911e-04
2.691129100107919354e-04
3.186175059549829769e-04
1.304558496147307253e-04
9.630688965411992740e-05
2.441200280755305430e-03
1.414846598858902991e-03
1.134150877485386438e-03
1.654540118168653761e-04
8.215514469167260747e-04
3.803249057680454598e-05
1.006584263038614582e-03
1.063571813792533061e-03
9.948820366283779495e-04
2.305037973651516468e-04
3.463821644581761405e-04
1.184845237339278754e-04
4.631466657208196708e-04
7.826046169559556197e-04
2.365651848316516074e-04
2.272327989663081070e-04
1.002122083626642759e-04
1.918332125487423102e-04
2.393026007813384896e-04
3.846732479515204079e-04
8.313654872414714600e-05
1.423476514191864559e-03
9.640888755445073269e-04
5.637071059063094403e-05
1.120729623412341277e-03
1.868221769613465175e-04
5.619496737583134192e-04
1.027940289152237772e-04
4.666543293506332946e-04
1.854132370021440877e-04
1.664201541742079825e-04
1.884665649366742881e-03
1.197824257587495281e-03
7.378171701637731414e-04
1.247631087561229069e-04
1.182853989864644556e-04
1.693786994758881301e-04
3.067212132645594203e-04
8.489166292781922868e-04
1.254561881158786953e-03
7.261855661192513720e-04
3.950347934225372648e-05
2.405393752031131352e-04
1.023766499711132455e-03
7.432248024233108869e-05
1.788168268642072482e-04
1.196270833179164045e-03
6.960165750067329139e-04
2.198724190202198871e-04
8.703946127625421789e-05
4.219024980992442238e-05
1.835268304074569486e-03
2.336123743957790671e-04
3.507241166134835299e-04
3.855834239020834633e-04
1.476931062805717833e-04
2.268499901952976329e-04
4.271808635750772108e-04
4.930119910661004022e-04
6.991752761070608394e-04
1.429304940541455105e-04
7.396812142669276409e-05
3.667301680463029546e-04
6.085971247934862010e-04
2.375916322791206577e-03
1.211020641870725207e-04
1.414144660115065249e-03
1.387661944907517568e-04
6.222162985015605263e-05
2.073581178119239424e-04
4.501956649029154088e-04
4.065811750244005876e-05
2.305859953475596926e-04
5.495748689618160570e-05
1.182264645161375531e-04
4.625258410620998830e-04
9.682709120235043774e-04
2.526012811521502022e-04
7.928072638243609314e-05
4.645908166780474222e-04
4.760066439111464176e-04
5.695523320136195843e-04
6.042584206454124779e-04
1.576536392857623783e-04
2.040748101764821069e-04
4.152044054007794790e-04
2.852408429346514683e-04
1.444214559159284555e-04
2.121476887504901399e-04
5.872141709208305140e-04
5.450553972352059021e-05
1.146678285264037152e-03
2.290840141205406513e-04
2.073991482579354533e-04
4.303887214809433209e-04
1.553667179047018480e-04
1.097662532762049058e-04
3.951476610199107270e-04
3.726908452721010631e-05
2.591399296139924196e-04
1.759981940777133368e-04
