2.593785372696979109e-04
1.744295233347647502e-03
1.598793315420292687e-04
1.595743463572002994e-04
3.390544885376541072e-04
3.571438059561379613e-04
3.966795534918212546e-03
4.884936634869184013e-04
5.743798740900710187e-04
1.554126520459453171e-03
6.956507991103580944e-04
4.749519728286887943e-04
2.191775444399598365e-04
1.832021289066589976e-03
7.876323001004736837e-04
5.417824404382472181e-05
1.794481856675949260e-04
6.233138953157903780e-04
2.233990681233771584e-04
3.023679552026920306e-03
2.235797171916818380e-04
3.990270520901208857e-04
1.749870475867425484e-03
7.127382145107291449e-05
9.044207951945687930e-04
5.354718995158370704e-04
1.764226180418019261e-04
1.552507883768241377e-03
3.829194122257138615e-04
1.427867408119840476e-04
6.646231975429941520e-04
8.074941096652332381e-04
1.825448208357345397e-03
5.934663920174819115e-04
2.366572298933605246e-03
5.031857569698030977e-04
2.638970475746470461e-04
8.916176977420215343e-04
4.534571976532299296e-04
7.933418362722139457e-04
4.639937729939805117e-04
1.728952413170001213e-03
3.654264758106321267e-04
3.563097808258887216e-04
1.329967321212836102e-03
1.030381703689482254e-03
1.350833049184423963e-03
4.139455121394750156e-04
2.999277286668341363e-04
1.705622368230731017e-03
2.323267376484360134e-03
2.354643614653058553e-04
1.079680821360441863e-03
4.648600011790741363e-04
8.464783490748527999e-04
1.069872663956460699e-03
3.793729343175061743e-04
3.981872552477882794e-04
9.426928941845326177e-05
4.543986533864021208e-04
8.078505039645121968e-04
1.189757602046552856e-03
1.218040214115645448e-03
2.440679738186996191e-03
2.259421703550099103e-04
8.964175856192877021e-05
8.926878098305502480e-04
1.390894616601733805e-03
9.856795074337321248e-04
1.222785788757948437e-04
8.849970572171662235e-04
5.689080787103021871e-04
8.151734420484824366e-04
8.174860416133072818e-04
1.704236126482902309e-03
1.889220779888046986e-03
1.376165573814340222e-04
4.064140685194636104e-04
2.019193987325489071e-04
2.512249920092832363e-04
1.083646539834344502e-03
6.449332214056623450e-04
1.445613746059717854e-04
1.970407897286828363e-04
6.816973674179603029e-04
3.612938111101782722e-03
5.231995332424647406e-04
8.201212026488621451e-04
1.719945143496515953e-03
5.374779313009521182e-04
4.965140161307185973e-04
1.274747637158003561e-03
1.765636646380395341e-04
7.915783816032340137e-05
7.132299156262164597e-04
8.176038941834623801e-04
1.591904352619301919e-03
1.148762570418124197e-03
4.665480176889977336e-04
9.599834448079741728e-04
1.106604846499338200e-04
1.911288193090588360e-03
9.392423294726233007e-04
9.046217909841719712e-05
6.326819280752537557e-04
7.057499290019239807e-04
1.073334715790016621e-04
5.604824340729346651e-04
5.312522475201443160e-04
1.200472346940791642e-04
8.551733930754832746e-04
1.466033498496534032e-03
3.617831003177255506e-03
1.817940306839116709e-04
1.851467464875543962e-03
1.545156713321937329e-03
2.762771734996823624e-03
1.558226251456373097e-04
1.967828984683647579e-03
1.330521643858166851e-04
1.993750956512494940e-03
5.407203817715021610e-05
6.064313591972191774e-05
1.869502252880998522e-04
1.599880069720365958e-04
2.217451579125866244e-03
3.384170817581310634e-04
1.509762509270517463e-03
7.153196562670109627e-04
2.355615633551186913e-03
1.049046313406045349e-03
3.266864595276903907e-04
4.680452730674309128e-04
8.922274787914803067e-04
7.320472354238032747e-04
7.637079132454065958e-05
4.729112638541823851e-04
9.726834616473718168e-04
4.870872463311771972e-05
1.323045326492806872e-03
7.448101612070552385e-04
7.233205544730150619e-05
1.557051705466245151e-03
4.787815293426628109e-04
1.268551113099606698e-04
7.167996930720774368e-04
3.036392137834524997e-04
1.178198785455669131e-03
1.101740426822861918e-03
8.206257942812952876e-05
7.227003996177730656e-04
1.814852398868341179e-03
4.502516388319462008e-04
4.384111835210540266e-04
2.813839700986968070e-04
4.319867320471878873e-03
4.786503914693087986e-04
2.571603998607669642e-03
3.825534952556186824e-04
2.153846762075964458e-03
4.519721896132567656e-04
2.600671689368980015e-03
2.727583382676456499e-03
1.523677303001656509e-03
1.323417909274891781e-04
1.521320456162743914e-03
2.762919873128532331e-04
3.066893844211650896e-03
2.407349251055898869e-04
6.926374095880309884e-04
1.762331877241541246e-04
1.219840368511240433e-03
6.466503040040168628e-04
6.539401469304018631e-04
4.635281636326071635e-05
1.223211214344373070e-03
6.261494843753845699e-03
3.384916148445529381e-04
5.337156554304479071e-04
9.890499462128284503e-04
1.155444841737888421e-03
6.810177518841966293e-04
9.371322990714552894e-05
3.682782128667554588e-04
3.574633047476991109e-04
1.793864757136772381e-03
2.206218235935304250e-04
1.634031454291596890e-04
7.955455926140698368e-04
3.108282568915664225e-04
7.972782427998878398e-04
4.019734392644887374e-04
1.742121302479640035e-04
5.554064407362125418e-04
2.519505195312251623e-03
1.772468518090345390e-04
2.712149888745685839e-04
1.105725746718281719e-03
1.757358417703736443e-04
1.273387165910337508e-04
1.750992249081362350e-04
2.428392737864313623e-03
3.862086202788069141e-04
3.062751340479070127e-03
1.208120454127441842e-03
1.642899639314902198e-03
7.267170163002271066e-04
7.869450078275595046e-04
1.690671617807733339e-04
5.369696985044754940e-04
3.778709152166471910e-04
6.502083199296152362e-04
6.123879022848078939e-04
8.894254604758997367e-05
2.064093452221845066e-04
1.530351339624969314e-03
2.596696661732944490e-04
1.209470999586460295e-03
1.560466011353542121e-04
9.612741603419551256e-04
1.283898200206890676e-04
7.078756090861779322e-04
1.101587565952342156e-04
1.018102605071075198e-04
2.881665414070466551e-04
1.198502136874397177e-04
4.024122532764931983e-04
1.731557925773551674e-03
8.088361268569263908e-04
1.878178807835752327e-04
3.121788972200019397e-04
4.560887887830214309e-04
5.826649397773976669e-03
4.546099641311021817e-04
5.182293894351064920e-04
1.971357213430122613e-04
1.129836534587218408e-03
1.783452988794548668e-03
1.130311286039564376e-03
1.331835966651464512e-04
1.174195607746385825e-03
8.363655549935755575e-05
1.367372406511249520e-03
3.115200323852498898e-03
1.353482610697675842e-03
1.006683947525074865e-03
3.632049693391426457e-04
2.145983446048442338e-04
1.719864437041120075e-03
1.936615531018352483e-04
3.457835742801401041e-04
7.627487719343157809e-04
4.486127667756549401e-04
2.808818796241720813e-03
1.917358123801485910e-04
8.145944504050165336e-04
1.230306767019434696e-04
5.984088109368461373e-04
3.238831178812749613e-04
6.424187642169387150e-04
7.237982910042652790e-04
2.434834406224201282e-03
2.271901644981923825e-04
4.065227553840008827e-04
8.481596280490907294e-04
1.058380407277207010e-03
4.505117765125454094e-04
1.185560124225143409e-03
2.385658324764414770e-04
3.465694400345574900e-03
1.921355511834847208e-04
1.004444614433358095e-03
2.289092492121754321e-04
4.372265708947324528e-04
6.239340266496746883e-04
2.122631257754647310e-03
1.940447108569987511e-03
5.631794541927715239e-04
5.349453547003318182e-04
4.173902836104287752e-04
1.108673354025862731e-04
1.344935952289809085e-03
8.678945517062461941e-05
1.772717600668413055e-03
7.470810388665098081e-05
2.140177626833651443e-03
4.056658108756421716e-04
1.120116109280016670e-03
8.215874628376932266e-04
2.171331908917625982e-04
1.063595709127127106e-04
1.496910942793659716e-04
4.584453133982114952e-03
2.762233204731118891e-04
8.028171726778096000e-04
1.255383437303739117e-03
4.794906828674631557e-04
1.985887961975992010e-04
6.337867252378831008e-04
5.705669893589846017e-04
9.260557675076945073e-04
2.854727006503719484e-03
1.224137050699844421e-03
7.884306441463505288e-04
1.834186597534765610e-03
3.969116867444352531e-04
4.830644438213507188e-04
2.688986585570839736e-04
2.148011364015476200e-03
4.230479515139116790e-04
6.793084500848882998e-04
4.058268151439040419e-03
7.054046581962705688e-04
5.700373580370856740e-04
6.430043115465367768e-05
1.272854560550045313e-03
4.328210245236683153e-04
6.890882167477721011e-04
9.006596141462099589e-05
3.702441268411905875e-04
1.810848799278480092e-04
7.626320587927359375e-04
1.307475618938569505e-04
5.410672327755461711e-03
2.654218428634600759e-04
3.858061963322831529e-04
1.442617666705040989e-03
9.567665570275406912e-04
5.040813606253020549e-04
1.579168125094772800e-03
1.330028218095189287e-03
9.350453262078012664e-05
1.089793250595331656e-04
5.063408089710164572e-04
7.946214307054522271e-04
2.766537735231462203e-04
3.782287965102638493e-03
7.326790539579135187e-04
6.180730531037850577e-04
5.213744658033703889e-04
3.230558401886448835e-04
1.056904587901181082e-03
4.167729950787613796e-03
9.483113142650534009e-04
7.608351808686725400e-05
3.825041613524947804e-03
1.578761629429348626e-03
1.315837304455990840e-03
1.674201621168641642e-03
8.459375998055255075e-04
5.825444078805972967e-04
1.134611479468703452e-03
5.162932664553544423e-04
2.577057660447182731e-04
1.258707922251877482e-03
3.897731893047337776e-04
1.161934097546378031e-04
9.406492029336233768e-03
9.601925405208932467e-04
4.115995091065726037e-03
2.922238015245884595e-03
3.071863974552395578e-03
2.050270991142900316e-04
1.392687998031675786e-04
7.719121157788586462e-04
2.663526121310437218e-03
1.181590578843493694e-03
5.754665218010658525e-04
8.735921684511358193e-04
1.748255797010829342e-04
2.780957258634688452e-04
2.465373548850023676e-04
1.375905574252399071e-03
8.776780990440302558e-05
2.561520262429561553e-04
8.658826604976829159e-04
1.769726924474369131e-04
1.347409670359494844e-03
2.115996654470905618e-03
4.767124276406231614e-05
2.791658323245150295e-04
1.186338154860489338e-03
1.604400482333930142e-03
7.156472067555439201e-03
1.936620790637284275e-04
5.234365274099120292e-04
9.267335421505442988e-04
2.759898713940931434e-04
8.698454087488627232e-04
3.282828714814044549e-04
2.014999424738409765e-03
7.338176172484819253e-04
1.154856869873337752e-03
1.564142193867301472e-03
1.208733022310287978e-03
8.730798781375041394e-04
1.252641276665829382e-04
6.302811276695705588e-04
1.149259625050071511e-03
4.153248702198682348e-04
9.504550857353340947e-04
7.866656020156686299e-04
1.604481566716130670e-03
6.768107455589338376e-04
5.824473250001361126e-04
3.739641862225382167e-04
8.143624356950606032e-05
1.653693562051191095e-03
1.245540524620953509e-03
3.584893629927188665e-04
4.970022771293161005e-04
4.674803754871976395e-04
2.866686343445537326e-04
2.125104795114991210e-04
1.100462978450317264e-03
1.223416927294701268e-03
9.516323064508813798e-04
2.011615217488322074e-03
1.781993487585397675e-04
1.241280939567439680e-03
6.970723025943564421e-04
5.677946584807757029e-04
6.442527641887267544e-05
3.119324079936016715e-03
7.374712160215955367e-04
2.581296219269905469e-04
7.662493387488517656e-04
1.220131042780335214e-03
1.819742271443031524e-04
9.794417842628241194e-04
2.032634697780992560e-04
4.634252860260391731e-04
1.299271823480562882e-03
1.504138774699784707e-03
6.219718647718818416e-04
1.989146576024989710e-04
9.451439161499348193e-05
2.424296524887030750e-04
1.007678867756500903e-03
5.480084452948992633e-04
1.892387852814442206e-04
9.373644516692215475e-04
7.972759859765161028e-04
6.009810930806176472e-04
3.242038430095970920e-04
4.242451700581793481e-03
4.185666911098602619e-05
2.365288902393160580e-04
4.169801058111642558e-04
2.186981492615639854e-03
2.709613104036235503e-04
9.962094131464559188e-04
8.346437376832866730e-04
1.803210697935688596e-03
6.065840763493053145e-04
1.173013760491675370e-03
1.902573801131087860e-04
5.569116949422812327e-04
1.220302416570770866e-03
1.785381242284511791e-04
2.506510138032315167e-03
1.567682858700850806e-03
3.250380528879053595e-04
6.968693359781642609e-04
1.946142331310283342e-03
5.582293797982077876e-04
3.665558300883134239e-04
6.595751515072702709e-05
5.884361943517660331e-04
2.419928449487062597e-03
1.798061931970728776e-03
5.774773700286722408e-05
6.783482695056349899e-04
4.887917060498430787e-04
1.158074465500860364e-04
1.514670769717657095e-03
3.971383328173423754e-04
4.237434569570141911e-03
1.117414206194896503e-04
1.635108412741387968e-04
3.980831584827089747e-04
2.141660144728430720e-03
1.510836806450464778e-03
3.446579254047572221e-04
9.877675739489943062e-04
6.165539523868599587e-04
8.644168483171023407e-04
2.669464417303887057e-04
1.479260166854110209e-04
3.724716369081534201e-04
2.526377112281701955e-03
1.385411814676374776e-03
4.383611790162530064e-04
1.910960822304043827e-03
1.016104462204007151e-03
1.061811499810096185e-04
3.722981696955064723e-04
1.584820871948572829e-03
3.463458775502120408e-03
1.106814808476047195e-03
6.565149664825955297e-04
1.349267350913475709e-03
8.261622285690374448e-05
1.400731409883230929e-04
7.685590367426141985e-04
1.550867806297597960e-03
2.353966759211222840e-03
1.015969091134097044e-03
2.525850030476583120e-03
1.083800566212467969e-03
6.781234195019242858e-04
8.116892518933626005e-04
1.963282200865822948e-04
4.980128920095282415e-03
6.413490320032843152e-05
2.023566183014925506e-04
5.936975464587502572e-05
2.910377614552879522e-03
4.133924457215509243e-04
1.301895331403816244e-04
6.660074129396191880e-03
2.510178376471003305e-03
1.371272275072865730e-03
1.730614949102664410e-03
7.900654375978247894e-04
4.135453800357328353e-04
8.604782966797316955e-04
1.790652258570359133e-03
1.433185578904997304e-03
8.143509360309503751e-05
3.480070401652809900e-04
8.974366091514401639e-04
1.659528771818665361e-03
1.914864062561330257e-04
3.202994692238743998e-03
4.613173071594119882e-04
1.019651936474296437e-03
2.242697582252543690e-04
7.256304189876108856e-04
1.523276746759213334e-03
1.964117227578947474e-03
1.921789179010518133e-04
1.539365415054054498e-03
1.069405280959730278e-04
5.630296141324815694e-05
3.027425679311831434e-04
1.383470225995668936e-04
1.404430731897849316e-03
1.281287880923186705e-03
5.934353209198552645e-04
3.604575825341337861e-04
9.818497254869334653e-05
3.478153826511322811e-03
7.506923228110695028e-04
5.759446907854172577e-03
1.424380168492952493e-03
1.229053550531701523e-03
3.848961527540697893e-03
4.902344083658441605e-04
7.599104075989107122e-04
3.597357932737723241e-04
7.887880929655893391e-04
8.123657150446166215e-04
7.754208024194606018e-04
2.840720242865705982e-04
1.659260462302718534e-03
3.733774260861101851e-03
1.411204837142802015e-03
1.159243912844966189e-03
6.327838132170161226e-04
5.653221796179294092e-04
3.544437203029527218e-04
1.809376562242035174e-03
2.211130731194014144e-03
1.758583541632207162e-03
2.926027363526034677e-03
2.254120271797407579e-03
7.160802656861694777e-04
7.529386227320634863e-04
5.428822070429581469e-04
6.471488763862950824e-04
6.714094590207795926e-04
4.897110555957346007e-04
2.909737679547231225e-04
5.504116573452472443e-04
7.855939048801967176e-04
1.144141010807563823e-03
1.211699347559137097e-04
3.135402719471183175e-04
3.019003172456347518e-03
9.755149251501995297e-04
1.500487841696661806e-03
9.746383123943102916e-04
4.254471866158788585e-04
4.444000827835017475e-04
3.680117004466674211e-04
8.469794119017506461e-04
5.750928470984155308e-04
1.232697791778032291e-03
7.713265499627711998e-04
2.074200983075948340e-03
1.758933078845701249e-04
1.396815520232763804e-04
6.614666599281413071e-04
1.337718166927284822e-03
3.246422149254334479e-04
6.060487336014482333e-04
4.865842003123943592e-04
1.877259761337185182e-03
1.141825419804229748e-03
1.022812395991683785e-03
2.103096696166279617e-03
1.306092946048747388e-03
7.643277601813713851e-04
1.088170511065278921e-03
5.197215535134310735e-05
6.192564061108371196e-05
1.245329066194418750e-03
1.169415692602765542e-03
5.258301298981510720e-04
1.322188992760142505e-04
4.604619114184334630e-04
5.941589156042195166e-04
1.020357564993796677e-04
8.236269966422303784e-04
4.683733638759845971e-05
1.468558860818400247e-04
2.946137314247655281e-04
2.425675011851928260e-03
2.530014895411224142e-04
6.916697405876617334e-04
1.034451992622531079e-03
8.784612575900990761e-04
1.612394233955829386e-03
4.190442917865478127e-04
2.716560857492530240e-04
2.675073258823195549e-04
5.516894940445095765e-04
6.417169892412005316e-04
9.104914580815303164e-04
4.936795202141433699e-04
3.813277801313230838e-04
3.654185509953433220e-04
4.366988415441698111e-04
1.217502382923841371e-03
3.498355902179280802e-04
3.251409796386632339e-04
8.841037948926264546e-04
3.532650966768733237e-03
7.353901330202365812e-04
3.560582861760530409e-04
4.627345981569822432e-04
2.783848472429289274e-04
1.155064320616310328e-03
2.260759328333017393e-04
1.450764236893990538e-03
3.849549429764004618e-03
2.341462178605028654e-03
1.685727053443279732e-04
8.121172374658315075e-04
3.329776224967419588e-04
1.594346121415668926e-03
1.117996168257126636e-04
1.035351744425664884e-03
1.159582526909103546e-04
9.309848532164945428e-05
1.079106657517375865e-03
1.462295620455188920e-03
3.108663991068348490e-04
7.240762506338149556e-04
6.042121887103867484e-04
1.172514832746425056e-04
2.752927833210981503e-04
3.433004610292106806e-04
8.977037415065989819e-04
1.884225421661570683e-04
9.248483709903797256e-05
1.395863423010665621e-04
1.258504651595095938e-03
1.564757438356863999e-03
6.280927459433090915e-04
2.580197749980249131e-03
7.154962614149997901e-05
8.219596897924516012e-04
4.322114739332909403e-04
9.860054853391081800e-04
1.801505875722588315e-03
2.247796929592268435e-03
3.026086842892483121e-04
3.085990026009562820e-03
3.398634567055970092e-03
8.316952375706317038e-04
4.687382890085315811e-04
1.107804581486949514e-03
2.266511932162489258e-03
1.135223138657220996e-03
1.777729923082204343e-04
1.475331842639902814e-03
5.540754534060598861e-04
9.152626438940550109e-05
1.909370696334965678e-03
2.102060748837989226e-03
5.600700884702526584e-05
1.803760530462472297e-03
9.910495011995800255e-04
1.462938574352101468e-03
3.012996622585644379e-04
2.232626150094269620e-03
5.588048525088404155e-04
4.352722747913475567e-04
1.759928672816108829e-03
1.668292279082217444e-03
3.518588908491372420e-03
3.645766397706193002e-03
1.838403516850216281e-04
2.045057464763976735e-03
6.050905356506044742e-05
5.660086274696301883e-04
9.226115376267203169e-04
3.664334647901765002e-04
5.019050284464711712e-04
9.445779036804891017e-04
1.059768824371674001e-03
1.408086541620960338e-03
3.335415792651383218e-04
6.143225676459231500e-04
1.312492115041446810e-03
1.493561421129910695e-03
1.822652911147743806e-04
4.434489319109510635e-04
2.942292451896346729e-03
3.029258207359453777e-03
3.904613103445319614e-04
3.987668495690801541e-03
2.799402500233715333e-04
3.526855891349292300e-03
3.255663960735331788e-03
6.593766924835751313e-05
1.656062844680522496e-04
6.270442392006334714e-05
7.388526557958355161e-04
6.056986633612900390e-05
2.304377039447047439e-03
2.409798914963617346e-03
1.908434786859873080e-04
1.676125186338876718e-03
2.583147712515323048e-04
2.370813363379411294e-04
9.071419282316817113e-04
5.454541659054426084e-04
1.218371606469891228e-03
4.774290012972797793e-03
4.452647018600375478e-04
7.133088754209056422e-04
2.956626219702343517e-03
7.303056527257582040e-04
1.303737270175095962e-03
1.988261086663212045e-03
1.868891272048957058e-03
1.007003045030692656e-04
2.290398692437893395e-03
1.553247969063093446e-03
1.075587790587944964e-03
3.927868901073906295e-04
6.300863399308814826e-04
7.932050999305680040e-04
4.231915842782378329e-04
2.879752806458900382e-04
7.524025971300213160e-04
1.767049275364186017e-03
5.227302692898929065e-04
2.285688553120955200e-04
8.199511161494772672e-04
5.155674379148982240e-04
1.926853689627603305e-04
1.906067724883504571e-03
4.041272750250689966e-03
5.482706246700476838e-04
1.404552270485248666e-03
1.080202647672122039e-03
4.452474808153472955e-04
6.564888187805752347e-04
6.063523336278751343e-05
6.613622642774208036e-05
7.440225969402243554e-04
4.190867481812378219e-04
2.815701842410276291e-04
2.755362493692142963e-04
1.218381706755883353e-03
2.976829252705280159e-03
8.137357640751517827e-04
2.159707308143996995e-04
2.463277395010800156e-04
6.695906294049071717e-04
7.183388121282214493e-04
8.392858074351705350e-04
7.249119937115235069e-04
2.434790759968784562e-03
2.052856724754072333e-03
1.773364335253034248e-03
4.802813902451341589e-04
3.374441790105169384e-03
9.648424279017205020e-04
3.419144661364701006e-04
1.995318872409281854e-04
1.099083755531586777e-03
1.296407364657456592e-04
7.571173250782892335e-05
2.605714518258722581e-04
1.053050109505306335e-03
2.184218512153182580e-04
2.626816539608650431e-03
9.323069223891145658e-05
5.146609566695760319e-04
4.960997784147437497e-04
1.888301638814704909e-03
2.923383853900092012e-03
1.135520659746590364e-03
3.140773490013915427e-04
9.253068922621212646e-04
3.023011766969144372e-03
2.085043116918581499e-04
2.767155344774428500e-04
1.840814743349884980e-04
1.757590831514004416e-03
5.485999992705772920e-04
2.412791010065440899e-04
5.253612179704489956e-04
1.129290820019427819e-03
2.679329627898313897e-04
1.820040242597259321e-03
1.241523591525455156e-03
3.844982833849071107e-04
9.299156764917864337e-05
3.361267226053922031e-04
8.551034824404946328e-04
1.352205167487928136e-04
1.384002424866242293e-03
1.848456309813990492e-03
8.579560866221284119e-04
1.250250343638284771e-03
1.953378221727581417e-04
1.424483840944148344e-03
1.273246458703300834e-03
8.217513611483282974e-05
1.696655029176505217e-03
4.273796129328899648e-04
1.668533927216092844e-04
5.171891047638934539e-05
1.142687976659134946e-03
1.958188671407304240e-04
1.054082486081193547e-03
7.207634078374519854e-04
7.205816882051387692e-05
5.127761358420556467e-04
1.434448149119980313e-03
7.136888889410385704e-03
8.206180394259607151e-04
1.590767431119636610e-03
1.740113997074122269e-04
5.775220344454026029e-04
9.164907806140415621e-04
6.924967567901820810e-04
2.759276983727111665e-03
1.362238334381302152e-03
8.232128919895944155e-04
2.128813918877658223e-03
6.056526156848606596e-03
3.480685684908889550e-04
2.928536021656600913e-04
1.732428002230892007e-04
2.567438869263743029e-03
1.322194749157710320e-03
2.564864176477495410e-03
2.032784485004624723e-03
3.140164037040680828e-04
1.902356258561115889e-03
1.955618044309205507e-04
1.102370523741907568e-03
1.317645669787137963e-03
1.927921060636814718e-04
2.523260632312266175e-03
9.120868183417523214e-04
5.638026963387356627e-04
1.694752739008644968e-03
6.429134844368793395e-04
5.498788147811793300e-04
3.646379244427847693e-03
1.074703264340433860e-03
4.554091705871692714e-04
1.610978019666721699e-03
5.052199010348278199e-05
3.861660417170386392e-04
5.994070480312925281e-04
2.339108433975295106e-04
5.822178483574322631e-04
2.070583783223463054e-03
3.579236964574602012e-03
4.039251597634678287e-04
3.602957931483153145e-04
9.399952245403538683e-04
4.416499957786516710e-03
4.680502616841343967e-04
5.485248242911207068e-04
1.309357875273303631e-03
3.544800259406390760e-03
1.081335869723826486e-03
5.383890443868444720e-04
1.158446384994321187e-03
6.724927450086370419e-04
4.020004480736525223e-04
3.501073795788974484e-04
3.917531111303874242e-03
1.880269066620853262e-04
2.649292133676269087e-04
3.797420243682172124e-04
8.581499441055013503e-04
1.035757081187198671e-03
9.432268356084962948e-05
3.077018874012145909e-04
1.364658436421368375e-03
1.290121136961608263e-03
4.008884635811555200e-03
2.043067990164963883e-03
1.913645430692736526e-04
1.303632352513399211e-03
2.272773220363847463e-03
5.762713081923856191e-04
6.580481177299865657e-05
2.688571247145553865e-03
4.233346476080675777e-04
8.048346819790130153e-04
3.227098209435963223e-04
1.689318495438315790e-03
7.596885336887063004e-04
1.782374125582251122e-04
3.500771218258819182e-04
1.399615811776659235e-03
3.506600319233753489e-03
1.559457919227841402e-03
2.456536786117010079e-03
2.868313960312754603e-03
8.746050476733027571e-05
1.557387403360539822e-04
5.908637223217272361e-04
5.747167480458299278e-05
4.884728744022425557e-04
1.026840823551981169e-03
1.347372938148827613e-03
1.287235865738388819e-03
4.812629336071119762e-05
4.978528454625905791e-04
2.419969490434125065e-04
6.420561682860770835e-05
1.131263693003440630e-03
1.449386131417622434e-03
1.701528372489409871e-04
1.993741481817292490e-04
2.494190465656674648e-04
3.017921958296580992e-04
1.217299229304058192e-03
3.838550523326807813e-04
1.346661669034084400e-04
1.516954091662873951e-03
9.244441868527869196e-05
9.076060179230029633e-04
3.245855253981669210e-03
6.883981240130625733e-05
1.317996635280182453e-04
5.797397375231351881e-05
6.523621008011515777e-04
7.337086328091140452e-04
1.229493443259244807e-04
9.639747294178349808e-04
7.409542054544127542e-04
8.999017891939390832e-04
1.924298715554537782e-03
7.521001926071600513e-04
6.300445674343889326e-04
1.074485317518250648e-03
2.232233108462963896e-04
7.650403113221991471e-05
2.842888438486370706e-04
1.007573862538140193e-03
1.551089174287918586e-03
1.758010405495899779e-04
8.034633247360034158e-04
2.229930056668039649e-04
1.601441294752658530e-04
6.334099005945815824e-04
1.231413838254905154e-03
2.075160838790293238e-03
3.182230297227349805e-04
3.559040913273818409e-04
2.746175667393877364e-04
1.390699565569499885e-03
3.999035406625544502e-04
1.513469090944824513e-03
2.153974342270672106e-04
1.532739648931403164e-03
