-2.084447438227520974e-02 -1.598966126580053659e-02 -3.039047518153853433e-02
-1.832989913589495173e-02 -1.410119594443626917e-02 -3.637527031819080131e-02
-1.619269542427838673e-02 -1.189075498727523196e-02 -4.244314333983281035e-02
-2.774253338611603822e-02 -2.320491841918013651e-02 -5.564534288147080301e-03
-1.656401667501268202e-02 -1.077860112789680476e-02 -4.005261312403719104e-02
-1.721738689912364825e-02 -1.294628432700692562e-02 -3.939279727167387807e-02
-1.270109174866118108e-02 -7.909103754980398304e-03 -5.078168852491173058e-02
-8.189263626225205817e-03 -8.519973227321363252e-03 -5.364630610931174493e-02
-1.572989364905970008e-02 -1.149284750006959906e-02 -4.305817777438348398e-02
-2.028522062612522769e-02 -1.466534030089077997e-02 -3.384458363217404675e-02
-9.780671455948257778e-03 5.919288401193354560e-04 -5.500596885239129874e-02
6.336167004213584530e-03 -3.208472583755500943e-03 -6.851455324689166571e-02
5.725216855147497721e-04 -3.408063499457934884e-03 -6.460935758054793532e-02
-9.102551010737425230e-03 -1.722618960640538450e-03 -5.564391550393311958e-02
8.795071308417495111e-04 -2.706766343340401455e-03 -6.471110882356097271e-02
1.403478636511871526e-02 -1.899630474288212462e-03 -6.972539058575837057e-02
3.264667451138614489e-03 -3.010341498135651796e-03 -6.525111770069011441e-02
3.386449081234134146e-03 5.066879194369772708e-03 -6.418362725075879571e-02
1.258955925272882241e-02 -5.858078089136139728e-04 -7.139103115690331736e-02
3.586081875351739522e-03 -1.953027486240899733e-03 -6.454416783798526402e-02
1.253010899593009347e-02 -1.758712172164064204e-03 -6.999159661062519244e-02
5.458318243092225366e-03 -1.723113198480107208e-03 -6.840521267571128550e-02
2.143873773804192209e-02 -7.278354544693903163e-04 -6.107382837019628696e-02
2.982914572133617617e-02 -2.277221850362057525e-03 -5.432972580286178632e-02
1.774244245899118944e-02 -3.134684786682333203e-04 -6.807883265917316629e-02
1.849265189057964012e-02 -4.153611256873874689e-04 -6.874413063811495028e-02
1.143972579189728341e-02 -1.385563210036219132e-03 -7.215843529141909019e-02
3.843369739117346445e-02 -3.483111533540583348e-03 -4.461207163213108673e-02
2.598803524670605450e-02 -2.242955462421319587e-03 -5.872268397795275818e-02
1.263860385193791951e-02 -9.732524786300808528e-04 -7.063245390694759818e-02
2.062816591118828147e-02 -8.738297428508471449e-04 -6.469679670311258290e-02
-9.152423564806508663e-03 1.324346271371898594e-02 -5.412623504206530434e-02
1.713435823384417897e-02 4.408406131970571754e-03 -6.213273411344413799e-02
1.255380774061167631e-02 -1.217454520285557017e-03 -7.123149205061372891e-02
2.775248474669336773e-02 -3.657610732937548919e-04 -5.593022247538585040e-02
2.822086839846191242e-02 -3.948326236707484175e-04 -5.859061982637772670e-02
2.294528256353531651e-02 -5.256604048335341596e-04 -6.389012791476096631e-02
2.066972055619455129e-02 7.387961197504626983e-04 -6.277531652059543943e-02
2.011380423753849137e-02 1.655375293377451184e-03 -6.152921312255744263e-02
2.202338880383140213e-02 -4.076501753134357674e-04 -6.497193429655161168e-02
5.355530240278562337e-02 -5.220670082142987029e-03 -2.338697322821441799e-02
4.803794740287582743e-02 -4.172375544416265410e-03 -3.218748587102211040e-02
3.028717696379614605e-02 -1.532407272135566205e-03 -5.483350887719679045e-02
4.415392065691110812e-02 -3.426397529438147266e-03 -3.808649212710275150e-02
4.597255637615775548e-02 -4.788530290538661749e-03 -2.823238443872106915e-02
7.299404770644991880e-02 -9.023812703088560441e-03 1.577264896284072404e-02
2.775387637546992969e-02 1.899101007045755137e-04 -5.736509673943804982e-02
1.510175045214118619e-02 8.915514169440249409e-03 -5.738609267999631586e-02
3.863721705298810843e-02 -2.357328639900342030e-03 -4.647884737967921537e-02
3.290041634222604788e-02 -1.675140088227317038e-03 -4.724200089669604308e-02
4.594637532752203490e-02 -3.292592769599361670e-03 -3.395950538856117029e-02
5.650457531287329804e-02 -5.798744945061457684e-03 -1.805696470362975689e-02
5.725970633784184527e-02 -6.194974479519696313e-03 -1.419604565760108038e-02
6.441041970698206665e-02 -7.253848862244904189e-03 -2.478505645691130976e-03
6.406148142009066015e-02 -7.230019868591221373e-03 -3.772303025597552577e-03
6.976843970013567320e-02 -8.409820629718747775e-03 9.166340866153482522e-03
6.923921493744192301e-02 -8.342947754477740563e-03 8.132713636723007400e-03
6.005588690355496972e-02 -6.473328849388914653e-03 -1.163439360322113779e-02
7.906503367907626034e-02 -1.022429317092011028e-02 2.990954471590690639e-02
7.659712122336431728e-02 -9.728015859207052307e-03 2.439541764738265700e-02
6.574870823055418978e-02 -7.563441807396604176e-03 5.762641998465707128e-05
7.360346767777752042e-02 -9.171351343160346822e-03 1.745956329248461725e-02
5.462460816388442497e-02 -5.354762724220328562e-03 -2.126577373497010731e-02
7.280680941583493604e-02 -9.011598565395904578e-03 1.542193440210757119e-02
7.923425965606542554e-02 -1.024681536951424325e-02 3.014597203892182414e-02
6.103366428868129551e-02 -6.619638607113670706e-03 -1.021779429001759901e-02
7.640201018834014146e-02 -9.726142741984248469e-03 2.396046973035279026e-02
7.681779462006714521e-02 -9.721879350813072279e-03 2.346749110393708121e-02
8.064684344877938449e-02 -1.050157573692199996e-02 3.300245385640623169e-02
7.886857356238277661e-02 -1.017736365625191396e-02 2.922408601978828541e-02
8.040558341641587670e-02 -1.047040637428070520e-02 3.282199563748853383e-02
7.393324261907306683e-02 -9.143765828036998222e-03 1.695892471230353235e-02
8.400327920222716571e-02 -1.120561127446600448e-02 4.429877092680855472e-02
7.600607998261862952e-02 -9.618019770742393740e-03 2.241541145865478049e-02
6.010098332720839598e-02 -6.404075703070838052e-03 -1.169249593625479311e-02
7.745833356004883097e-02 -9.931154113193287405e-03 2.643926175472235962e-02
7.832397230952845013e-02 -1.007306960661428011e-02 2.793206168843801601e-02
8.096218963458821916e-02 -1.057543602341574386e-02 3.422815441878772347e-02
7.926503798411617396e-02 -1.022172482729637351e-02 2.931481832974830101e-02
7.696745935561077889e-02 -9.776007835472571086e-03 2.438045224546112402e-02
7.446588590390856854e-02 -9.262883241228793418e-03 1.848474384062738854e-02
7.852547826220428184e-02 -1.007760742629472406e-02 2.756877516117291899e-02
7.738989300213466871e-02 -9.920512591459949847e-03 2.607369612267775028e-02
8.002477089129966803e-02 -1.038494437521823160e-02 3.188066500219787630e-02
8.328492219387098605e-02 -1.104405058482041055e-02 4.131761772567867086e-02
8.303443622735655338e-02 -1.098111667351019984e-02 4.021637534543302805e-02
7.994482551027851103e-02 -1.037178694424997945e-02 3.155757668371105690e-02
8.405972918850868059e-02 -1.119611392846766793e-02 4.390792651495091514e-02
7.825557409673682130e-02 -1.004635492285531340e-02 2.785984498826921812e-02
7.871148452764656356e-02 -1.009549326525321054e-02 2.807138483043394167e-02
8.791440425050907337e-02 -1.194708533388761512e-02 5.511818096740854489e-02
8.114706646508473842e-02 -1.059668952793156246e-02 3.462070086175945277e-02
7.637203476516123135e-02 -9.631531426651296357e-03 2.231966255501613428e-02
8.659249381353922859e-02 -1.168927314152545457e-02 5.111953850340997946e-02
8.724041768548221332e-02 -1.181917599221842669e-02 5.322013372109977297e-02
8.221192998604548441e-02 -1.080248706725067329e-02 3.771153145186264405e-02
8.387014847742949031e-02 -1.114808921742999753e-02 4.264332303102830179e-02
8.567065511928327604e-02 -1.150432098852092848e-02 4.830732756506369435e-02
8.767546753142542448e-02 -1.190291118422191416e-02 5.448625262433615807e-02
8.718633810352248437e-02 -1.179914172943076836e-02 5.281660143148569214e-02
8.668760399815679529e-02 -1.170871456509660347e-02 5.152731068993603863e-02
8.784983373173942123e-02 -1.193891528028051888e-02 5.507939833467061924e-02
8.828408871602087815e-02 -1.201906650314366401e-02 5.624266849828607473e-02
8.331274278387859611e-02 -1.103454974913248461e-02 4.120530199870469507e-02
8.789925238266893537e-02 -1.194280795280304973e-02 5.507176633464760246e-02
-5.633232322663318109e-03 -9.884721410909507767e-04 -5.831850609614990660e-02
-1.013167497234354446e-02 -4.706616006050853666e-03 -5.448659051294057337e-02
-6.638629030435419000e-03 9.583155308465041156e-03 -5.761514121465328292e-02
-8.963436614225731014e-03 3.650211666858132076e-03 -4.889502244521724134e-02
5.603578918981338411e-04 -2.181026198449055337e-03 -6.433463658916108163e-02
-3.650192224015866641e-03 3.957068262867013421e-04 -6.021460045476009770e-02
-1.528411723048284619e-02 1.156582186535549603e-02 -3.904237226897775553e-02
-7.156392418472871074e-03 1.110532631107552688e-02 -5.728984142725997847e-02
-8.650377156637236928e-03 1.430979325282562969e-02 -5.451257790841842338e-02
-9.053382627430932306e-03 4.916145232926707673e-03 -5.444310871989611195e-02
3.610745709895472107e-03 1.589536113774748204e-03 -5.878426153754705286e-02
-9.206255211120452711e-03 2.347997474079721592e-02 -4.797780430228047732e-02
-6.401844238096913997e-03 1.846125388218545701e-02 -5.335712659223861010e-02
-1.431469992348383992e-02 3.525890932955093315e-02 -3.483546418169065906e-02
-9.715480565665216353e-03 2.459242658076990148e-02 -4.925441952582940847e-02
-1.377817980128925868e-02 4.800289344256413598e-02 -3.270125730037448664e-02
-4.717172289148924801e-03 1.670563591637849038e-02 -5.542362964212300958e-02
-6.188566779187022575e-03 2.968682304510508047e-02 -4.784846044755450972e-02
-1.041576524643495968e-02 2.864574280007836649e-02 -4.640403985548241517e-02
-1.405872241768208256e-02 5.472686018470118013e-02 -2.854967877440718615e-02
-1.311597246014293422e-02 5.954750222020044337e-02 -2.583504104119316303e-02
-1.492006034739951081e-02 3.407472825280235401e-02 -3.447487803693478209e-02
-1.352071796829072345e-02 6.960838884761766376e-02 -1.717827173513771649e-02
-1.457387175636812478e-02 6.696243482218684762e-02 -1.899772699844824372e-02
-1.322039412836010369e-02 6.128468935178044141e-02 -2.470076278767481190e-02
-1.273904049477831910e-02 6.600594004303510232e-02 -2.025127362685337148e-02
-1.381480821425059430e-02 6.364112353355101670e-02 -2.213657433609108119e-02
-1.555586887654756244e-02 8.397858429223518939e-02 -2.976076247990214977e-03
-1.474884009707508152e-02 7.775301015193887555e-02 -9.485518214260212078e-03
-1.411482284693313903e-02 6.939381984887803279e-02 -1.756168438526592782e-02
-1.480289690099131743e-02 7.810870607448912317e-02 -9.053966120390301991e-03
-7.107667314981901477e-03 4.720117706956534348e-02 -3.561690720164661234e-02
-1.501264678225211133e-02 7.636324316710167703e-02 -1.009187501254288181e-02
-1.378107691474783104e-02 7.261680928518138289e-02 -1.486849285356844387e-02
-1.562307347202205807e-02 8.420582719977483255e-02 -2.608060098915378211e-03
-1.727732408872437522e-02 9.861355545455219307e-02 1.880676063686248164e-02
-1.584293132504848919e-02 8.676228050333573139e-02 5.679103139849664200e-04
-1.551506916143698643e-02 8.091823088863550617e-02 -4.881499833307766621e-03
-1.827293978223436255e-02 1.071798139543270745e-01 3.261576187939135146e-02
-1.815463405295507371e-02 1.061014226680424138e-01 2.970849603150050103e-02
-1.769198981788632288e-02 1.020190584343524665e-01 2.268706058754112534e-02
-1.415509476440256903e-02 7.341395697110275620e-02 -1.455817402942804345e-02
-1.593890835269047568e-02 8.524199185271978674e-02 2.129313220866754981e-04
-1.765208135615120577e-02 1.017082562625833686e-01 2.220402528879710652e-02
-1.810542604688836210e-02 1.057472042965873771e-01 2.942632666809199757e-02
-1.598732357808461610e-02 8.792853501139165362e-02 3.204446871429397943e-03
-1.856179346385036094e-02 1.097740693852299748e-01 3.642503056882127888e-02
-1.894951282642983598e-02 1.132210183907370743e-01 4.204441363682764887e-02
-1.757121203653795941e-02 1.012804923714441807e-01 2.273946141635403359e-02
-2.084802930653930492e-02 1.302889706844944373e-01 7.347147720928159931e-02
-1.890374673117917181e-02 1.128625135933606777e-01 4.165621353188637965e-02
-2.036684510813255300e-02 1.259458831032406190e-01 6.532267065365303382e-02
-2.059953815987797254e-02 1.280508938447298128e-01 6.931426985145577868e-02
-2.078275145412923283e-02 1.296956089281623981e-01 7.236548761178933364e-02
-2.089894164345763861e-02 1.307489697272828100e-01 7.431676352140322017e-02
-2.013774602303467290e-02 1.238815610213598595e-01 6.157204801976868397e-02
-2.021412222360024352e-02 1.245729096786280382e-01 6.282639572210538259e-02
-2.087971820139095797e-02 1.305746293978366501e-01 7.399554319012136006e-02
-2.082172287442816266e-02 1.300523108724770116e-01 7.302689880571157366e-02
-2.103942580065110840e-02 1.320214228454469618e-01 7.677911533076295370e-02
-5.739087576637246120e-03 -2.193228508834626101e-03 -5.768790835090546743e-02
-5.781102943778835233e-03 -3.228114679287857978e-03 -5.997320972009816120e-02
-1.030064955988854725e-02 9.663603212246687016e-03 -5.184699969667955904e-02
-7.287221541053288086e-03 -6.184658104130200985e-03 -5.406652895004059739e-02
-1.710245692674100884e-02 -3.943023996288740236e-03 -3.769217799535741487e-02
-1.717184200779243650e-02 -8.471368859598057618e-03 -4.115411425230789538e-02
-8.140195340398871660e-03 1.074078712466725732e-02 -5.492035485538263040e-02
-1.060559005859748778e-02 -3.648594176317811709e-03 -5.336964571868735990e-02
-2.198652900737189594e-02 -1.417942133833467386e-02 -2.704907083772799953e-02
-2.169302377882577695e-02 -1.574243021118688218e-02 -2.995061743036378163e-02
-1.722315300371723978e-02 -9.107057423987624523e-03 -3.824421747615103923e-02
-2.438897922982290883e-02 -1.729256076320858163e-02 -1.862271158270132829e-02
-1.874716726020884267e-02 -1.264024827004836711e-02 -3.577467916542679399e-02
-1.987025448715668344e-02 2.260015195782999389e-03 -2.297744823196424743e-02
-2.218002964333497251e-02 -1.592708799938765546e-02 -2.825375263894822422e-02
-1.559811043765964821e-02 -9.033294392372869311e-03 -4.335823747449413235e-02
-2.877324063860943124e-02 -2.225857592833806881e-02 1.402279277184125894e-03
-2.900800101367198569e-02 -2.422562892342831897e-02 1.696589889945081091e-04
-1.866839742852609285e-02 -1.294750077400484353e-02 -3.615046632615209060e-02
-1.955720759930476213e-02 -1.365856762106191710e-02 -3.379293152284156693e-02
-2.303146166419053897e-02 -1.669823820192746847e-02 -2.567130647171153232e-02
-2.145546829487864765e-02 -1.540512199307256420e-02 -3.092381871140385124e-02
-2.576381737127646926e-02 -1.911778824668126930e-02 -1.437819013691437817e-02
-2.282052721289354671e-02 -1.583050768579078935e-02 -2.518093802805091222e-02
-1.995282068080475937e-02 -1.156708996537328220e-02 -3.222121952125407002e-02
-1.649743490178824656e-02 -1.274341845872378927e-02 -3.988777130449171898e-02
-2.497689554102702769e-02 -1.714384104024708338e-02 -1.552489862234097094e-02
-2.555288197535761016e-02 -1.898195392466313358e-02 -1.508169028455910200e-02
-2.312743298817353244e-02 -1.784893370260952003e-02 -2.233918837588686271e-02
-2.361648813392731860e-02 -1.794559961633235973e-02 -2.299063045994123589e-02
-2.913286992412763773e-02 -2.359003316941036751e-02 1.774149306069221005e-03
-2.031543803904137940e-02 -1.487742015854517583e-02 -3.097963065609181735e-02
-2.543817284542540524e-02 -1.901471674856113764e-02 -1.523126714135680272e-02
-2.491904458914315917e-02 -1.986191991665701290e-02 -1.722480003596577394e-02
-2.205497440760354616e-02 -1.618212934087494975e-02 -2.817334397936881868e-02
-2.218166200641808264e-02 -1.696220387957190004e-02 -2.513454236248010426e-02
-2.112222525200586898e-02 -1.275810895361310926e-02 -2.771306644593706306e-02
-2.683717813482547690e-02 -2.175912863606518227e-02 -8.516046970855725012e-03
-2.531145677555688908e-02 -1.966767216300428084e-02 -1.656318175227622022e-02
-2.279014136882627148e-02 -1.692126452401608583e-02 -2.600318399722102714e-02
-3.010304640785531685e-02 -2.555415402805659431e-02 5.675261866700647036e-03
-2.835043101317312464e-02 -2.355123735933125143e-02 -4.182721822830331136e-03
-2.419836951037411185e-02 -1.858133096887018901e-02 -2.092932420619572978e-02
-2.583989226965591190e-02 -2.065443358806247007e-02 -1.307933689108481574e-02
-2.294663857001882218e-02 -1.849175898037529880e-02 -1.999708509396362632e-02
-2.671114186046203223e-02 -2.187346974086526105e-02 -9.930431927668393471e-03
-2.633553605680208354e-02 -2.090368199204643493e-02 -1.124894416490587572e-02
-2.288102377716056193e-02 -1.793686774538014173e-02 -2.196259494802970877e-02
-2.895301758584401669e-02 -2.431345018740418626e-02 -3.312613642046989635e-04
-2.821852739390631401e-02 -2.150445412713520438e-02 -1.191026271865913222e-03
-2.659954916199559066e-02 -1.964206010606925346e-02 -9.876588112397341815e-03
-2.189400538466725749e-02 -1.682735342969997674e-02 -2.681826062272263389e-02
-2.908507622433019815e-02 -2.466222985009140084e-02 4.926663463770912911e-04
-2.751276082238638537e-02 -2.298094221824652922e-02 -5.157196338663443819e-03
-2.906809754379446539e-02 -2.460178152206482505e-02 -1.763860168583989557e-04
-2.932929665445832904e-02 -2.404795256572556453e-02 2.851327490716842449e-03
-3.439302155844547321e-02 -3.071616749090898962e-02 3.058066697125329941e-02
-3.323110636390663730e-02 -2.871170395072214845e-02 2.444148346298048377e-02
-3.269424301313639952e-02 -2.881286925453186917e-02 2.026319666259044847e-02
-3.288812662841165968e-02 -2.891185146913836587e-02 2.143428999636018406e-02
-3.217417242196044663e-02 -2.860394094523469391e-02 1.554652516197864258e-02
-3.266756729029412359e-02 -2.901706043811964897e-02 1.987430249763998125e-02
-3.061019224586930543e-02 -2.648001887821628195e-02 8.012966763404408971e-03
-2.913482099070514170e-02 -2.456586495521570490e-02 4.749080623584599355e-04
-3.209332159312717342e-02 -2.857360003645968358e-02 1.674476683867102619e-02
-3.247390693787774452e-02 -2.847018902162187087e-02 2.012583100545640297e-02
-3.133104792593561366e-02 -2.742023800683910523e-02 1.106045976589898824e-02
-3.447603618094917388e-02 -3.058330308777138656e-02 3.136971105841149243e-02
-3.283598583759383960e-02 -2.872783673386556172e-02 2.114068080610381067e-02
-3.297729105978382258e-02 -2.880529758820954758e-02 2.216452264544074152e-02
-3.307310451191581430e-02 -2.916017429825096263e-02 2.258473171565100746e-02
-3.264025868937255048e-02 -2.919885924126204568e-02 1.854283983493146964e-02
-3.028336799289006384e-02 -2.601502647295768356e-02 6.047992849427827854e-03
-3.533104491900028454e-02 -3.168461229973004029e-02 3.644340538266491181e-02
-3.534165610101249605e-02 -3.210844904210736345e-02 3.590824693037226317e-02
-3.322788666780222139e-02 -2.977788896501965335e-02 2.339539671392558418e-02
-3.429430331508111218e-02 -3.008130264368155324e-02 3.080437877781477124e-02
-3.601974592330989267e-02 -3.281333819713783129e-02 4.040507134626261654e-02
-3.703634204556413567e-02 -3.442589405978336431e-02 4.729394575867752054e-02
-3.346426619608594555e-02 -3.016798154585829950e-02 2.457485354797505142e-02
-3.251485234021465887e-02 -2.854835379512467644e-02 1.940208462902460670e-02
-3.270147221356044936e-02 -2.892273551928890504e-02 2.026583849107302035e-02
-3.535207646796330316e-02 -3.229046421135977479e-02 3.559292381908767816e-02
-3.582486834433956657e-02 -3.219352790912129170e-02 4.084771299301841185e-02
-3.604264736311091344e-02 -3.298250986981301341e-02 4.078859831138983982e-02
-3.315050986056004151e-02 -2.979304679397734232e-02 2.163367519943668049e-02
-3.477797013946594407e-02 -3.175069185826210477e-02 3.218797426194969225e-02
-3.133790993485291443e-02 -2.751536974975847538e-02 1.182904303027909609e-02
-3.667477931563144916e-02 -3.380804126165579820e-02 4.480574756651320434e-02
-3.184183093408425591e-02 -2.813365965600093249e-02 1.400940126596899107e-02
-3.081427888630777767e-02 -2.684707365206659771e-02 9.283052455617047533e-03
-3.594106586377191631e-02 -3.279932620091303291e-02 3.978756994823219595e-02
-3.374843594755112114e-02 -3.048360686649888643e-02 2.587041154407492341e-02
-3.522985718164116375e-02 -3.235829787317909961e-02 3.490157485246917629e-02
-3.238926505852221527e-02 -2.891373064234748630e-02 1.750452771302518987e-02
-3.786621629963067559e-02 -3.551539938766433424e-02 5.292727972176688306e-02
-3.577935271370134840e-02 -3.254717784307453732e-02 3.872701124646796972e-02
-3.261467693109167121e-02 -2.903557987305463092e-02 1.886535893062403837e-02
-3.453326440188175112e-02 -3.103460904544555476e-02 3.123096639518259041e-02
-3.450158889248109567e-02 -3.109424591053194450e-02 3.097863371646876821e-02
-3.597505306034196049e-02 -3.317700052365352148e-02 3.985610811313602259e-02
-3.560082384742704192e-02 -3.265368429112980309e-02 3.741515289536042482e-02
-3.511765737881759192e-02 -3.219485346740533216e-02 3.388721573118621405e-02
-3.779200777287516910e-02 -3.536933341612449877e-02 5.266470311695978929e-02
-3.816074617966060123e-02 -3.596732949794975015e-02 5.499906542266363996e-02
-3.763633365480392040e-02 -3.517872535054350491e-02 5.144325291110650455e-02
-3.639926149586632242e-02 -3.367240017552576570e-02 4.255408595387313170e-02
-3.613721836710864083e-02 -3.299344112441986165e-02 4.112883912303993972e-02
-3.568466196893340520e-02 -3.261897379435666627e-02 3.884070454690109753e-02
-3.719112210653859052e-02 -3.484021354823949035e-02 4.841754267371489034e-02
-3.791425962049488341e-02 -3.575827977911816280e-02 5.311462842161409487e-02
-3.786143356392682180e-02 -3.554768402430787816e-02 5.280724430828558080e-02
-3.608806448579211096e-02 -3.340724657494081179e-02 4.051327993508953285e-02
-3.314260535021162912e-02 -2.985113102709438873e-02 2.246250530094957495e-02
-3.803727389140445364e-02 -3.587745108756504320e-02 5.409008188412550711e-02
-3.575748589587078585e-02 -3.271190553438451526e-02 3.914217790367405247e-02
-3.623917785541948960e-02 -3.317328612662502618e-02 4.165537197111569834e-02
-3.815342619922796469e-02 -3.606091613625353465e-02 5.487976630563719260e-02
-3.818547337934168062e-02 -3.602150497770330306e-02 5.523742981877017427e-02
-3.748270495146344139e-02 -3.520490096927161167e-02 5.013355758150944003e-02
-3.801116858535229931e-02 -3.583752191562319250e-02 5.392332262474119203e-02
-3.835910231122512115e-02 -3.621466124619869553e-02 5.644882094622777347e-02
-3.754565251945321536e-02 -3.505232289490230191e-02 5.070493498145915712e-02
-3.784089828296278990e-02 -3.565955584883865465e-02 5.261220354153491735e-02
-3.718007804705393549e-02 -3.461443590980051166e-02 4.827556065361387344e-02
-3.829228799852679027e-02 -3.612364873751827687e-02 5.596582448749333472e-02
-3.771759026022835498e-02 -3.526945462801574921e-02 5.211080902553356931e-02
-3.813046438969801277e-02 -3.585758216944114063e-02 5.510291010383387006e-02
-3.756872428844731937e-02 -3.535269939237804804e-02 5.074863625382164400e-02
-3.838744685103554627e-02 -3.627749092167599498e-02 5.664689330043482657e-02
-3.797766513653522830e-02 -3.580703367137842708e-02 5.369987515098378905e-02
-3.778988738923592244e-02 -3.555072498605626324e-02 5.224709274900173062e-02
-3.569135586144626948e-02 -3.298707792711819131e-02 3.859177828079329853e-02
-3.815634745370594105e-02 -3.604643336645621532e-02 5.497904980809594638e-02
-3.808796937162745727e-02 -3.600498503852919002e-02 5.433216651097874661e-02
