2.152263051357586679e-02 -1.842179001077957901e-02 2.548820003042360713e-02
1.973954841567945526e-02 -1.694488399618044455e-02 3.029499619640664554e-02
1.526464885527038448e-02 -1.281724633124720243e-02 4.187618875377301791e-02
2.615155400942819480e-02 -2.374436909310385230e-02 5.977511352564282045e-03
1.345932111189539204e-02 -6.788850562008831753e-03 4.477695051896499190e-02
1.785249600294844946e-02 -1.519121145592901290e-02 3.540127131115280990e-02
1.509020946614266813e-02 -1.209097378919091192e-02 4.345747688134748293e-02
4.838464729408882906e-03 -8.552260891096315557e-03 5.628638366942291527e-02
1.651013490501770237e-02 -1.374921995160710564e-02 3.989091856236543637e-02
1.864226475824088541e-02 -1.535765027668353766e-02 3.459902582091374523e-02
9.179560495436779946e-03 2.140118824774637520e-04 5.510427509169377874e-02
1.037211968276400344e-04 -6.112720956403093313e-03 6.185290530361341882e-02
2.503880027983044912e-04 -5.745229456990797769e-03 6.269980132185287713e-02
1.109575321017375674e-02 -5.548799522800165231e-03 5.187469110776440906e-02
-4.288923826458940387e-03 -4.170742446028076304e-03 6.480609019124999870e-02
-1.775070926020744580e-02 -2.307556978564361157e-03 6.622494065479113401e-02
-7.168482503760535349e-03 -2.551181303662909076e-03 6.583193573023597700e-02
-9.495271446739781893e-03 1.633848974800921217e-03 6.678103938090128311e-02
-1.290548785826768109e-02 6.059231388987350352e-05 6.883694461738316950e-02
-1.114926127382093006e-02 -2.020700082625355616e-03 6.576307295584093993e-02
-8.519716694807423496e-03 -3.623858056841488314e-03 6.684897185431191990e-02
-6.127543681065932869e-03 -1.467449562749407630e-03 6.763032593543566451e-02
-1.436145186107291687e-02 -4.970743092881451351e-04 6.440006418511923236e-02
-2.356426677810203110e-02 -1.786941786744941337e-03 6.118692859213037405e-02
-1.485465597379695586e-02 -1.027266065523542741e-03 6.741048131562758783e-02
-1.797810861234297106e-02 -4.015019140458546474e-04 6.716800101666001166e-02
-1.062454104225638192e-02 -1.527695378864065041e-03 7.003375008768353283e-02
-3.855137625990465167e-02 -2.500551383578516768e-03 4.546074821235521202e-02
-2.071391040081079979e-02 -2.229919363818426252e-03 6.296743370708055010e-02
-1.325676541895799351e-02 -7.720610090264926539e-04 6.869789068131253174e-02
-1.679335571901950999e-02 -1.712355145675733019e-03 6.594425869415808383e-02
9.684483372199686677e-03 4.944657941285971782e-03 5.691040627348249031e-02
-8.214846253909145052e-03 1.125506135357507223e-02 6.044352429584788633e-02
-1.449898733259612042e-02 -1.198343073894500045e-03 6.893239443212244300e-02
-2.056248311274255433e-02 -6.871936076055824979e-04 6.288907445728733614e-02
-2.888601817345465284e-02 -2.990145483840297622e-04 5.941343750464112006e-02
-2.289687566812748098e-02 -1.240047743193442315e-03 6.394942961739844001e-02
-1.511801000827501205e-02 -2.881574978550386474e-04 6.626406072334195541e-02
-2.105629728658146502e-02 1.123278203319896633e-03 6.117123195376185374e-02
-2.603685939203164226e-02 -4.236086697694728615e-04 6.216029924571798287e-02
-5.129816384184124334e-02 -3.068600675109735363e-03 2.817675997433199964e-02
-4.984270512366020117e-02 -2.978211319799872053e-03 3.103594587243932792e-02
-3.270054214504717477e-02 -9.951691441944779306e-04 5.411340119608602089e-02
-4.542275948108776690e-02 -2.359239756448389992e-03 3.747242192436818498e-02
-6.072780599938971957e-02 -4.631371253736621570e-03 3.886178447147503601e-03
-6.828039742411171065e-02 -5.144235835042266711e-03 -3.966550649420854009e-03
-3.334920562927962129e-02 -5.158358085944443009e-04 5.315304573721970488e-02
-1.031496214889751975e-02 9.691158361962362924e-03 6.169706450696881700e-02
-3.520783161495488062e-02 -1.027838277129003441e-03 5.178919080460753221e-02
-4.586297174248484682e-02 -2.576347305854183225e-03 3.331967235053026610e-02
-4.715673856500939010e-02 -2.497841054159369908e-03 3.390016448760753420e-02
-5.500554247644115491e-02 -3.612051393208867613e-03 2.196042164830478566e-02
-5.683213460306049680e-02 -3.854812263256267042e-03 1.818475540305818094e-02
-5.810372129874424169e-02 -3.906591360863813714e-03 1.697157458506015973e-02
-7.043842699972774346e-02 -5.374911673446700761e-03 -7.817585019840317048e-03
-6.212859426249022626e-02 -4.410731182325368545e-03 7.919835028604117408e-03
-7.317403326006093056e-02 -5.781706808587046449e-03 -1.535311777407521658e-02
-5.904024014923995450e-02 -4.031047185423031372e-03 1.568208073877777955e-02
-8.080418533657655888e-02 -6.641162211127801807e-03 -3.282272803858513055e-02
-8.064521091086512827e-02 -6.617843619269181063e-03 -3.251380636399465313e-02
-5.951742978351165503e-02 -4.097017295786571991e-03 1.380693563511713705e-02
-7.759288745907852447e-02 -6.248847301622793664e-03 -2.433285712103136836e-02
-5.869032723023229897e-02 -3.955681876740642713e-03 1.625840131090623697e-02
-7.500499670875315772e-02 -5.952545730268561826e-03 -1.820043428163028998e-02
-8.166702507416935541e-02 -6.727763080972793894e-03 -3.465514195787561258e-02
-5.820014390010955219e-02 -3.928826860518144434e-03 1.772059172889214190e-02
-7.692920904086193723e-02 -6.219762539898227027e-03 -2.424346959647307245e-02
-7.850097323390743675e-02 -6.327631275650358669e-03 -2.550391908219264495e-02
-8.086130254356542479e-02 -6.627573503376331387e-03 -3.187055644050550834e-02
-7.864163407149482587e-02 -6.378591287129477608e-03 -2.679296899687305319e-02
-8.187094732365172989e-02 -6.750261398899501560e-03 -3.487437945877676360e-02
-7.474402200406451979e-02 -5.874181945998487031e-03 -1.681527882115150391e-02
-8.194456769585953260e-02 -6.804863092766135456e-03 -3.770479350893925913e-02
-7.653846219773242920e-02 -6.134328634889199897e-03 -2.192433982720209951e-02
-5.707681696772024665e-02 -3.783740521317892781e-03 1.938232545969485049e-02
-7.577631628710423950e-02 -6.082037587136674556e-03 -2.135399310748682666e-02
-7.870568795796618888e-02 -6.392749603887519505e-03 -2.723038021495369221e-02
-8.209323236012253111e-02 -6.788173065526621232e-03 -3.607188925335792079e-02
-7.927492869909788520e-02 -6.429203769136672408e-03 -2.741878379566438026e-02
-7.864950950052002066e-02 -6.352830895011579021e-03 -2.612120937254580263e-02
-7.753629780869551735e-02 -6.212923969513820324e-03 -2.357862090947629441e-02
-7.869533396880430687e-02 -6.375184192338204277e-03 -2.674095706732716390e-02
-7.621306563281966817e-02 -6.136690121672927142e-03 -2.222451930930521499e-02
-7.813819465330264225e-02 -6.317090154062711405e-03 -2.568005885196225635e-02
-8.269056491842299850e-02 -6.861471668387476505e-03 -3.795211968174865003e-02
-8.333395908982910161e-02 -6.922280370561050868e-03 -3.908062079383628484e-02
-8.027065291634249977e-02 -6.547993426051798224e-03 -3.020379492211366923e-02
-8.549305087401895542e-02 -7.183798038605186675e-03 -4.585741280176284379e-02
-8.099372679958330434e-02 -6.642750892503526162e-03 -3.283602045254895713e-02
-7.911334204341946563e-02 -6.404076352992193501e-03 -2.692658236588787307e-02
-8.886150029495339109e-02 -7.578633349143095062e-03 -5.600766040055062123e-02
-8.026906782259113360e-02 -6.548124705124514985e-03 -3.024673950769786110e-02
-7.784301163025827974e-02 -6.250431358172651997e-03 -2.384593119647158629e-02
-8.826853973267424769e-02 -7.508544813486781218e-03 -5.414485153879359386e-02
-8.842434785533329067e-02 -7.527995307250229598e-03 -5.470650577176974089e-02
-8.237394893770007276e-02 -6.796415157470544512e-03 -3.624587811954631256e-02
-8.419685337612237142e-02 -7.024477284786636438e-03 -4.156076325453238185e-02
-8.383358980848817921e-02 -6.985537650505775110e-03 -4.096058459345501557e-02
-8.897413342476655218e-02 -7.592210284001990606e-03 -5.637977600169556680e-02
-8.874845066601597110e-02 -7.563757467121705845e-03 -5.559878921998938350e-02
-8.655683571121414177e-02 -7.305927165440454993e-03 -4.901495493459154945e-02
-8.925613837214846358e-02 -7.626353651165640284e-03 -5.731032300675235197e-02
-8.899389910791469238e-02 -7.593554272538788168e-03 -5.640460627256259352e-02
-8.343474225291810931e-02 -6.942052901310784459e-03 -3.978774689015241589e-02
-8.854856017037895932e-02 -7.539095678102633938e-03 -5.501134456744662810e-02
1.062998953616218871e-02 -6.299208706943323043e-03 5.132175821184708359e-02
1.225642226676394199e-02 -6.239335212526380542e-03 5.014242533341745772e-02
8.630277821808004027e-03 3.013154048097939353e-03 5.620378228278045257e-02
3.366379024152186834e-03 2.047154848756746991e-03 5.693280009166672151e-02
-4.852194026681097214e-03 -1.131232197383945154e-03 6.533644179604566893e-02
7.112978167348267891e-03 -4.334712931175488935e-04 5.677591530821891191e-02
1.614213951230941690e-02 3.958384576018540713e-03 4.081138520151860599e-02
7.966760574882983045e-03 5.799757930219475235e-03 5.847097469339234549e-02
9.297990208923337732e-03 7.017526108985553714e-03 5.577446042483852340e-02
8.150836631388939241e-03 1.127948040238347304e-03 5.734849264350327241e-02
4.314840291944537463e-03 -6.502456320609722789e-04 5.593699803000199561e-02
1.259047218159257096e-02 3.528187606047659269e-02 4.359941719185398551e-02
8.808862958116085370e-03 2.659787171112527188e-02 5.112686765308700060e-02
1.490784567343873823e-02 3.995789210437222100e-02 3.965374561719131608e-02
1.266641822493867059e-02 3.224559246333909279e-02 4.795247537865810622e-02
1.513802675943713184e-02 4.459194339070900875e-02 3.957901877117444428e-02
3.286692988746455282e-03 1.811670083437570342e-02 5.769665887700894252e-02
3.734476039566136853e-03 2.251742918390585782e-02 5.638655152975621809e-02
1.256971157954233503e-02 3.389148201222923207e-02 4.685816601913478374e-02
1.585835019180945049e-02 5.003959810280871057e-02 3.610849646699242771e-02
1.339347797572301886e-02 4.852435658766780097e-02 3.847194762081378172e-02
1.560328744605385919e-02 3.447977262746593219e-02 4.025535755068752886e-02
1.675031142602058723e-02 6.946191602946648336e-02 2.012960388682664276e-02
1.662384175319847612e-02 6.037514051253820707e-02 2.846913318198931661e-02
1.494459245037112714e-02 6.087965270755338332e-02 2.890327110371361530e-02
1.656859967701940217e-02 7.026274493521569853e-02 2.011438155054021126e-02
1.553301164553083473e-02 5.204904431916525936e-02 3.455875689221513808e-02
1.856396526386586837e-02 8.244363119598392686e-02 8.484184144074523662e-03
1.878846390606165109e-02 8.379948512946799877e-02 6.502005994374603429e-03
1.596500992161002663e-02 6.779848535970867118e-02 2.357562004437544628e-02
1.846463314565859049e-02 8.150631653989973135e-02 9.159670850337435846e-03
7.770072152351173607e-03 4.026293796785750112e-02 4.428043733180980074e-02
1.855810037245132771e-02 8.044302296946174990e-02 9.457964885307942535e-03
1.686186307102751844e-02 7.307426436857183960e-02 1.878540262979894876e-02
1.897900081410237860e-02 8.502033137729100853e-02 5.800048515997405750e-03
1.959668907965029377e-02 8.908351584644852439e-02 -1.888610482745288824e-03
1.990586068762502728e-02 9.103035801838586794e-02 -2.510945042042355378e-03
1.953159131203165491e-02 8.768543626872744856e-02 6.689886700771831111e-04
2.088061535151601936e-02 9.755986518680684338e-02 -1.419061458210755036e-02
2.194969648528091039e-02 1.049195526041808851e-01 -2.511748943326213776e-02
2.159029200080967575e-02 1.024284442403026324e-01 -2.043607794286384990e-02
1.729734038496665710e-02 7.515961402778682798e-02 1.696750961593025686e-02
2.018641767472860102e-02 9.227922117706509331e-02 -6.014586461854938559e-03
2.157193848756430374e-02 1.023241341682566558e-01 -2.046818751750264717e-02
2.268835411171797947e-02 1.101453960097581453e-01 -3.526320599556215241e-02
1.824305823031588392e-02 8.118468481073172482e-02 8.785083643479652329e-03
2.203341710069503523e-02 1.055249665874269105e-01 -2.664715795249641625e-02
2.307950722720551046e-02 1.128614380754378588e-01 -3.962001114854513811e-02
1.992038371045411552e-02 9.148053021515620276e-02 -4.500588862254626017e-03
2.565248283972672641e-02 1.309790829315568006e-01 -7.581989499327430881e-02
2.381464362952615335e-02 1.180582509655016682e-01 -4.989652238453894106e-02
2.486573685453223603e-02 1.254330965661403785e-01 -6.460869735244560708e-02
2.543295176207592198e-02 1.294302583478903756e-01 -7.266457375211606007e-02
2.530921423545433313e-02 1.285591455727151666e-01 -7.098982880351285829e-02
2.548342280299366325e-02 1.297879586817541342e-01 -7.338196329264530526e-02
2.472281812443228102e-02 1.244249181543511662e-01 -6.257150863655451534e-02
2.525205930539888358e-02 1.281528208086599174e-01 -6.995273781631729249e-02
2.561593416654715447e-02 1.307205373682611416e-01 -7.527447669515721640e-02
2.572976804779234655e-02 1.315248642039767990e-01 -7.693536715062024300e-02
2.585238606797218841e-02 1.323926417709322123e-01 -7.875777729744219691e-02
1.112342699959461591e-02 -5.804659206404942824e-03 4.888565321544816739e-02
8.729106194407575472e-03 -4.015475312011859178e-03 5.636015061729743314e-02
1.325484953159899136e-02 4.501740382179016792e-04 4.846507015090991549e-02
1.493874414648993162e-02 -1.298332781889669635e-02 3.924240465480356016e-02
1.785587968133329345e-02 -8.843975022164028005e-03 3.676995912514054166e-02
1.543124999912436242e-02 -7.234914045583110478e-03 4.328259325173768046e-02
1.113893874821749244e-02 2.096841293560219865e-03 5.281588696074968059e-02
1.304955021928901060e-02 -5.493496729891514038e-03 4.689578701801050409e-02
2.011211452001440692e-02 -1.394080550749996102e-02 3.039444462618047862e-02
2.186140428589009380e-02 -1.845469489783340897e-02 2.465275247277512807e-02
1.330806237334622964e-02 -6.479873154348790402e-03 4.536257174383381829e-02
2.474130419984476789e-02 -2.008594098516705562e-02 1.327002983450437795e-02
1.628425976940911513e-02 -1.175332783603367723e-02 4.032654631463929162e-02
2.425631200949436572e-02 -1.171429350278788660e-02 8.383621114172928879e-03
2.015113367508807388e-02 -1.539776341272671052e-02 3.058516053029758028e-02
1.499102630339428470e-02 -7.650075094392723776e-03 4.367189128571833528e-02
2.613882624736661026e-02 -2.095262313369242180e-02 5.576299964355145924e-03
2.564012277744117524e-02 -2.257694840805440570e-02 9.248542342442064509e-03
1.722659699613215273e-02 -1.295405672376818279e-02 3.849428311244700723e-02
1.789428872025419087e-02 -1.238711834523617723e-02 3.657210018722457934e-02
2.411874444507219883e-02 -2.041928353539014182e-02 1.675012219999523835e-02
1.902737913477869913e-02 -1.479353698935606705e-02 3.371217098936007961e-02
2.494437363462236393e-02 -2.105466757895277027e-02 1.310882161425762880e-02
2.383638950898327863e-02 -2.005399624067524464e-02 1.757716369552026620e-02
1.770182306499123656e-02 -1.143308170191759988e-02 3.600557176454251967e-02
1.356585964871648807e-02 -1.272067589471061189e-02 4.328320069267195536e-02
2.234170723460035882e-02 -1.553688733909799023e-02 2.061528191646761626e-02
2.616926010289359616e-02 -2.278809222238371499e-02 7.072925392960617910e-03
2.603019252968146943e-02 -2.298967537571522390e-02 6.401936383217435647e-03
2.438251648754794290e-02 -2.094591286932689228e-02 1.566618017756690739e-02
2.787155928912641439e-02 -2.484270750812857254e-02 -1.314412923220235115e-03
1.705149671418164370e-02 -1.311960209282908227e-02 3.881947340217507814e-02
2.627691495216395029e-02 -2.293091640165531922e-02 6.530200107386929971e-03
2.300129488764748181e-02 -1.992945265559086659e-02 1.939373164003413072e-02
2.163592337142866001e-02 -1.825080329395132803e-02 2.510976016839328029e-02
2.356858782242476566e-02 -2.011036102144933210e-02 1.750260038172481158e-02
2.279958368740390290e-02 -1.761244139556029584e-02 1.973485560409414530e-02
2.313275162157705026e-02 -1.923518518781562256e-02 1.818580293307285253e-02
2.609214452658728187e-02 -2.256218407134876272e-02 7.288488009256114189e-03
2.367568067066712009e-02 -2.027911569905573377e-02 1.780746418138047862e-02
2.883105491512477636e-02 -2.620146729929534110e-02 -6.106900030734228706e-03
2.720333599267666172e-02 -2.438189112016296220e-02 3.535628846489515930e-03
2.577876457659321330e-02 -2.270669833402183535e-02 8.723940357101519702e-03
2.796036193358467786e-02 -2.535197642447965458e-02 -1.928021598699497996e-03
2.669953248828185396e-02 -2.450080346799281966e-02 7.005351359068137575e-04
2.679116519770061156e-02 -2.403055088444876197e-02 4.116673451348360976e-03
2.221830302675262270e-02 -1.810163941329018950e-02 2.089337363432998071e-02
2.561466251027793087e-02 -2.299567608569497504e-02 6.942241518125628376e-03
2.579917118008464086e-02 -2.272056945734938702e-02 8.652453123594085541e-03
2.909525912412816093e-02 -2.460457915789512201e-02 -1.060639961717258981e-02
2.614112492555387829e-02 -2.122053357658949119e-02 6.748332755327560162e-03
2.298249418935259872e-02 -1.999051539600688390e-02 1.940482626999835009e-02
2.816974990965920647e-02 -2.588142699729861426e-02 -2.904054243925692242e-03
2.779448655809786325e-02 -2.558252530974116853e-02 -2.963483567579262064e-03
2.905167470410400729e-02 -2.688597240728893625e-02 -6.795642386830396883e-03
2.594737267072082590e-02 -2.199086227792798262e-02 6.700975986189443984e-03
3.245644435598929456e-02 -3.075565756295671818e-02 -2.835402423399140462e-02
3.152191850691352104e-02 -2.821924818518339526e-02 -2.435271900531004938e-02
2.953535445402662163e-02 -2.729954576903634994e-02 -1.159608720250028188e-02
3.274277265231816114e-02 -3.110681956338009688e-02 -3.007668657562961173e-02
3.026146126542541767e-02 -2.854603798616424382e-02 -1.372115171631914897e-02
3.264547196931374268e-02 -3.141110275707102023e-02 -2.931110955480847879e-02
2.796512934228035860e-02 -2.542524454192607308e-02 -2.026889532057126690e-03
2.777124572757626655e-02 -2.507280422383730695e-02 -2.009858769795990624e-04
2.949463020338975727e-02 -2.764982709578916661e-02 -1.132719950139500324e-02
2.843481028009440734e-02 -2.587224011862800446e-02 -5.548121960100586315e-03
3.051735283970917478e-02 -2.881362044996934463e-02 -1.490546618123270335e-02
3.293469666824102443e-02 -3.108533993839250956e-02 -3.158371329191997368e-02
3.004022376940495426e-02 -2.777289094463352218e-02 -1.341635039384836761e-02
3.254882990520564789e-02 -3.060863680914672688e-02 -2.899073435130505860e-02
3.277364000669656663e-02 -3.133914243653620341e-02 -3.018075798340660865e-02
3.119941829439451877e-02 -2.974779524470469450e-02 -1.996950777639371066e-02
2.866794699649456712e-02 -2.621975900689805031e-02 -4.868604699116572260e-03
3.308598895638907578e-02 -3.112227565145786121e-02 -3.286572659163303212e-02
3.386623419671429269e-02 -3.255486620826544830e-02 -3.754059226266544952e-02
2.925190255989676066e-02 -2.701082509712740901e-02 -9.296377717385714834e-03
3.266406103871501154e-02 -3.036107142950077165e-02 -3.054215820622561625e-02
3.437994402948410522e-02 -3.331042060387085640e-02 -4.069790681181847253e-02
3.413819104504232232e-02 -3.300746031338288450e-02 -3.930529572669753946e-02
3.086322610076402614e-02 -2.935338517565173541e-02 -1.908670529060035523e-02
2.995114015132370813e-02 -2.777753575448194470e-02 -1.316373837236328725e-02
3.069945447783907488e-02 -2.898142237378694211e-02 -1.805849685906573895e-02
3.409716281600132931e-02 -3.308532074995442634e-02 -3.865561753694119612e-02
3.250422409813388813e-02 -2.965749255934036974e-02 -3.070249606309290863e-02
3.453392019440092858e-02 -3.361184634364547397e-02 -4.191008608092817306e-02
3.101496230852770000e-02 -2.950002952459852140e-02 -1.836029663120714028e-02
3.413232025789115359e-02 -3.326518928378358747e-02 -3.900372117412808509e-02
2.848766539169826292e-02 -2.607798947337512663e-02 -4.526274978341204326e-03
3.487014952523452560e-02 -3.404644561205517894e-02 -4.418177724894636893e-02
3.051054700842124878e-02 -2.883611801760609106e-02 -1.520688361513071289e-02
3.018735361606041806e-02 -2.845876811348837729e-02 -1.459604784053549278e-02
3.469996818851798365e-02 -3.386140080270389624e-02 -4.288667015700068502e-02
3.331880434820612413e-02 -3.231649651127647266e-02 -3.335937142085216439e-02
3.375579678666591754e-02 -3.290794862096507040e-02 -3.631815144005327844e-02
3.025948833684897338e-02 -2.861866345226627209e-02 -1.467588146591044737e-02
3.589926189872418710e-02 -3.547996456546233940e-02 -5.190246871635586373e-02
3.402519164099278987e-02 -3.286915742267750018e-02 -3.815893834881139979e-02
3.081764822703137938e-02 -2.923896743391413838e-02 -1.789987279633689643e-02
3.412794217612444975e-02 -3.306920115557295675e-02 -3.918665530585992846e-02
3.401987631211746133e-02 -3.309666070279528027e-02 -3.840939783837535315e-02
3.508953921312211316e-02 -3.450568759812833175e-02 -4.586237638246586090e-02
3.474499030579871611e-02 -3.406815966640715926e-02 -4.331379570739182089e-02
3.328021427199594207e-02 -3.230225805176758364e-02 -3.277993053869452528e-02
3.602385631650749376e-02 -3.564881486629261492e-02 -5.283434141795864680e-02
3.623496845174312142e-02 -3.603063723525466722e-02 -5.421932202797395683e-02
3.517973082141136881e-02 -3.442875228553395062e-02 -4.681394426751129406e-02
3.455265575175639481e-02 -3.374340833863106320e-02 -4.186143620392247799e-02
3.490328303075368455e-02 -3.406177631937619410e-02 -4.449041463845472555e-02
3.541393371435377913e-02 -3.484325701877884207e-02 -4.873009837755414714e-02
3.415285901605871061e-02 -3.344076987892139613e-02 -3.967087356200294651e-02
3.577809677583006914e-02 -3.547930529313944592e-02 -5.072374084368975328e-02
3.575453671974906239e-02 -3.532725069310645172e-02 -5.063614034721405921e-02
3.516067416002776475e-02 -3.467465966860139998e-02 -4.625610421628750801e-02
3.043354968578318789e-02 -2.882560436213322391e-02 -1.591839961069622250e-02
3.630139100277669090e-02 -3.611905914057286088e-02 -5.480610748657343406e-02
3.476754222478670164e-02 -3.405622084004883421e-02 -4.375393158245317882e-02
3.501006495532863610e-02 -3.428536704093155391e-02 -4.498334095140463229e-02
3.620984868504878440e-02 -3.606742427953277957e-02 -5.400070883278886014e-02
3.636124790732924578e-02 -3.623985522465875825e-02 -5.521953948289053810e-02
3.519051803334009160e-02 -3.474700091169059812e-02 -4.649522463340634987e-02
3.593583881547696840e-02 -3.568539143649194362e-02 -5.193157711741352989e-02
3.658231857466241049e-02 -3.646036844511749836e-02 -5.704195153528280465e-02
3.603771064053538226e-02 -3.569057661309321672e-02 -5.288205890700162920e-02
3.596447880184259344e-02 -3.573678057461330410e-02 -5.211527073560441592e-02
3.465409323650000400e-02 -3.391676993628801873e-02 -4.265719214495323347e-02
3.654738042394244102e-02 -3.641245861027735814e-02 -5.676120380285038652e-02
3.587684641881087877e-02 -3.546038848467142346e-02 -5.172602765590596230e-02
3.634645122844424453e-02 -3.619585672098219603e-02 -5.514513095618920474e-02
3.562289609622294045e-02 -3.532597642690590845e-02 -4.965366231166676997e-02
3.654707598740983276e-02 -3.646001249194950888e-02 -5.671006401360138144e-02
3.618973628141276128e-02 -3.602595123165451552e-02 -5.391382272606274478e-02
3.567795760181633608e-02 -3.531010333615282326e-02 -4.998759338544749714e-02
3.532135760449907347e-02 -3.494727922832020772e-02 -4.783539602110136596e-02
3.633994782710254362e-02 -3.622738060605728422e-02 -5.502719843422548135e-02
3.622408226280745408e-02 -3.611148785927557892e-02 -5.405405929684549415e-02
