-1.161974072456359863e+00 1.311277151107788086e+00
1.507264524698257446e-01 2.269840478897094727e+00
1.330415487289428711e+00 1.226177930831909180e+00
1.073478698730468750e+00 -1.116872310638427734e+00
1.400113463401794434e+00 1.198154091835021973e+00
-6.696344017982482910e-01 3.268515467643737793e-01
-1.260988831520080566e+00 1.099004626274108887e+00
3.787467479705810547e-01 -3.477849364280700684e-01
1.554378271102905273e-01 1.535512328147888184e+00
1.472240805625915527e+00 1.623388648033142090e+00
-7.736361026763916016e-01 8.809824585914611816e-01
-6.511207669973373413e-02 -1.348367333412170410e+00
-7.854954600334167480e-01 2.748069763183593750e-01
1.027242183685302734e+00 -1.696220487356185913e-01
1.993004560470581055e+00 -2.163540273904800415e-01
9.728575944900512695e-01 1.125941276550292969e+00
9.650654196739196777e-01 -1.353917837142944336e+00
-2.887453556060791016e+00 4.818413555622100830e-01
-8.747380375862121582e-01 7.909741401672363281e-01
-1.499242067337036133e+00 -8.332514762878417969e-01
-1.703557074069976807e-01 -1.179425239562988281e+00
1.152560338377952576e-01 3.944382816553115845e-02
-8.305141925811767578e-01 3.081003129482269287e-01
-6.059303283691406250e-01 -1.192856803536415100e-01
-7.071042060852050781e-01 -4.893973469734191895e-01
1.614081382751464844e+00 1.806742846965789795e-01
-1.649833679199218750e+00 1.877587795257568359e+00
1.705285191535949707e+00 -1.248014092445373535e+00
1.803042292594909668e-01 -1.029911637306213379e+00
-7.115859389305114746e-01 9.381636381149291992e-01
-6.594247221946716309e-01 1.328725218772888184e+00
-8.352875709533691406e-01 5.300916433334350586e-01
5.999857783317565918e-01 8.838764578104019165e-02
3.265433609485626221e-01 1.838314652442932129e+00
-2.714440822601318359e-01 9.952921271324157715e-01
1.639286428689956665e-01 5.744591951370239258e-01
-3.916839361190795898e-01 1.187657833099365234e+00
-2.865638732910156250e-01 3.107432425022125244e-01
3.006263077259063721e-01 -6.392071247100830078e-01
-8.601346611976623535e-01 1.262940168380737305e+00
2.584137678146362305e+00 6.264814138412475586e-01
2.911685593426227570e-02 6.958402395248413086e-01
1.551003694534301758e+00 -1.554480314254760742e+00
-1.152925014495849609e+00 -6.756879091262817383e-01
-1.104816555976867676e+00 -2.548109292984008789e-01
2.065739870071411133e+00 -2.643096148967742920e-01
-2.246140837669372559e-01 5.168743729591369629e-01
-5.145705342292785645e-01 1.482941031455993652e+00
-5.106157660484313965e-01 -5.570495128631591797e-01
-1.517880082130432129e+00 -1.572821855545043945e+00
6.629902720451354980e-01 1.415773183107376099e-01
-1.484885931015014648e+00 7.431259751319885254e-01
-6.036514639854431152e-01 4.493238031864166260e-01
-2.564837634563446045e-01 -1.392083644866943359e+00
1.374831676483154297e+00 1.857722640037536621e+00
-1.094743847846984863e+00 -8.979632705450057983e-02
-8.194355964660644531e-01 1.034510508179664612e-01
9.688537120819091797e-01 2.678820192813873291e-01
-7.748131155967712402e-01 -9.509365558624267578e-01
1.713153123855590820e+00 4.173477590084075928e-01
4.502015113830566406e-01 6.491991877555847168e-02
-2.616742610931396484e+00 3.437555953860282898e-02
2.936411881819367409e-03 1.754852056503295898e+00
-9.923427104949951172e-01 2.978049516677856445e-01
-2.016818523406982422e+00 2.635390460491180420e-01
3.589512407779693604e-01 2.363106310367584229e-01
4.807508587837219238e-01 2.809735536575317383e-01
1.125430226325988770e+00 4.575701430439949036e-03
7.136207818984985352e-01 1.610984921455383301e+00
-1.103165149688720703e-01 -5.832836627960205078e-01
1.191371977329254150e-01 3.929058015346527100e-01
-2.310786098241806030e-01 -5.864644646644592285e-01
1.856024861335754395e+00 7.669378519058227539e-01
1.433047890663146973e+00 1.096463128924369812e-01
1.659763455390930176e+00 -1.623842567205429077e-01
3.268773257732391357e-01 7.523023486137390137e-01
-2.739736139774322510e-01 9.351522475481033325e-02
-1.636636018753051758e+00 -3.307443618774414062e+00
9.292820692062377930e-01 -2.759071826934814453e+00
-2.918585240840911865e-01 -1.098076343536376953e+00
1.088158130645751953e+00 6.265819072723388672e-01
-2.272286862134933472e-01 -1.141975879669189453e+00
-3.810692727565765381e-01 -6.861255168914794922e-01
2.767643034458160400e-01 4.904618263244628906e-01
1.377402186393737793e+00 -8.750448822975158691e-01
3.297085165977478027e-01 -1.000450015068054199e+00
7.935281991958618164e-01 -7.740426659584045410e-01
5.208701491355895996e-01 3.202196359634399414e-01
7.079656124114990234e-01 -6.149715185165405273e-01
-8.222283124923706055e-01 2.708799839019775391e-01
-1.184052944183349609e+00 1.618134140968322754e+00
2.065595149993896484e+00 1.747373461723327637e+00
1.142498016357421875e+00 1.891838788986206055e+00
-1.134625554084777832e+00 -8.797011971473693848e-01
7.783080339431762695e-01 1.286916255950927734e+00
2.574838101863861084e-01 9.998676776885986328e-01
7.678523659706115723e-02 -8.070619404315948486e-02
-7.402114570140838623e-02 -2.920131087303161621e-01
-1.637392520904541016e+00 1.676544427871704102e+00
2.077141851186752319e-01 1.718094587326049805e+00
4.623379111289978027e-01 4.025486111640930176e-01
1.824979901313781738e+00 1.725910604000091553e-01
-5.246577262878417969e-01 -5.352857708930969238e-01
-1.409998893737792969e+00 1.875928044319152832e-01
-1.481606125831604004e+00 1.851008981466293335e-01
3.500848710536956787e-01 7.364343404769897461e-01
-8.380893617868423462e-02 2.960619330406188965e-01
2.254707068204879761e-01 1.016608357429504395e+00
-1.516075491905212402e+00 2.302084445953369141e+00
-4.516389966011047363e-01 8.516231775283813477e-01
1.484021186828613281e+00 -1.871327996253967285e+00
-4.145014584064483643e-01 9.570057988166809082e-01
-8.188347518444061279e-02 -2.603140473365783691e-01
5.156613588333129883e-01 -1.322283148765563965e+00
1.494252562522888184e+00 -9.729030728340148926e-02
-8.587264418601989746e-01 1.732038497924804688e+00
9.721513390541076660e-01 1.838904619216918945e-01
5.645473953336477280e-03 -1.022110939025878906e+00
-6.706102937459945679e-02 -6.776130795478820801e-01
-3.005339801311492920e-01 6.846418380737304688e-01
-1.573246240615844727e+00 -1.345920920372009277e+00
-9.261251986026763916e-02 3.653410077095031738e-01
-7.477385550737380981e-02 -2.333843410015106201e-01
-6.798073053359985352e-01 2.324697256088256836e+00
1.599931597709655762e+00 -1.614975333213806152e-01
7.229856401681900024e-02 1.143700957298278809e+00
3.694097697734832764e-01 4.934665262699127197e-01
1.327606081962585449e+00 1.147304400801658630e-01
-6.649177670478820801e-01 1.570951193571090698e-02
-1.121025681495666504e+00 5.837994813919067383e-01
-3.838996589183807373e-01 -6.905683875083923340e-01
1.449555158615112305e+00 -3.943810462951660156e-01
7.254005670547485352e-01 -1.073371767997741699e+00
9.207040071487426758e-01 6.956944465637207031e-01
5.320599302649497986e-02 1.762125253677368164e+00
2.933039963245391846e-01 2.314978599548339844e+00
-1.525010824203491211e+00 -1.385700821876525879e+00
1.205641508102416992e+00 -1.944028735160827637e-01
-4.952911734580993652e-01 1.020732522010803223e-01
1.493109464645385742e+00 -8.660178780555725098e-01
-1.511208057403564453e+00 -1.184762120246887207e+00
-1.870327949523925781e+00 1.648998856544494629e-01
-1.867053866386413574e+00 -1.828922271728515625e+00
-1.062551856040954590e+00 7.077789306640625000e-01
-1.210407614707946777e+00 2.384063899517059326e-01
5.240869894623756409e-02 -3.896396756172180176e-01
-1.984260439872741699e+00 -1.899703443050384521e-01
-2.062425851821899414e+00 7.460941672325134277e-01
-2.105698138475418091e-01 -6.785328984260559082e-01
-1.038565397262573242e+00 -1.713487207889556885e-01
5.275974869728088379e-01 -1.641677856445312500e+00
-8.428087234497070312e-01 -2.074813604354858398e+00
-8.322816491127014160e-01 9.752139449119567871e-01
-1.990908682346343994e-01 7.486177086830139160e-01
-9.570304751396179199e-01 1.053376436233520508e+00
8.338050246238708496e-01 -1.417634725570678711e+00
-1.046204492449760437e-01 9.715111255645751953e-01
1.028946518898010254e+00 9.139377474784851074e-01
5.063951015472412109e-01 6.499122083187103271e-02
3.369366517290472984e-03 7.747025042772293091e-02
-9.279302954673767090e-01 1.217132329940795898e+00
1.263529300689697266e+00 1.758041530847549438e-01
-1.317984461784362793e-01 -4.582859575748443604e-01
1.067954540252685547e+00 9.132508933544158936e-02
-5.529056787490844727e-01 -3.212744602933526039e-03
-1.538399815559387207e+00 8.410674333572387695e-01
5.055638551712036133e-01 -1.300452709197998047e+00
-9.085392355918884277e-01 1.333109855651855469e+00
1.447954773902893066e-01 2.173340559005737305e+00
-1.568949222564697266e+00 6.202546879649162292e-02
7.408958859741687775e-03 6.455022692680358887e-01
-5.391085743904113770e-01 -1.268229603767395020e+00
8.877894878387451172e-01 3.668668866157531738e-01
-7.002125978469848633e-01 -2.174921631813049316e-01
1.776863813400268555e+00 1.520408272743225098e+00
5.380032658576965332e-01 9.984841346740722656e-01
1.309200048446655273e+00 -8.514395356178283691e-02
-1.413276910781860352e+00 -7.623188495635986328e-01
1.594031214714050293e+00 4.691188037395477295e-01
8.146064281463623047e-01 4.624173939228057861e-01
-5.048125386238098145e-01 -1.167981982231140137e+00
-2.080797851085662842e-01 7.111358046531677246e-01
2.118248045444488525e-01 1.542981982231140137e+00
-4.089982509613037109e-01 5.424314737319946289e-02
1.419720649719238281e+00 -4.488485157489776611e-01
5.195921659469604492e-01 -7.118453979492187500e-01
-7.563199400901794434e-01 8.379943370819091797e-01
-8.556782007217407227e-01 4.661293625831604004e-01
-1.774800658226013184e+00 -2.576515972614288330e-01
1.342830896377563477e+00 -1.133164018392562866e-01
-8.676285147666931152e-01 -1.344732165336608887e+00
6.293177604675292969e-01 -3.294085860252380371e-01
-1.244115084409713745e-01 1.448386192321777344e+00
-6.024760603904724121e-01 -4.340040683746337891e-01
1.226029157638549805e+00 1.206653475761413574e+00
7.898148298263549805e-01 6.742550134658813477e-01
-4.196060597896575928e-01 6.050468683242797852e-01
-8.289998173713684082e-01 -5.876282453536987305e-01
-7.837996482849121094e-01 -1.546334147453308105e+00
-2.157377302646636963e-01 2.331600427627563477e+00
2.750792026519775391e+00 1.649578213691711426e+00
3.366511166095733643e-01 6.612389683723449707e-01
2.603828430175781250e+00 1.067546248435974121e+00
-1.135328769683837891e+00 -3.288837894797325134e-02
4.577642679214477539e-01 1.798787236213684082e+00
1.225291967391967773e+00 -4.342982172966003418e-01
1.733462691307067871e+00 7.571253776550292969e-01
9.283743500709533691e-01 4.668104648590087891e-02
-1.367677569389343262e+00 5.468695163726806641e-01
-1.793683052062988281e+00 2.642301321029663086e-01
-1.847740292549133301e+00 1.369772911071777344e+00
-9.326156973838806152e-02 -1.470039963722229004e+00
1.611349105834960938e+00 6.712267398834228516e-01
-1.522422879934310913e-01 -2.017402350902557373e-01
-1.154757976531982422e+00 -6.011162996292114258e-01
-2.390597313642501831e-01 -6.723364591598510742e-01
-1.113494515419006348e+00 6.490581035614013672e-01
6.535459160804748535e-01 7.479621767997741699e-01
1.279545545578002930e+00 5.712146162986755371e-01
2.083513885736465454e-01 2.843626216053962708e-02
6.204431653022766113e-01 -7.399743795394897461e-01
-1.123738169670104980e+00 -3.900913894176483154e-02
-1.017758250236511230e+00 -5.502730011940002441e-01
1.518648266792297363e-01 -9.245998263359069824e-01
3.556921184062957764e-01 1.508766770362854004e+00
-1.093087196350097656e+00 -1.069290995597839355e+00
1.103126332163810730e-01 7.205537557601928711e-01
-1.336639404296875000e+00 9.540597796440124512e-01
9.924264550209045410e-01 3.085471689701080322e-01
1.048100832849740982e-02 -7.243264466524124146e-02
-5.221321433782577515e-02 -2.035441160202026367e+00
-1.191600561141967773e+00 6.676857471466064453e-01
-9.830794334411621094e-01 -1.137482404708862305e+00
-4.560187160968780518e-01 1.210663676261901855e+00
-1.893176436424255371e+00 7.605060338973999023e-01
-3.345384597778320312e-01 -1.304582715034484863e+00
-1.105265736579895020e+00 5.968618765473365784e-02
-3.604332804679870605e-01 7.293360829353332520e-01
7.139501571655273438e-01 2.179149985313415527e-01
5.113573670387268066e-01 -8.723703026771545410e-01
2.744881808757781982e-01 -7.303617596626281738e-01
-3.979777097702026367e-01 7.410855293273925781e-01
-1.107169389724731445e+00 5.233275890350341797e-01
1.083471477031707764e-01 -8.776965141296386719e-01
6.299227476119995117e-01 4.853850901126861572e-01
1.683118343353271484e-01 -1.096180438995361328e+00
3.342578709125518799e-01 2.199803113937377930e+00
-8.016492128372192383e-01 -7.640206217765808105e-01
2.578922510147094727e+00 4.091108441352844238e-01
1.276753306388854980e+00 -2.792740464210510254e-01
-1.928851008415222168e+00 -8.093703985214233398e-01
-9.787462353706359863e-01 2.785504102706909180e+00
6.284481883049011230e-01 -6.128338575363159180e-01
1.824088245630264282e-01 -1.741774320602416992e+00
1.086274266242980957e+00 2.935869991779327393e-01
1.262452304363250732e-01 -4.157842993736267090e-01
7.354231178760528564e-02 -2.931661903858184814e-01
8.867198228836059570e-01 -1.859525084495544434e+00
1.320771098136901855e+00 -2.897281050682067871e-01
-3.125420510768890381e-01 1.331396341323852539e+00
7.531707882881164551e-01 7.323072552680969238e-01
-4.989385604858398438e-01 -1.253418207168579102e+00
5.330443978309631348e-01 -1.321449160575866699e+00
-1.463685870170593262e+00 -1.564725339412689209e-01
1.284581571817398071e-01 -3.131676018238067627e-01
-1.034336924552917480e+00 -1.150313019752502441e+00
-8.571246266365051270e-01 3.484372794628143311e-01
-8.509852290153503418e-01 -5.610307455062866211e-01
2.669743776321411133e+00 -1.302756071090698242e+00
-1.753982067108154297e+00 -5.523114204406738281e-01
-6.340431571006774902e-01 -1.684097349643707275e-01
1.263622343540191650e-01 1.915313303470611572e-01
1.893495678901672363e+00 3.777728676795959473e-01
-1.520247161388397217e-01 2.020994722843170166e-01
8.766475319862365723e-02 4.366093501448631287e-02
1.430367946624755859e+00 4.574300646781921387e-01
-3.611753284931182861e-01 -1.627773232758045197e-02
-9.302775263786315918e-01 5.082730650901794434e-01
-1.010721564292907715e+00 2.193421125411987305e-01
-1.803142905235290527e+00 -2.398136109113693237e-01
-1.520804405212402344e+00 1.514423340559005737e-01
1.269291788339614868e-01 -9.607089757919311523e-01
5.249875783920288086e-01 1.118419170379638672e+00
-1.681704998016357422e+00 -1.588122844696044922e+00
1.022240757942199707e+00 1.728467047214508057e-01
-1.302275180816650391e+00 6.551513075828552246e-01
1.708581447601318359e+00 5.091418027877807617e-01
-1.561866104602813721e-01 -1.557415127754211426e-01
1.125756502151489258e+00 4.744002223014831543e-01
-1.466219902038574219e+00 -7.113103270530700684e-01
4.576733708381652832e-01 7.843812704086303711e-01
7.698192447423934937e-02 1.876025348901748657e-01
5.276694893836975098e-01 2.029406428337097168e-01
-1.000320911407470703e+00 -1.205632448196411133e+00
-7.801758050918579102e-01 3.677317500114440918e-02
-4.155166447162628174e-01 4.559432268142700195e-01
-1.220694184303283691e+00 2.476129293441772461e+00
7.341793179512023926e-02 7.526460289955139160e-01
4.042178392410278320e-01 -9.663242101669311523e-01
1.242242217063903809e+00 -1.743470579385757446e-01
-6.759466528892517090e-01 1.291973888874053955e-01
-1.231385231018066406e+00 8.664216846227645874e-02
-1.016304492950439453e+00 -5.928867459297180176e-01
1.468420386314392090e+00 -1.304098367691040039e+00
1.722233772277832031e+00 4.032215774059295654e-01
1.538822293281555176e+00 -2.607755661010742188e-01
2.791862487792968750e-01 5.233681201934814453e-01
8.451266884803771973e-01 4.830188453197479248e-01
4.513152241706848145e-01 -4.301576018333435059e-01
-1.575421988964080811e-01 4.034956991672515869e-01
-5.919879078865051270e-01 -1.433396100997924805e+00
4.311470389366149902e-01 5.481930375099182129e-01
4.186496734619140625e-01 1.241513490676879883e+00
1.548968315124511719e+00 2.115298062562942505e-01
8.748879432678222656e-01 2.177126169204711914e+00
6.751946806907653809e-01 -5.702025443315505981e-02
-8.549093604087829590e-01 -1.818216681480407715e+00
-5.859419703483581543e-01 -2.150610238313674927e-01
3.301198184490203857e-01 -9.198181033134460449e-01
1.234291911125183105e+00 -4.239015877246856689e-01
1.006746172904968262e+00 -7.077099680900573730e-01
1.128982782363891602e+00 1.735237956047058105e+00
-4.983647167682647705e-01 2.417434304952621460e-01
5.113782882690429688e-01 -1.016865491867065430e+00
3.658645972609519958e-02 7.216376066207885742e-02
-1.158119291067123413e-01 -6.463142037391662598e-01
4.613796994090080261e-02 6.185396313667297363e-01
2.145484387874603271e-01 8.952357769012451172e-01
-6.289770007133483887e-01 6.985762119293212891e-01
3.878868818283081055e-01 1.021448224782943726e-01
-8.401863574981689453e-01 -5.612018704414367676e-01
4.693719148635864258e-01 1.722030639648437500e-01
4.273753166198730469e-01 -4.546277821063995361e-01
-3.309519886970520020e-01 9.305758476257324219e-01
-1.314317703247070312e+00 5.345873832702636719e-01
-1.446974277496337891e+00 -1.609147310256958008e+00
-1.418438076972961426e+00 1.014750957489013672e+00
-2.451930046081542969e-01 3.146699965000152588e-01
1.261257410049438477e+00 3.432554751634597778e-02
1.076711058616638184e+00 -2.129308938980102539e+00
-1.401259183883666992e+00 1.524767994880676270e+00
-8.448781371116638184e-01 9.193812608718872070e-01
4.032062888145446777e-01 6.966945528984069824e-01
-1.561681985855102539e+00 -9.983907938003540039e-01
1.030827283859252930e+00 -7.054467797279357910e-01
3.166186094284057617e+00 7.324243187904357910e-01
6.172476410865783691e-01 -6.765958070755004883e-01
-1.296569347381591797e+00 -5.010485053062438965e-01
-1.069723010063171387e+00 -7.055926918983459473e-01
1.033516049385070801e+00 -2.019640803337097168e-01
-3.543508350849151611e-01 1.172307372093200684e+00
1.515244245529174805e+00 -7.497447729110717773e-01
-2.866490483283996582e-01 -1.861421823501586914e+00
-2.514163851737976074e-01 4.396383464336395264e-01
-4.039409458637237549e-01 -1.057460427284240723e+00
6.568362712860107422e-01 -9.754176139831542969e-01
-1.433186769485473633e+00 1.982688188552856445e+00
-2.953736484050750732e-01 -1.970592617988586426e+00
7.589400410652160645e-01 1.258242964744567871e+00
-7.091242671012878418e-01 1.362615346908569336e+00
3.288609534502029419e-02 3.184850215911865234e-01
3.916379511356353760e-01 6.791228055953979492e-02
-7.893825173377990723e-01 6.457625031471252441e-01
-5.405491590499877930e-01 -1.739323496818542480e+00
-2.394901514053344727e-01 -1.510824322700500488e+00
-1.263070940971374512e+00 1.575065732002258301e+00
1.138900876045227051e+00 7.141386270523071289e-01
1.656643897294998169e-01 -3.356567323207855225e-01
-1.401571989059448242e+00 2.679336667060852051e-01
2.025932788848876953e+00 3.381794393062591553e-01
6.140073537826538086e-01 6.296345591545104980e-01
-1.041261792182922363e+00 7.815439701080322266e-01
1.598462104797363281e+00 4.203040599822998047e-01
1.607237756252288818e-01 -2.589223384857177734e+00
-8.317969441413879395e-01 2.091795444488525391e+00
-1.480400204658508301e+00 -6.134225130081176758e-01
1.965790271759033203e+00 9.302583336830139160e-01
5.641279742121696472e-02 -4.479050934314727783e-01
1.909662485122680664e-01 -5.043051019310951233e-02
1.220997571945190430e+00 -1.168960571289062500e+00
-5.755869150161743164e-01 -5.189269185066223145e-01
-4.694341123104095459e-01 -1.120847105979919434e+00
-3.458126783370971680e-01 -5.720189213752746582e-01
-9.952999353408813477e-01 7.600575089454650879e-01
5.530933737754821777e-01 5.948979258537292480e-01
-4.965307414531707764e-01 -1.107514977455139160e+00
-1.065415620803833008e+00 7.785168886184692383e-01
1.387009143829345703e+00 2.135390996932983398e+00
1.940370500087738037e-01 3.719419836997985840e-01
-1.390069127082824707e+00 -1.934938579797744751e-01
8.323812484741210938e-01 1.847306728363037109e+00
-1.116825819015502930e+00 2.345147728919982910e-01
-5.146235823631286621e-01 5.903646349906921387e-01
-3.164314925670623779e-01 1.698014497756958008e+00
-4.590956866741180420e-01 4.316650927066802979e-01
1.354976654052734375e+00 3.941423445940017700e-02
-1.716899752616882324e+00 -1.387414813041687012e+00
1.018643736839294434e+00 1.484718680381774902e+00
-5.047941207885742188e-02 -1.220814883708953857e-01
-3.170337155461311340e-02 -6.367467045783996582e-01
3.962162435054779053e-01 2.741320431232452393e-01
3.910719603300094604e-02 1.007035851478576660e+00
-4.838970601558685303e-01 8.920707106590270996e-01
-5.085021853446960449e-01 6.400156617164611816e-01
1.444179892539978027e+00 1.021522641181945801e+00
-8.022875189781188965e-01 -4.647780656814575195e-01
-1.727447658777236938e-01 -5.699300169944763184e-01
-1.185296058654785156e+00 7.819976210594177246e-01
-1.344281673431396484e+00 -6.538349390029907227e-02
1.174234867095947266e+00 5.537599325180053711e-01
-4.795731008052825928e-01 -9.289044737815856934e-01
9.660677313804626465e-01 -4.527684301137924194e-02
8.941370248794555664e-01 -1.062870264053344727e+00
-1.371281981468200684e+00 6.477640867233276367e-01
1.701047897338867188e+00 -2.020868778228759766e+00
5.049203038215637207e-01 9.088234901428222656e-01
-3.534308820962905884e-02 5.636925697326660156e-01
-4.918746054172515869e-01 6.068378686904907227e-01
-1.904270529747009277e+00 5.714816451072692871e-01
4.146831631660461426e-01 -5.839254260063171387e-01
-5.674528479576110840e-01 -4.047994613647460938e-01
-5.536682605743408203e-01 9.958225488662719727e-01
1.567683666944503784e-01 -1.033609732985496521e-01
-9.435953497886657715e-01 -2.324386835098266602e-01
1.615002274513244629e+00 -5.873435139656066895e-01
1.072502613067626953e+00 1.907142996788024902e+00
-8.281394839286804199e-01 -3.971273899078369141e-01
-6.472780108451843262e-01 1.252169609069824219e+00
4.584296643733978271e-01 -2.051438093185424805e+00
5.238947868347167969e-01 -4.856240451335906982e-01
-1.336045414209365845e-01 1.391378283500671387e+00
2.585044875741004944e-02 -1.412858009338378906e+00
7.908205986022949219e-01 -1.402550935745239258e+00
6.177885532379150391e-01 9.996721744537353516e-01
5.622544288635253906e-01 1.836565852165222168e+00
-1.140461921691894531e+00 8.333153128623962402e-01
2.787047922611236572e-01 1.881490588188171387e+00
7.849814891815185547e-01 -1.219627141952514648e+00
-2.443820238113403320e+00 -1.049300432205200195e+00
-9.317810535430908203e-01 1.478187680244445801e+00
-1.902117848396301270e+00 9.673984050750732422e-01
-3.850314021110534668e-01 -9.033255577087402344e-01
-9.043184667825698853e-02 5.941209197044372559e-01
-5.682092905044555664e-01 1.879831314086914062e+00
-1.218058466911315918e+00 1.036867946386337280e-01
-8.725115060806274414e-01 -4.801191091537475586e-01
7.649526596069335938e-01 1.746221184730529785e+00
3.855589628219604492e-01 -1.600303173065185547e+00
-1.040084004402160645e+00 -5.029713362455368042e-02
-1.466631591320037842e-01 2.764051198959350586e+00
-2.257294058799743652e-01 -9.421415627002716064e-02
1.271903157234191895e+00 1.918466985225677490e-01
5.743123963475227356e-02 3.738611638545989990e-01
-3.503195941448211670e-01 -2.174087047576904297e+00
-1.476925015449523926e+00 1.260384082794189453e+00
1.723531782627105713e-01 1.500973463058471680e+00
3.257610797882080078e-01 -1.268631339073181152e+00
7.504347562789916992e-01 3.474566638469696045e-01
-2.939365804195404053e-01 -5.159769058227539062e-01
1.528880298137664795e-01 -1.380287528038024902e+00
1.317414283752441406e+00 -6.320428848266601562e-01
-8.029844760894775391e-01 3.865095674991607666e-01
1.368651390075683594e-01 -5.332554504275321960e-02
1.695451736450195312e+00 2.531832933425903320e+00
3.090906739234924316e-01 1.600253046490252018e-03
7.776518464088439941e-01 1.896868705749511719e+00
1.741252094507217407e-02 4.607770442962646484e-01
4.094905778765678406e-02 -6.975160241127014160e-01
-2.434643954038619995e-01 1.887968331575393677e-01
-1.043995976448059082e+00 -7.327451705932617188e-01
-4.307426214218139648e-01 -6.760510206222534180e-01
-6.340790390968322754e-01 -6.703878045082092285e-01
4.592038393020629883e-01 7.164292931556701660e-01
-2.796715736389160156e+00 2.836156785488128662e-01
9.895466566085815430e-01 -1.167637228965759277e+00
-7.979773879051208496e-01 1.000894665718078613e+00
1.655316829681396484e+00 1.276913166046142578e+00
9.512574076652526855e-01 9.295990467071533203e-01
-8.466252684593200684e-01 3.006263375282287598e-01
4.444012939929962158e-01 1.714662909507751465e+00
9.840901941061019897e-02 -6.952942609786987305e-01
8.650217056274414062e-01 4.283508658409118652e-01
-2.230523824691772461e+00 -2.262179255485534668e-01
1.978827416896820068e-01 -1.807832717895507812e-01
-1.003521323204040527e+00 1.226804107427597046e-01
9.683213829994201660e-01 -1.191763281822204590e+00
2.195663928985595703e+00 -4.717620313167572021e-01
2.900880575180053711e-01 -4.300562739372253418e-01
-1.675245165824890137e+00 7.016478180885314941e-01
-1.467031002044677734e+00 -4.488793313503265381e-01
-4.825001955032348633e-01 -1.320371270179748535e+00
1.194046258926391602e+00 4.761989116668701172e-01
-4.165969192981719971e-01 1.996123492717742920e-01
-1.885598421096801758e+00 -7.741774916648864746e-01
1.209707260131835938e-01 3.978418409824371338e-01
1.768730163574218750e+00 1.152900338172912598e+00
-1.391767024993896484e+00 4.372518658638000488e-01
5.987083911895751953e-01 6.207032799720764160e-01
3.586304187774658203e-01 8.410316109657287598e-01
1.687525868415832520e+00 -4.050685167312622070e-01
7.902387380599975586e-01 3.925441578030586243e-02
4.430801272392272949e-01 -9.179692864418029785e-01
1.206362605094909668e+00 -1.547651410102844238e+00
8.419128060340881348e-01 -1.025656938552856445e+00
-6.255860924720764160e-01 2.120224237442016602e+00
6.327357888221740723e-01 1.028544545173645020e+00
-2.697281539440155029e-01 -2.638286650180816650e-01
7.708554267883300781e-01 -7.458067685365676880e-02
-9.278398156166076660e-01 6.932271718978881836e-01
-1.093793034553527832e+00 4.830015599727630615e-01
7.582762241363525391e-01 1.420791447162628174e-01
9.838175177574157715e-01 8.470429480075836182e-02
-8.161217570304870605e-01 1.232111334800720215e+00
3.272700905799865723e-01 -8.238198161125183105e-01
-1.506512999534606934e+00 3.115715265274047852e+00
9.235517382621765137e-01 -7.053386569023132324e-01
1.255484223365783691e+00 -1.532858967781066895e+00
-5.129409432411193848e-01 4.734669923782348633e-01
-2.975619733333587646e-01 -7.988758087158203125e-01
-7.893341779708862305e-01 4.670686721801757812e-01
-6.610783934593200684e-01 -6.124541759490966797e-01
-1.542316436767578125e+00 -3.797428011894226074e-01
-5.010583996772766113e-01 1.772259622812271118e-01
-1.104982376098632812e+00 -5.069611072540283203e-01
1.049667119979858398e+00 9.120543599128723145e-01
-6.698238253593444824e-01 -1.705022454261779785e+00
-6.986545771360397339e-02 2.318219989538192749e-01
-1.735325753688812256e-01 2.572072744369506836e-01
9.617337584495544434e-01 -1.381359577178955078e+00
-3.715510964393615723e-01 -7.900325655937194824e-01
7.780388928949832916e-03 3.308682441711425781e-01
6.597434878349304199e-01 -9.226372838020324707e-02
6.692469120025634766e-02 -5.196717381477355957e-01
-3.557855263352394104e-02 -7.535238862037658691e-01
-1.498733311891555786e-01 -1.091420054435729980e+00
-4.108663797378540039e-01 -1.621921777725219727e+00
-1.154527544975280762e+00 8.482319116592407227e-01
1.348327159881591797e+00 1.242232680320739746e+00
-4.218895137310028076e-01 6.894101947546005249e-02
6.097562313079833984e-01 1.242792606353759766e+00
6.791695356369018555e-01 9.494348764419555664e-01
-1.532564043998718262e+00 1.848922371864318848e+00
-8.435240983963012695e-01 -7.990507036447525024e-02
1.511626482009887695e+00 -2.493777498602867126e-02
-9.300671815872192383e-01 9.897171854972839355e-01
1.359597802162170410e+00 4.299905896186828613e-01
-1.633492559194564819e-01 7.144281268119812012e-02
-8.237187564373016357e-02 -2.888792566955089569e-02
1.048238947987556458e-01 4.081975221633911133e-01
4.173319339752197266e-01 4.281644821166992188e-01
1.704968452453613281e+00 -9.391360729932785034e-02
1.541752368211746216e-01 9.570137262344360352e-01
7.062902450561523438e-01 -2.026170492172241211e+00
-1.530664682388305664e+00 -2.677827775478363037e-01
3.566050529479980469e-01 8.121184706687927246e-01
-4.072160720825195312e-01 -1.026200771331787109e+00
-6.888111233711242676e-01 -1.039144635200500488e+00
-1.970864176750183105e+00 3.903216421604156494e-01
5.117831826210021973e-01 1.184022650122642517e-01
5.343286395072937012e-01 -1.727415025234222412e-01
-8.487612009048461914e-02 -1.516668558120727539e+00
-8.357295989990234375e-01 -9.837531447410583496e-01
-1.713016182184219360e-01 3.366169035434722900e-01
-7.414410710334777832e-01 1.554682970046997070e+00
1.647608160972595215e+00 1.059027671813964844e+00
-5.421935319900512695e-01 1.073062941431999207e-01
-3.245065733790397644e-02 1.781400084495544434e+00
-4.950723052024841309e-01 -1.208810880780220032e-02
1.232525110244750977e-01 -1.326557874679565430e+00
-6.013733744621276855e-01 -2.937147021293640137e-01
6.839522719383239746e-01 1.011045202612876892e-01
-1.050825834274291992e+00 -4.133482649922370911e-02
-2.880206406116485596e-01 -8.766372203826904297e-01
-1.438731402158737183e-01 -9.992249310016632080e-02
5.143889784812927246e-01 -8.904114961624145508e-01
1.094410657882690430e+00 -3.671712055802345276e-02
-5.206734538078308105e-01 -2.466294050216674805e+00
-1.302357673645019531e+00 -4.062370061874389648e-01
-2.881857454776763916e-01 1.438234925270080566e+00
9.171432852745056152e-01 -4.994903802871704102e-01
-7.284334301948547363e-01 1.300769686698913574e+00
-2.951195277273654938e-02 2.490571737289428711e-01
1.294264197349548340e+00 -5.735619664192199707e-01
2.605754137039184570e+00 1.808762788772583008e+00
1.052160501480102539e+00 1.272478461265563965e+00
-1.484339952468872070e+00 -8.429607152938842773e-01
-1.254005730152130127e-01 1.467194557189941406e+00
1.265208423137664795e-01 -7.230770587921142578e-02
3.633173406124114990e-01 2.315051406621932983e-01
4.179980754852294922e-01 -8.970170021057128906e-01
-3.313629329204559326e-01 -7.648928761482238770e-01
-1.791434884071350098e-01 -2.541518807411193848e-01
5.964626073837280273e-01 7.382718920707702637e-01
-8.357064127922058105e-01 1.769825667142868042e-01
-7.765264511108398438e-01 8.486023545265197754e-02
8.127387166023254395e-01 -6.384648084640502930e-01
-1.449728608131408691e+00 1.469288468360900879e+00
2.836390018463134766e+00 -1.178913593292236328e+00
1.879002451896667480e-01 -1.414669275283813477e+00
1.765475273132324219e-01 2.077517956495285034e-01
5.330814719200134277e-01 1.308011710643768311e-01
8.203931897878646851e-02 -3.904773890972137451e-01
-1.771030426025390625e-01 -2.403665930032730103e-01
-1.955054402351379395e-01 -1.719127781689167023e-02
-1.304471135139465332e+00 8.598834276199340820e-01
3.896113932132720947e-01 -8.620477318763732910e-01
4.867423176765441895e-01 -6.943184733390808105e-01
-2.162390708923339844e+00 7.080776691436767578e-01
-4.980921745300292969e-01 2.250625342130661011e-01
6.118510365486145020e-01 4.232753813266754150e-01
-1.785631775856018066e+00 -3.769105970859527588e-01
-1.050105452537536621e+00 3.928652405738830566e-01
1.176271438598632812e+00 1.285668492317199707e+00
1.063361838459968567e-01 -7.076047062873840332e-01
1.221245527267456055e+00 -2.351915091276168823e-01
1.079976558685302734e+00 -2.026666849851608276e-01
-3.186380863189697266e-01 4.937045276165008545e-02
2.302631139755249023e+00 -1.440500020980834961e+00
1.031162261962890625e+00 -5.788828730583190918e-01
-2.196711450815200806e-01 -7.663665413856506348e-01
3.521871194243431091e-02 2.153816223144531250e+00
1.435499072074890137e+00 3.303037881851196289e-01
5.772068500518798828e-01 3.581458330154418945e-01
6.254759430885314941e-01 -7.536779046058654785e-01
-5.354980826377868652e-01 2.698659598827362061e-01
1.166852474212646484e+00 -1.359928846359252930e+00
3.856778740882873535e-01 -1.439342856407165527e+00
-3.850317001342773438e-01 4.844815135002136230e-01
6.689588725566864014e-02 7.016161680221557617e-01
-1.735790491104125977e+00 2.040520191192626953e+00
-5.440866351127624512e-01 -2.017628431320190430e+00
1.746060252189636230e+00 -6.369791179895401001e-02
-3.947921991348266602e-01 3.692203760147094727e-01
2.824868261814117432e-01 6.214485764503479004e-01
-2.919601798057556152e-01 -2.136702299118041992e+00
-4.333469271659851074e-01 -1.558381676673889160e+00
3.203957974910736084e-01 1.380849033594131470e-01
2.294924855232238770e-02 2.664638757705688477e-01
2.130289316177368164e+00 5.101382732391357422e-01
1.290960788726806641e+00 -8.216403722763061523e-01
-2.630177140235900879e-01 7.596434354782104492e-01
9.106231927871704102e-01 1.387926578521728516e+00
3.980298042297363281e-01 -6.503990292549133301e-01
8.312372565269470215e-01 6.775326728820800781e-01
-1.298764824867248535e+00 5.906333327293395996e-01
-5.478813648223876953e-01 3.788421154022216797e-01
3.498070538043975830e-01 -6.407108902931213379e-01
-9.598749279975891113e-01 1.385012745857238770e+00
-1.009400963783264160e+00 9.651957750320434570e-01
1.830931007862091064e-01 1.710111260414123535e+00
1.139574572443962097e-01 1.276403427124023438e+00
-5.541388988494873047e-01 -4.494437277317047119e-01
6.447835564613342285e-01 1.685137510299682617e+00
3.721592128276824951e-01 3.505874872207641602e-01
-3.536078333854675293e-01 -2.783496975898742676e-01
1.788468956947326660e+00 -9.905281066894531250e-01
-1.595307230949401855e+00 -1.758506059646606445e+00
1.497052669525146484e+00 6.611753106117248535e-01
-5.676761269569396973e-01 -2.462831288576126099e-01
-8.736242651939392090e-01 -1.263147354125976562e+00
1.147932529449462891e+00 -5.467277169227600098e-01
-1.757952451705932617e+00 -2.547892034053802490e-01
7.654141187667846680e-01 1.675930142402648926e+00
-1.961572319269180298e-01 9.438301920890808105e-01
-1.295783817768096924e-01 -1.758471727371215820e-01
1.390236377716064453e+00 -2.996330738067626953e+00
4.111704826354980469e-01 -3.920625150203704834e-01
5.358413457870483398e-01 9.591905474662780762e-01
4.744542241096496582e-01 -4.492230713367462158e-01
-6.629519462585449219e-01 -7.595092803239822388e-02
-1.467481732368469238e+00 -5.382947325706481934e-01
-1.558709025382995605e+00 3.567594885826110840e-01
-2.212523967027664185e-01 1.477539181709289551e+00
-6.929162144660949707e-01 -2.106478452682495117e+00
2.693135142326354980e-01 5.288984254002571106e-02
-7.156869024038314819e-02 1.498778700828552246e+00
1.450097262859344482e-01 -4.165820181369781494e-01
3.532599806785583496e-01 -1.860670447349548340e-01
-8.586190938949584961e-01 -7.581981420516967773e-01
-7.613072544336318970e-02 5.338079929351806641e-01
-4.431352317333221436e-01 -6.024875044822692871e-01
3.934445083141326904e-01 -7.803171873092651367e-01
-5.573719143867492676e-01 -5.793856978416442871e-01
-1.119573593139648438e+00 -2.018704116344451904e-01
-2.700019478797912598e-01 3.162782490253448486e-01
5.820214748382568359e-01 1.063312292098999023e+00
-3.999083042144775391e-01 6.457647681236267090e-01
7.885334491729736328e-01 -3.541066050529479980e-01
-3.812137544155120850e-01 -2.214563637971878052e-01
1.060506343841552734e+00 -6.566784381866455078e-01
5.214259624481201172e-01 5.526783466339111328e-01
1.104642510414123535e+00 -1.265622973442077637e+00
8.980034589767456055e-01 -5.892335176467895508e-01
-1.763291835784912109e+00 1.033579587936401367e+00
5.195733308792114258e-01 -1.765327602624893188e-01
-9.873283505439758301e-01 -6.902741789817810059e-01
-1.531146883964538574e+00 -3.647436201572418213e-02
-8.034914135932922363e-01 -2.283903062343597412e-01
-2.805222868919372559e-01 -1.299519091844558716e-01
8.719334602355957031e-01 5.037186145782470703e-01
-1.699512839317321777e+00 1.556937396526336670e-01
1.519409298896789551e+00 2.756050527095794678e-01
-7.667800784111022949e-02 1.435163140296936035e+00
3.544653356075286865e-01 5.478721857070922852e-01
-2.242577224969863892e-01 -4.255052208900451660e-01
4.252619147300720215e-01 8.352596163749694824e-01
-1.152777150273323059e-01 2.223360776901245117e+00
3.669645786285400391e-01 2.397757053375244141e+00
1.558401465415954590e+00 -2.275366932153701782e-01
-1.526706665754318237e-01 -2.332559823989868164e-01
1.665198504924774170e-01 1.609681963920593262e+00
-1.920977473258972168e+00 1.792926192283630371e+00
-1.638486282899975777e-04 -2.383613824844360352e+00
1.669790148735046387e+00 -2.000934362411499023e+00
4.371079206466674805e-01 1.308388859033584595e-01
2.485714852809906006e-01 -9.937558174133300781e-01
1.008138060569763184e+00 1.149669170379638672e+00
-2.274587392807006836e+00 4.080048799514770508e-01
-6.678842306137084961e-01 1.440741419792175293e+00
6.790620088577270508e-01 2.898032367229461670e-01
6.973373293876647949e-01 2.311718910932540894e-01
-6.691740453243255615e-02 -1.382444620132446289e+00
4.088197648525238037e-02 6.038352251052856445e-01
4.177845120429992676e-01 1.892599344253540039e+00
4.991487860679626465e-01 -1.314134895801544189e-01
1.377278685569763184e+00 -3.542867302894592285e-01
1.439499020576477051e+00 1.110056638717651367e+00
-9.936900734901428223e-01 1.605049490928649902e+00
9.665495157241821289e-01 7.836605310440063477e-01
3.174637258052825928e-01 5.054484009742736816e-01
-1.029309511184692383e+00 1.507097482681274414e+00
6.468784213066101074e-01 4.538044929504394531e-01
1.875665903091430664e+00 -1.246533393859863281e+00
1.693549633026123047e+00 2.373055458068847656e+00
3.076964616775512695e+00 1.893816590309143066e+00
-1.085651159286499023e+00 -4.206209182739257812e-01
1.587507486343383789e+00 -4.779907464981079102e-01
8.560230731964111328e-01 -1.265333056449890137e+00
4.973952472209930420e-02 8.252630233764648438e-01
6.071206927299499512e-01 3.674516379833221436e-01
6.153982281684875488e-01 2.017442286014556885e-01
9.292991161346435547e-01 3.505704700946807861e-01
1.301713466644287109e+00 4.264678061008453369e-02
-2.624444961547851562e+00 -6.569494009017944336e-01
4.665732681751251221e-01 4.917532671242952347e-03
1.496509194374084473e+00 1.207416653633117676e+00
8.526566028594970703e-01 -2.150615453720092773e-01
3.448908030986785889e-02 -2.507246434688568115e-01
-1.879429697990417480e+00 -6.984034180641174316e-01
1.852414160966873169e-01 -1.067465662956237793e+00
4.452141523361206055e-01 -1.114809155464172363e+00
-5.273238420486450195e-01 2.189030498266220093e-01
-3.586676418781280518e-01 -2.537648379802703857e-01
-9.673861265182495117e-01 -1.483064442873001099e-01
-4.508348405361175537e-01 1.700105965137481689e-01
5.743028521537780762e-01 3.314020335674285889e-01
2.259493321180343628e-01 1.246960878372192383e+00
-1.840457916259765625e+00 6.327251195907592773e-01
-4.665436223149299622e-02 -1.205956339836120605e+00
-3.754075169563293457e-01 1.163661479949951172e+00
2.495678812265396118e-01 4.734521210193634033e-01
9.397307634353637695e-01 1.723308444023132324e+00
2.632064521312713623e-01 1.028583288192749023e+00
9.348546266555786133e-01 1.511275291442871094e+00
-8.893450498580932617e-01 -8.139868974685668945e-01
-4.009143352508544922e+00 1.279281497001647949e+00
-1.113413929939270020e+00 3.403606653213500977e+00
-7.585361599922180176e-01 9.467357993125915527e-01
-4.882491528987884521e-01 2.386745661497116089e-01
-5.893567204475402832e-01 -4.927965998649597168e-01
8.204534649848937988e-01 -1.208334565162658691e+00
1.603873968124389648e+00 -3.356666862964630127e-01
1.020997047424316406e+00 3.769090175628662109e-01
-1.212211012840270996e+00 8.515893816947937012e-01
6.365499496459960938e-01 -1.206346869468688965e+00
-7.130019664764404297e-01 -7.633872628211975098e-01
1.430835008621215820e+00 3.460337817668914795e-01
-7.285036146640777588e-02 -8.848413079977035522e-02
5.901600718498229980e-01 -8.539921045303344727e-01
-3.358963727951049805e-01 3.762954473495483398e-01
-7.466328889131546021e-02 -1.342043757438659668e+00
6.997615098953247070e-02 -5.644274353981018066e-01
-5.884836912155151367e-01 -5.483028888702392578e-01
-1.035093784332275391e+00 -3.435852527618408203e-01
2.617990672588348389e-01 -1.362937688827514648e-01
5.053573250770568848e-01 4.143749177455902100e-01
-7.416609525680541992e-01 2.687557935714721680e-01
-6.602664589881896973e-01 -2.239671647548675537e-01
1.632973670959472656e+00 -4.734924435615539551e-01
8.077126145362854004e-01 -7.653405070304870605e-01
-1.429460048675537109e+00 1.395929813385009766e+00
1.601755380630493164e+00 -2.165801286697387695e+00
3.936881422996520996e-01 3.107232749462127686e-01
1.104197502136230469e+00 -1.246222734451293945e+00
-3.365542590618133545e-01 -5.910757184028625488e-01
9.912424683570861816e-01 1.145750522613525391e+00
-8.418971896171569824e-01 1.570471048355102539e+00
-9.462802410125732422e-01 -1.442227810621261597e-01
-2.241762727499008179e-02 -2.921359539031982422e-01
-3.946257531642913818e-01 -1.507436752319335938e+00
-4.458879530429840088e-01 8.999902009963989258e-02
1.785372495651245117e+00 5.255428329110145569e-02
-1.468011498451232910e+00 -4.598407447338104248e-01
1.465879678726196289e-01 2.628450095653533936e-01
2.417309433221817017e-01 -8.061420172452926636e-02
4.579791128635406494e-01 2.746907234191894531e+00
-5.382395908236503601e-02 9.805684089660644531e-01
1.544143080711364746e+00 5.640503168106079102e-01
8.900821954011917114e-02 -3.766250982880592346e-02
-1.157278060913085938e+00 -3.024262487888336182e-01
-1.882044315338134766e+00 3.824264705181121826e-01
-2.279314398765563965e-02 8.776019215583801270e-01
-1.199246168136596680e+00 8.832159042358398438e-01
-5.183200240135192871e-01 -1.754267327487468719e-02
5.560818910598754883e-01 1.168911695480346680e+00
3.610136508941650391e-01 4.961785376071929932e-01
6.373696327209472656e-01 1.164997100830078125e+00
-4.104583337903022766e-02 5.778236389160156250e-01
1.039737224578857422e+00 1.466091275215148926e+00
1.163176774978637695e+00 -2.524942457675933838e-01
3.855288326740264893e-01 8.668739199638366699e-01
-1.377855062484741211e+00 1.314326047897338867e+00
2.324813604354858398e-01 3.539834022521972656e-01
9.170529842376708984e-01 4.188375174999237061e-01
-8.541376143693923950e-02 2.816391289234161377e-01
2.474732995033264160e-01 1.398451209068298340e+00
-6.811867356300354004e-01 2.770446538925170898e-01
-2.283531008288264275e-03 -3.334674537181854248e-01
-4.516590237617492676e-01 -3.032779991626739502e-01
1.087282896041870117e+00 -1.955201745033264160e+00
4.306406974792480469e-01 4.497927427291870117e-01
-8.249092102050781250e-02 -1.654515266418457031e+00
-9.684782624244689941e-01 1.598978042602539062e+00
1.922321468591690063e-01 -4.006996154785156250e-01
-1.309676527976989746e+00 2.622822523117065430e+00
6.210337877273559570e-01 7.252012491226196289e-01
3.830901682376861572e-01 -3.486515581607818604e-01
2.509779691696166992e+00 2.799426913261413574e-01
4.741449654102325439e-01 -1.201929926872253418e+00
5.213462710380554199e-01 -1.001864671707153320e+00
-6.662676483392715454e-02 -1.027967333793640137e+00
8.581960201263427734e-01 2.184150218963623047e+00
3.374405503273010254e-01 -2.653353214263916016e+00
-2.213155269622802734e+00 8.854057788848876953e-01
1.018189489841461182e-01 -5.307409167289733887e-02
9.399514794349670410e-01 -1.840658932924270630e-01
-1.951876580715179443e-01 -3.891136646270751953e-01
-1.186309099197387695e+00 2.942609190940856934e-01
1.670628666877746582e+00 9.101486951112747192e-02
1.921807169914245605e+00 -1.300983309745788574e+00
-1.800002098083496094e+00 -1.583365648984909058e-01
5.968146920204162598e-01 7.700265645980834961e-01
-1.594310253858566284e-01 4.647290110588073730e-01
1.227717876434326172e+00 -2.478883713483810425e-01
1.002754569053649902e+00 1.988552539842203259e-04
1.210707649588584900e-01 -2.138159424066543579e-01
-2.061305999755859375e+00 -1.484186202287673950e-01
-1.950518846511840820e+00 -1.147672295570373535e+00
4.312616884708404541e-01 3.385643064975738525e-01
-1.613003492355346680e+00 -8.314936161041259766e-01
-7.265660166740417480e-01 8.508560657501220703e-01
-1.476055979728698730e+00 2.501540184020996094e-01
3.028595149517059326e-01 1.994980812072753906e+00
8.764143586158752441e-01 -1.141669034957885742e+00
7.319238185882568359e-01 1.134909391403198242e+00
-9.392759203910827637e-01 1.021313786506652832e+00
1.412541389465332031e+00 1.542207002639770508e-01
-4.739523231983184814e-01 2.515387058258056641e+00
-2.677062898874282837e-02 -3.491578698158264160e-01
-4.926068186759948730e-01 -7.429428398609161377e-02
-6.532015204429626465e-01 -3.055705070495605469e+00
1.030231118202209473e+00 3.498495221138000488e-01
-5.306008085608482361e-02 -8.694052696228027344e-01
-9.573525786399841309e-01 1.514272578060626984e-02
-3.220970034599304199e-01 2.165383994579315186e-01
-2.661288976669311523e-01 2.814752794802188873e-02
1.405024170875549316e+00 -3.861018717288970947e-01
-6.847437620162963867e-01 -1.139247603714466095e-02
9.174947626888751984e-03 -1.403237700462341309e+00
8.442503809928894043e-01 -8.402643203735351562e-01
-1.423246979713439941e+00 -1.337952315807342529e-01
1.342372417449951172e+00 5.480270460247993469e-02
-9.411904215812683105e-01 1.449507951736450195e+00
3.410630226135253906e-01 3.806685805320739746e-01
1.403320431709289551e-01 -5.023216605186462402e-01
-2.437764406204223633e-01 -9.523344635963439941e-01
1.285449504852294922e+00 -5.098252892494201660e-01
4.970754981040954590e-01 1.402869224548339844e+00
1.132030710577964783e-01 -6.329781413078308105e-01
-3.262217640876770020e-01 7.512315511703491211e-01
6.677549332380294800e-02 2.179442793130874634e-01
3.363272547721862793e-02 -3.876472413539886475e-01
2.253197669982910156e+00 -2.069412946701049805e+00
2.107257544994354248e-01 9.076315164566040039e-01
1.051980614662170410e+00 6.770195364952087402e-01
-1.116042613983154297e+00 -3.068040497601032257e-02
2.162848472595214844e+00 5.896087363362312317e-02
-1.554409384727478027e+00 -6.590905189514160156e-01
6.972552537918090820e-01 7.817555665969848633e-01
-7.326852083206176758e-01 9.970467686653137207e-01
1.227791666984558105e+00 -9.437115788459777832e-01
-3.087689638137817383e+00 -1.091879963874816895e+00
1.045652985572814941e+00 1.342048168182373047e+00
1.272157907485961914e+00 6.800260543823242188e-01
7.162339687347412109e-01 -5.008334517478942871e-01
1.369418859481811523e+00 -8.113309741020202637e-01
1.673762798309326172e+00 1.621098257601261139e-02
-8.272179365158081055e-01 -1.031555414199829102e+00
8.026696443557739258e-01 -6.818744540214538574e-01
5.305380821228027344e-01 7.092209458351135254e-01
-1.800806820392608643e-01 1.766099929809570312e+00
-5.335803031921386719e-01 -6.998494267463684082e-02
-3.278859704732894897e-02 1.766187399625778198e-01
7.967979460954666138e-02 2.252933979034423828e+00
-1.292385101318359375e+00 -5.339263677597045898e-01
1.986311793327331543e+00 5.324106812477111816e-01
-1.011859416961669922e+00 1.670840084552764893e-01
2.238674312829971313e-01 8.469198942184448242e-01
1.978593468666076660e+00 1.131152391433715820e+00
5.488249063491821289e-01 5.624414086341857910e-01
-1.018057107925415039e+00 -7.440059185028076172e-01
6.022616624832153320e-01 2.128793895244598389e-01
-1.604819595813751221e-01 1.257989257574081421e-01
1.275381088256835938e+00 -1.155484199523925781e+00
5.436637997627258301e-01 -1.271129369735717773e+00
3.262135386466979980e-01 -6.663174629211425781e-01
1.729188561439514160e+00 -4.371896088123321533e-01
2.395271658897399902e-01 9.054071307182312012e-01
2.504897415637969971e-01 -1.310661435127258301e-01
2.438003063201904297e+00 9.540594220161437988e-01
-2.496594190597534180e-01 6.636236906051635742e-01
3.743028044700622559e-01 -2.937437891960144043e-01
-8.323106765747070312e-01 -4.242103099822998047e-01
-1.533793568611145020e+00 1.882900148630142212e-01
-2.976751089096069336e+00 6.530954241752624512e-01
-6.533714532852172852e-01 -1.143893003463745117e+00
-2.511597275733947754e-01 2.463421598076820374e-02
1.096580862998962402e+00 3.557405769824981689e-01
-2.249431610107421875e+00 -1.031199455261230469e+00
8.606294989585876465e-01 7.792926430702209473e-01
-8.708841204643249512e-01 -2.467917650938034058e-01
-5.149915218353271484e-01 -8.568542003631591797e-01
-1.227993011474609375e+00 -5.118124485015869141e-01
-5.530902147293090820e-01 1.168291449546813965e+00
2.137677520513534546e-01 1.197800278663635254e+00
-1.217320919036865234e+00 1.448331832885742188e+00
-1.434316635131835938e+00 -4.490759670734405518e-01
1.190339028835296631e-01 7.906134724617004395e-01
7.645914554595947266e-01 3.503528237342834473e-01
-6.465213298797607422e-01 1.498571157455444336e+00
1.797911405563354492e+00 1.080492854118347168e+00
1.648857116699218750e+00 -4.913178980350494385e-01
-2.497000694274902344e+00 2.314051389694213867e-01
-1.603501677513122559e+00 -1.126685645431280136e-02
5.469868183135986328e-01 -2.053769350051879883e+00
6.728811264038085938e-01 -6.698671579360961914e-01
7.526084780693054199e-01 -5.487698316574096680e-01
8.309729695320129395e-01 -2.661416530609130859e-01
7.441816926002502441e-01 -7.654314637184143066e-01
4.727565050125122070e-01 -4.188028573989868164e-01
-7.627864480018615723e-01 -1.593122720718383789e+00
1.093025803565979004e+00 -1.393149644136428833e-01
-1.766273856163024902e+00 1.249162793159484863e+00
2.258563280105590820e+00 4.808752238750457764e-02
-2.691522836685180664e-01 3.359013795852661133e-01
7.474914193153381348e-01 -4.475874304771423340e-01
2.418458275496959686e-02 -6.269539594650268555e-01
3.729974925518035889e-01 -6.003398299217224121e-01
-2.470388859510421753e-01 6.189194917678833008e-01
-1.804363012313842773e+00 -5.244993567466735840e-01
6.726154685020446777e-01 1.214102283120155334e-01
-5.972682833671569824e-01 -2.784893989562988281e+00
1.164510726928710938e+00 -3.339763581752777100e-01
5.891933441162109375e-01 -1.161111116409301758e+00
9.206359386444091797e-01 1.380585432052612305e+00
6.164798978716135025e-03 -8.561296463012695312e-01
-1.796279661357402802e-02 -1.079515814781188965e+00
-1.042472720146179199e+00 1.070208251476287842e-01
-3.421863913536071777e-01 7.134936451911926270e-01
1.416423022747039795e-01 1.266996026039123535e+00
1.798486351966857910e+00 -8.113862872123718262e-01
-1.493601649999618530e-01 3.484787940979003906e-01
-1.591098785400390625e+00 -1.691417843103408813e-01
-1.114575266838073730e+00 -1.113319396972656250e+00
-3.243749141693115234e-01 -7.540809512138366699e-01
1.219648122787475586e+00 5.191072821617126465e-01
-7.205246090888977051e-01 6.219355463981628418e-01
-9.838321805000305176e-01 2.634567022323608398e-01
5.509009361267089844e-01 -6.212292909622192383e-01
4.528350830078125000e-01 4.406198263168334961e-01
-1.777017563581466675e-01 -6.991082429885864258e-01
2.841331362724304199e-01 1.710434556007385254e+00
-1.013285398483276367e+00 9.056938886642456055e-01
4.994190633296966553e-01 -6.700991988182067871e-01
1.182871218770742416e-02 2.415609598159790039e+00
-5.137810483574867249e-02 -1.635252684354782104e-01
-4.877552017569541931e-02 1.725498914718627930e+00
-1.561711072921752930e+00 -5.116466283798217773e-01
1.093016624450683594e+00 6.463341116905212402e-01
4.621462523937225342e-01 -1.242773532867431641e+00
-8.552865386009216309e-01 -7.173029184341430664e-01
2.110341310501098633e+00 -5.528146624565124512e-01
3.872841596603393555e-01 -3.350105881690979004e-01
-2.359635114669799805e+00 -4.076314866542816162e-01
1.549238801002502441e+00 -1.573142856359481812e-01
1.292691349983215332e+00 3.857477307319641113e-01
-9.199570417404174805e-01 8.860978484153747559e-01
1.569166541099548340e+00 2.118125706911087036e-01
1.515449762344360352e+00 -4.164179861545562744e-01
3.619019687175750732e-01 1.149184465408325195e+00
-7.946705818176269531e-01 -2.495572417974472046e-01
-1.529743909835815430e+00 4.710994958877563477e-01
-1.600193381309509277e+00 -2.127469033002853394e-01
2.685634493827819824e-01 -8.248448967933654785e-01
-7.713018059730529785e-01 7.193278670310974121e-01
-8.857723474502563477e-01 -1.094980716705322266e+00
-3.114622235298156738e-01 -1.218280196189880371e+00
2.126802206039428711e+00 6.473153233528137207e-01
-7.855020761489868164e-01 -9.354485273361206055e-01
-6.139744520187377930e-01 9.514279961585998535e-01
-2.792715132236480713e-01 -9.434842318296432495e-02
-4.309702515602111816e-01 1.246252179145812988e+00
1.195155605673789978e-01 -8.918222188949584961e-01
6.096488833427429199e-01 2.395464897155761719e+00
7.145450711250305176e-01 -3.768977820873260498e-01
1.443683862686157227e+00 -1.311169862747192383e+00
1.251999020576477051e+00 -4.877682328224182129e-01
7.517256736755371094e-01 1.503364801406860352e+00
-1.206698656082153320e+00 -9.361977875232696533e-02
1.096469879150390625e+00 -5.792511701583862305e-01
1.057327985763549805e+00 -6.759323477745056152e-01
2.622168302536010742e+00 4.705128371715545654e-01
2.529362440109252930e+00 2.645712196826934814e-01
-1.061972454190254211e-01 2.587916254997253418e-01
-1.950559206306934357e-02 1.241358160972595215e+00
-4.768959581851959229e-01 7.175986170768737793e-01
-7.039713263511657715e-01 3.836699128150939941e-01
-1.921256259083747864e-02 -7.700993865728378296e-02
1.396461606025695801e+00 3.401807695627212524e-02
1.030070185661315918e+00 -7.776528000831604004e-01
4.729001820087432861e-01 -6.399071216583251953e-01
-3.223878741264343262e-01 -5.681694149971008301e-01
-5.085300803184509277e-01 5.750890374183654785e-01
1.387663483619689941e+00 6.654804944992065430e-01
2.354721575975418091e-01 1.158727854490280151e-01
-6.981087923049926758e-01 -1.110537767410278320e+00
-1.072290420532226562e+00 1.925259381532669067e-01
-2.405164092779159546e-01 -4.064451158046722412e-01
9.038482308387756348e-01 -7.191551327705383301e-01
-1.359054088592529297e+00 -1.476309299468994141e+00
5.281776785850524902e-01 5.518498420715332031e-01
1.584043145179748535e+00 -1.850485801696777344e-01
-2.005221366882324219e+00 2.522581815719604492e-01
-3.778413534164428711e-01 1.345542073249816895e+00
4.644857719540596008e-02 8.158211708068847656e-01
4.708307385444641113e-01 3.806237280368804932e-01
2.353415489196777344e-01 1.757224202156066895e+00
-2.193549573421478271e-01 -3.743320703506469727e-01
1.218935251235961914e+00 2.526326894760131836e+00
8.990385532379150391e-01 1.059340611100196838e-01
2.765701711177825928e-01 2.603919208049774170e-01
1.052923321723937988e+00 1.519676595926284790e-01
-1.935184121131896973e+00 -3.982003778219223022e-02
9.583334326744079590e-01 -4.109745025634765625e-01
-2.383862435817718506e-01 2.349821478128433228e-01
-4.748959466814994812e-02 -3.524769097566604614e-02
6.348118782043457031e-01 2.588638365268707275e-01
-3.135696947574615479e-01 1.674436211585998535e+00
2.487250566482543945e+00 -2.921008504927158356e-02
-5.554667115211486816e-01 -1.556169629096984863e+00
-1.341576695442199707e+00 -1.108986616134643555e+00
1.501152157783508301e+00 -3.871476054191589355e-01
3.316365778446197510e-01 -1.011208534240722656e+00
1.554503560066223145e+00 -7.131782174110412598e-01
-2.716435194015502930e-01 -2.028690099716186523e+00
-1.326444625854492188e+00 1.404626846313476562e+00
9.942268729209899902e-01 -4.042557477951049805e-01
-2.099224925041198730e-01 6.987980604171752930e-01
-5.241993665695190430e-01 1.675631642341613770e+00
8.070926070213317871e-01 1.452884078025817871e+00
5.112567543983459473e-01 -3.576628267765045166e-01
8.199693560600280762e-01 -1.499159932136535645e+00
-2.920758426189422607e-01 -6.131826639175415039e-01
1.099237576127052307e-01 -2.214767038822174072e-01
1.291059613227844238e+00 -6.281158328056335449e-01
-1.256351590156555176e+00 3.921753466129302979e-01
-3.011355102062225342e-01 -2.639356553554534912e-01
4.006405770778656006e-01 -3.852541446685791016e-01
8.823354840278625488e-01 -2.872578203678131104e-01
3.071279525756835938e+00 -2.106291502714157104e-01
1.131225705146789551e+00 -4.035930037498474121e-01
-4.496826231479644775e-02 -9.493256807327270508e-01
9.553070068359375000e-01 -3.995849192142486572e-01
-1.556593775749206543e+00 -7.568606734275817871e-01
-1.103573560714721680e+00 1.959167271852493286e-01
3.154370486736297607e-01 -7.402105331420898438e-01
-5.950164198875427246e-01 -1.064980626106262207e+00
-1.157614707946777344e+00 3.273352086544036865e-01
2.118245325982570648e-02 -1.310925722122192383e+00
-9.335381984710693359e-01 -2.087710857391357422e+00
5.407975912094116211e-01 -1.293395757675170898e+00
8.838811516761779785e-01 1.381997108459472656e+00
6.905451416969299316e-01 4.000034332275390625e-01
-8.059480786323547363e-01 -1.232522010803222656e+00
1.213118195533752441e+00 1.207145929336547852e+00
5.392342805862426758e-02 3.157805204391479492e-01
7.913995385169982910e-01 9.955607056617736816e-01
6.141582131385803223e-01 -1.750198602676391602e+00
2.006799697875976562e+00 2.125667631626129150e-01
-5.575529932975769043e-01 -1.272968053817749023e-01
8.635589480400085449e-02 1.358466386795043945e+00
-1.373889088630676270e+00 8.905817866325378418e-01
-1.123007297515869141e+00 -2.758479356765747070e+00
1.594924479722976685e-01 2.704381197690963745e-02
1.588468551635742188e+00 2.022562921047210693e-01
5.629000067710876465e-01 -2.396382808685302734e+00
-1.190399006009101868e-01 3.810304403305053711e-01
-1.433476209640502930e+00 1.689174771308898926e-01
1.101238131523132324e+00 -8.678526878356933594e-01
3.060534596443176270e-01 9.556110017001628876e-03
-3.913592994213104248e-01 2.363182753324508667e-01
8.115062117576599121e-01 -9.154828265309333801e-03
-4.908009991049766541e-02 1.823810674250125885e-02
-7.280278801918029785e-01 -2.273545265197753906e+00
-1.386703014373779297e+00 3.856217488646507263e-02
1.647411108016967773e+00 6.467691063880920410e-01
-1.118995308876037598e+00 -1.376491308212280273e+00
6.421924829483032227e-01 -6.508133839815855026e-03
2.327661216259002686e-02 -9.440827369689941406e-01
1.209801197052001953e+00 9.197031855583190918e-01
5.264709591865539551e-01 7.485738992691040039e-01
2.273035049438476562e+00 1.474470138549804688e+00
4.294791445136070251e-02 -2.665535807609558105e-01
-1.046240687370300293e+00 -7.218602895736694336e-01
1.060946106910705566e+00 -3.413553833961486816e-01
-8.928681164979934692e-02 -1.379979699850082397e-01
1.226754784584045410e+00 -1.298574686050415039e+00
-2.136390924453735352e+00 -1.632153868675231934e+00
4.112392067909240723e-01 9.554929286241531372e-02
-7.371417284011840820e-01 1.294915318489074707e+00
9.195989370346069336e-01 2.207513600587844849e-01
4.195217788219451904e-01 -2.769326448440551758e+00
2.804410457611083984e-01 -8.237735033035278320e-01
9.266812205314636230e-01 -4.146180301904678345e-02
7.439265251159667969e-01 1.022502705454826355e-01
-5.407681465148925781e-01 -9.841340184211730957e-01
1.050123929977416992e+00 6.714950203895568848e-01
6.612703204154968262e-01 6.960871815681457520e-01
-7.423937916755676270e-01 8.729853667318820953e-03
-9.959480166435241699e-02 1.723474264144897461e-01
1.763130307197570801e+00 -8.548860251903533936e-02
-2.879893481731414795e-01 -4.153538048267364502e-01
5.225328803062438965e-01 1.649813294410705566e+00
9.308403730392456055e-02 -2.465162724256515503e-01
-1.182890683412551880e-01 -6.177133321762084961e-01
1.270739316940307617e+00 -7.852654159069061279e-02
6.895840764045715332e-01 6.885731220245361328e-02
-1.057854890823364258e+00 1.108602881431579590e+00
-5.966758131980895996e-01 1.827754378318786621e+00
-4.278990030288696289e-01 -1.414864301681518555e+00
-1.193602919578552246e+00 2.521840333938598633e-01
1.059433937072753906e+00 -5.987071394920349121e-01
-2.050254195928573608e-01 2.601653039455413818e-01
3.302450776100158691e-01 3.913559392094612122e-02
1.871153235435485840e+00 -6.365625262260437012e-01
3.010413646697998047e+00 1.716928958892822266e+00
1.303460836410522461e+00 -9.249269962310791016e-01
-7.881712317466735840e-01 -1.324808955192565918e+00
2.859117984771728516e-01 6.078630089759826660e-01
1.288781523704528809e+00 -1.026313662528991699e+00
-5.109224915504455566e-01 -1.200517714023590088e-01
5.996174812316894531e-01 -6.406860351562500000e-01
1.292769670486450195e+00 1.728060960769653320e+00
-8.977444469928741455e-02 -3.394312858581542969e-01
-1.487971782684326172e+00 -5.258052945137023926e-01
6.947503089904785156e-01 7.818936109542846680e-01
8.154058456420898438e-01 7.908657789230346680e-01
-1.202070266008377075e-01 -3.152356743812561035e-01
-9.694343805313110352e-01 -9.541587233543395996e-01
4.420124292373657227e-01 -2.771940708160400391e+00
-2.588475942611694336e-01 -7.765802145004272461e-01
-5.259791016578674316e-01 4.866010844707489014e-01
-1.020517125725746155e-01 3.761014044284820557e-01
-9.519358873367309570e-01 8.766657114028930664e-02
1.661656141281127930e+00 1.163230180740356445e+00
-7.673107385635375977e-01 -5.902156233787536621e-02
1.747269511222839355e+00 2.208564281463623047e-01
-2.566755533218383789e+00 -3.708721101284027100e-01
-6.970189213752746582e-01 -1.798299312591552734e+00
-1.632419466972351074e+00 7.248157858848571777e-01
2.384717226028442383e+00 5.263620615005493164e-01
-3.528318703174591064e-01 -7.574652433395385742e-01
-1.669700264930725098e+00 8.083487153053283691e-01
-1.189548850059509277e+00 -1.181564927101135254e+00
1.239743113517761230e+00 1.261349558830261230e+00
1.695725023746490479e-01 -1.557750850915908813e-01
-7.201992440968751907e-03 4.224413931369781494e-01
1.676206707954406738e+00 1.977738440036773682e-01
1.550302207469940186e-01 2.811919450759887695e-01
-9.446240663528442383e-01 -1.794392824172973633e+00
6.015567854046821594e-02 -4.023407995700836182e-01
-1.405369400978088379e+00 7.017828822135925293e-01
1.026889011263847351e-01 -1.466274619102478027e+00
-6.423351764678955078e-01 -2.544057130813598633e+00
1.500559002161026001e-01 6.493588089942932129e-01
1.590796470642089844e+00 2.068565130233764648e+00
1.439508080482482910e+00 1.445057392120361328e-01
1.224922895431518555e+00 -8.940184116363525391e-01
-1.653683900833129883e+00 1.327343940734863281e+00
1.104964733123779297e+00 5.407360196113586426e-01
-6.701698899269104004e-01 -6.817033886909484863e-01
1.164162039756774902e+00 7.135183215141296387e-01
-5.499594211578369141e-01 1.312172055244445801e+00
5.702114850282669067e-02 -2.872144877910614014e-01
-1.673325061798095703e+00 1.178134139627218246e-02
-1.564225077629089355e+00 -5.637582018971443176e-02
-7.214052677154541016e-01 -1.245942059904336929e-02
2.807705998420715332e-01 1.220392823219299316e+00
1.098172545433044434e+00 -1.345861792564392090e+00
1.131490111351013184e+00 7.722438126802444458e-02
-2.713926792144775391e+00 5.649353265762329102e-01
9.660860151052474976e-02 -1.997544646263122559e+00
1.351195812225341797e+00 -4.265135526657104492e-01
-1.604892760515213013e-01 -1.330649971961975098e+00
1.334102630615234375e+00 2.575925290584564209e-01
3.029330670833587646e-01 -2.053115367889404297e+00
-8.004912734031677246e-01 -1.012836456298828125e+00
-1.145645260810852051e+00 1.425361990928649902e+00
6.927020549774169922e-01 5.302702784538269043e-01
-4.812449812889099121e-01 4.087502956390380859e-01
8.353364467620849609e-02 -6.579110771417617798e-02
6.610135734081268311e-02 -1.606060385704040527e+00
3.688545897603034973e-02 -5.487937331199645996e-01
1.369293808937072754e+00 1.468194574117660522e-01
5.952087640762329102e-01 -7.431476712226867676e-01
1.089211225509643555e+00 1.445948630571365356e-01
-1.889175623655319214e-01 6.890194863080978394e-02
-8.301439285278320312e-01 3.857432901859283447e-01
-2.267384290695190430e+00 2.909543812274932861e-01
1.384019136428833008e+00 -7.789992094039916992e-01
7.530640959739685059e-01 -7.548011839389801025e-02
9.749727845191955566e-01 5.983749628067016602e-01
-2.258232682943344116e-01 -2.482128590345382690e-01
-2.329433441162109375e+00 -1.297625806182622910e-02
-8.876536041498184204e-02 -5.052894949913024902e-01
-1.345777750015258789e+00 -4.978080093860626221e-01
-2.154724836349487305e+00 -9.841395914554595947e-02
3.788739442825317383e-01 -5.780707001686096191e-01
-4.634953439235687256e-01 -5.208547711372375488e-01
-7.148190736770629883e-01 2.367923110723495483e-01
-3.033507466316223145e-01 -3.980198800563812256e-01
-2.646496593952178955e-01 -1.323550701141357422e+00
1.309911489486694336e+00 -1.478011310100555420e-01
1.664277195930480957e+00 1.758809387683868408e-01
-2.246430665254592896e-01 1.779728651046752930e+00
-5.955083966255187988e-01 3.333717584609985352e-01
2.054859101772308350e-01 -1.308723092079162598e+00
3.933622837066650391e-01 -4.011331200599670410e-01
1.238708734512329102e+00 1.337733119726181030e-01
1.817166924476623535e+00 1.667247653007507324e+00
4.114070236682891846e-01 1.105951547622680664e+00
-1.386337041854858398e+00 -3.811211287975311279e-01
-1.558286882936954498e-02 -1.571386456489562988e-01
5.467518568038940430e-01 5.815483629703521729e-02
5.050842165946960449e-01 1.293669462203979492e+00
7.560669779777526855e-01 -4.180108010768890381e-01
6.009697914123535156e-01 -9.513813853263854980e-01
6.379651427268981934e-01 6.167650222778320312e-01
-2.804312229156494141e+00 3.527900949120521545e-02
1.739241629838943481e-01 4.181388020515441895e-01
-6.732187271118164062e-01 2.255567073822021484e+00
1.042022943496704102e+00 8.377224802970886230e-01
2.559030055999755859e-01 2.000917196273803711e+00
-8.569923788309097290e-02 8.145493268966674805e-01
4.936718940734863281e-01 -3.961890935897827148e-01
-4.123694002628326416e-01 1.031203150749206543e+00
1.119142770767211914e+00 -2.889866590499877930e+00
-7.365196943283081055e-01 3.294949978590011597e-02
-3.938258886337280273e-01 1.569495081901550293e+00
6.704175472259521484e-01 -7.142011523246765137e-01
-1.033341169357299805e+00 5.123972892761230469e-01
2.959841191768646240e-01 -6.175399422645568848e-01
3.131146132946014404e-01 5.290812626481056213e-02
-7.752173542976379395e-01 5.439900755882263184e-01
-1.138304546475410461e-01 -5.369894504547119141e-01
-1.169878005981445312e+00 1.179287910461425781e+00
-9.749634861946105957e-01 4.899634420871734619e-01
2.631205022335052490e-01 -1.249655485153198242e+00
3.365935981273651123e-01 -7.046990990638732910e-01
8.442537784576416016e-01 2.181777060031890869e-01
-6.591772288084030151e-02 -3.629764020442962646e-01
1.351887464523315430e+00 -1.587892055511474609e+00
-5.627291202545166016e-01 1.324164867401123047e-01
3.883396089076995850e-01 -5.730171799659729004e-01
-1.028148770332336426e+00 -6.783286333084106445e-01
6.299231648445129395e-01 -1.425091028213500977e+00
7.039812952280044556e-02 -9.965929985046386719e-01
1.869870126247406006e-01 -9.191893786191940308e-02
-1.094524145126342773e+00 2.081211566925048828e+00
-3.185095489025115967e-01 -9.466109275817871094e-01
3.971503376960754395e-01 5.659446716308593750e-01
-1.773613333702087402e+00 1.413461118936538696e-01
-4.859726130962371826e-02 1.452877283096313477e+00
6.802301108837127686e-02 -4.754899442195892334e-01
7.418097555637359619e-02 -4.376751482486724854e-01
-1.832173347473144531e+00 3.818915784358978271e-01
-4.568811953067779541e-01 1.507642149925231934e+00
-8.395992517471313477e-01 -1.200934290885925293e+00
-2.583377361297607422e-01 7.809134125709533691e-01
1.363283246755599976e-01 -1.344953179359436035e+00
-9.504987001419067383e-01 -3.148732483386993408e-01
-1.022667646408081055e+00 -1.724485158920288086e+00
4.983806312084197998e-01 2.551064491271972656e+00
8.381361961364746094e-01 8.988673090934753418e-01
7.981544137001037598e-01 -1.213328242301940918e+00
1.148426294326782227e+00 -6.025648117065429688e-01
-2.492271810770034790e-01 4.882760643959045410e-01
-1.965201020240783691e+00 9.456313252449035645e-01
-5.771298408508300781e-01 -1.891611516475677490e-01
1.355485558509826660e+00 7.288037538528442383e-01
7.705574035644531250e-01 -5.157228112220764160e-01
1.408689916133880615e-01 -2.608807086944580078e-01
-1.960376650094985962e-01 -7.695659399032592773e-01
-1.255036354064941406e+00 1.355213284492492676e+00
3.966670632362365723e-01 8.376008272171020508e-01
4.143351614475250244e-01 -1.129334330558776855e+00
-1.744075059890747070e+00 5.482279062271118164e-01
-2.995794713497161865e-01 6.531074643135070801e-01
-1.426050901412963867e+00 -4.586964547634124756e-01
1.014803528785705566e+00 4.986626803874969482e-01
-1.646624565124511719e+00 9.187899529933929443e-02
-1.867657184600830078e+00 1.182461857795715332e+00
4.940662384033203125e-01 1.695119500160217285e+00
-4.005503058433532715e-01 -3.606779277324676514e-01
2.110426902770996094e+00 -1.242661714553833008e+00
9.410001039505004883e-01 -4.401135146617889404e-01
-6.316592693328857422e-01 -2.665517330169677734e+00
-5.104318261146545410e-01 -1.404961585998535156e+00
-6.159702539443969727e-01 -6.134337782859802246e-01
5.308394879102706909e-02 -1.111231565475463867e+00
-2.073139250278472900e-01 -9.699559807777404785e-01
8.459160327911376953e-01 5.494650602340698242e-01
4.304119050502777100e-01 2.976665198802947998e-01
-1.032558083534240723e+00 -2.080571949481964111e-01
1.343497261404991150e-02 -2.474893778562545776e-01
2.940376102924346924e-01 9.794503450393676758e-01
-9.478890895843505859e-01 -4.026302099227905273e-01
9.045994281768798828e-01 5.333463549613952637e-01
1.846108913421630859e+00 1.510207414627075195e+00
-5.248814225196838379e-01 1.399421691894531250e+00
-4.529415369033813477e-01 1.817261815071105957e+00
-2.244020938873291016e+00 3.009047508239746094e-01
-5.635635927319526672e-02 1.021114140748977661e-01
7.611016035079956055e-01 -4.351099431514739990e-01
-1.243978500366210938e+00 -2.170127481222152710e-01
6.868152022361755371e-01 7.312856912612915039e-01
-5.789632201194763184e-01 2.438580513000488281e+00
4.762353301048278809e-01 7.997865974903106689e-02
1.356096506118774414e+00 1.001041904091835022e-01
-2.154119014739990234e+00 5.525973439216613770e-01
-3.080933690071105957e-01 -3.035666942596435547e-01
7.607529163360595703e-01 3.175103664398193359e-01
-1.916639208793640137e-01 -1.332345485687255859e+00
4.101758599281311035e-01 -8.409097790718078613e-02
-5.310822725296020508e-01 1.222081661224365234e+00
-3.173285424709320068e-01 -3.445281386375427246e-01
-3.716368973255157471e-01 1.152817964553833008e+00
-7.280738353729248047e-01 7.259152531623840332e-01
4.318953454494476318e-01 -1.011950731277465820e+00
1.548127084970474243e-01 -1.947374083101749420e-02
4.034655690193176270e-01 -8.428751826286315918e-01
-1.477145075798034668e+00 -5.035155415534973145e-01
-3.886001184582710266e-02 -4.688150882720947266e-01
6.855441927909851074e-01 -2.036614656448364258e+00
6.195045113563537598e-01 -1.395418047904968262e-01
-2.464736223220825195e+00 2.560785114765167236e-01
7.904069423675537109e-01 3.748657926917076111e-02
8.663877844810485840e-01 5.343932509422302246e-01
8.832673430442810059e-01 3.973636403679847717e-02
3.493948578834533691e-01 1.198166966438293457e+00
6.593675911426544189e-02 -3.969036936759948730e-01
4.230953752994537354e-02 1.622552722692489624e-01
-1.430691719055175781e+00 -1.276078820228576660e+00
3.723490983247756958e-02 1.046746730804443359e+00
5.894014239311218262e-01 -3.275369405746459961e-01
-2.693447470664978027e-01 -3.603008389472961426e-02
1.083090543746948242e+00 5.554983615875244141e-01
1.216605424880981445e+00 6.773807406425476074e-01
1.646990656852722168e+00 -3.790055811405181885e-01
-2.278840839862823486e-01 2.075355052947998047e+00
-8.277072906494140625e-01 8.718141913414001465e-01
3.763970434665679932e-01 1.572944641113281250e+00
-9.534505009651184082e-02 -7.936667650938034058e-03
-9.297008514404296875e-01 -7.526987195014953613e-01
-6.094316244125366211e-01 1.076083183288574219e+00
1.559235621243715286e-02 3.689389228820800781e-01
5.376005545258522034e-02 -2.090342938899993896e-01
-5.415366291999816895e-01 6.909488439559936523e-01
1.202675819396972656e+00 1.590451359748840332e+00
1.128903627395629883e+00 6.300806403160095215e-01
5.640679597854614258e-01 1.222244024276733398e+00
-2.940440773963928223e-01 2.333150655031204224e-01
1.744698524475097656e+00 -1.362927913665771484e+00
1.521040201187133789e-01 9.221478700637817383e-01
7.541184425354003906e-01 4.666375219821929932e-01
1.425811648368835449e+00 1.017066389322280884e-01
2.443882822990417480e-02 -2.875041067600250244e-01
4.949566125869750977e-01 -1.349953055381774902e+00
9.289434552192687988e-01 -9.270849823951721191e-01
-6.781395524740219116e-02 -7.451133131980895996e-01
1.196440815925598145e+00 4.194115698337554932e-01
-8.342682719230651855e-01 1.352783478796482086e-02
-1.854649186134338379e-01 8.888451755046844482e-02
-5.482701212167739868e-02 -5.109646320343017578e-01
-7.885127067565917969e-01 1.883211374282836914e+00
-6.059473156929016113e-01 -5.983688831329345703e-01
-4.557917118072509766e-01 3.641734719276428223e-01
-1.107103377580642700e-01 -4.268083870410919189e-01
-5.168464183807373047e-01 -3.391892910003662109e-01
1.706283211708068848e+00 8.369307518005371094e-01
-1.012482047080993652e+00 -3.926144242286682129e-01
1.439795255661010742e+00 4.483831822872161865e-01
1.002224326133728027e+00 -1.044976353645324707e+00
4.433623254299163818e-01 -1.569762468338012695e+00
8.487479686737060547e-01 4.168520867824554443e-01
-2.271745353937149048e-02 2.125892639160156250e+00
1.372990965843200684e+00 -3.702743723988533020e-02
-1.836662888526916504e+00 1.497179418802261353e-01
1.659345865249633789e+00 -7.227348685264587402e-01
-3.102933466434478760e-01 2.158481478691101074e-01
9.194061756134033203e-01 7.603455781936645508e-01
1.327873349189758301e+00 -2.798573076725006104e-01
-1.463175058364868164e+00 -7.499110102653503418e-01
7.185682058334350586e-01 2.150192737579345703e+00
-1.223979666829109192e-01 -6.196576356887817383e-01
1.093667387962341309e+00 1.268649935722351074e+00
-8.862221837043762207e-01 8.441244065761566162e-02
9.100496768951416016e-01 -2.329549074172973633e+00
-4.046700298786163330e-01 1.449019432067871094e+00
1.129515528678894043e+00 -2.532154619693756104e-01
6.438444256782531738e-01 1.774288713932037354e-01
2.582042813301086426e-01 8.607724308967590332e-01
-4.816354215145111084e-01 -6.964552402496337891e-01
-1.619062662124633789e+00 9.741559028625488281e-01
-5.643016695976257324e-01 -7.826266884803771973e-01
1.974674820899963379e+00 1.088299989700317383e+00
-6.441298723220825195e-01 -6.281065940856933594e-01
-1.041616946458816528e-01 1.127398237586021423e-01
4.111648201942443848e-01 -3.930022120475769043e-01
5.762395635247230530e-02 -1.144569277763366699e+00
2.153297901153564453e+00 -7.829289436340332031e-01
-6.714605689048767090e-01 -1.340047240257263184e+00
-6.014912948012351990e-02 1.615867614746093750e+00
3.909708857536315918e-01 7.103109359741210938e-01
1.359486699104309082e+00 -5.213021636009216309e-01
6.250818818807601929e-02 2.370839267969131470e-01
1.552658915519714355e+00 7.338730096817016602e-01
1.564689576625823975e-01 3.047153055667877197e-01
-9.030129909515380859e-01 -2.731001973152160645e-01
-1.544319838285446167e-01 -1.437352895736694336e+00
-4.818606078624725342e-01 3.295389115810394287e-01
-3.219233825802803040e-02 -6.485011577606201172e-01
1.079016685485839844e+00 8.436008691787719727e-01
-5.027611553668975830e-02 5.712479352951049805e-01
-4.869455993175506592e-01 2.126509994268417358e-01
4.704801142215728760e-01 1.884756565093994141e+00
2.508247494697570801e-01 1.839755773544311523e-01
-1.740687131881713867e+00 1.278327465057373047e+00
7.332924753427505493e-02 -1.023389220237731934e+00
6.752562522888183594e-01 -1.080660521984100342e-01
-1.544095873832702637e+00 -6.791931390762329102e-02
-7.726376652717590332e-01 5.856943130493164062e-01
-4.052734076976776123e-01 -9.581507444381713867e-01
1.679368019104003906e+00 4.523099958896636963e-02
6.777361780405044556e-02 -9.134898781776428223e-01
6.110151410102844238e-01 -8.052116036415100098e-01
1.441178321838378906e+00 -7.092934250831604004e-01
3.904781639575958252e-01 -8.189296126365661621e-01
6.304125785827636719e-01 2.843384444713592529e-01
-8.259195685386657715e-01 -4.717253148555755615e-01
-5.459389090538024902e-01 3.429664671421051025e-01
-7.767302393913269043e-01 -1.133931040763854980e+00
-1.556061655282974243e-01 1.292751789093017578e+00
-4.154160991311073303e-02 1.166235208511352539e+00
-4.997825324535369873e-01 2.762886285781860352e-01
1.231672644615173340e+00 1.255431890487670898e+00
8.645202517509460449e-01 -6.037594676017761230e-01
-2.802855968475341797e+00 6.755052804946899414e-01
-4.938262999057769775e-01 1.514244318008422852e+00
-9.470637440681457520e-01 -1.785016059875488281e-01
7.165311574935913086e-01 -1.143297672271728516e+00
3.263174369931221008e-02 1.214069366455078125e+00
7.006580829620361328e-01 1.776013016700744629e+00
-7.949377298355102539e-01 -7.805370688438415527e-01
-5.137300491333007812e-01 2.748636305332183838e-01
-9.001177549362182617e-01 -1.167269587516784668e+00
-6.851916909217834473e-01 9.619609713554382324e-01
-1.491289019584655762e+00 6.180119514465332031e-01
-2.089089155197143555e+00 5.177951455116271973e-01
1.222425818443298340e+00 2.977545559406280518e-01
