1.011696100234985352e+00 -2.075729817152023315e-01
5.089494958519935608e-02 7.027276605367660522e-02
-1.121673345565795898e+00 -7.673074007034301758e-01
1.418061494827270508e+00 -9.596912264823913574e-01
1.701655149459838867e+00 -9.163807630538940430e-01
9.517997503280639648e-01 3.252333402633666992e-01
8.878775835037231445e-01 6.008644700050354004e-01
-2.773076593875885010e-01 -3.089613437652587891e+00
8.338990211486816406e-01 -6.295216083526611328e-02
-6.215116381645202637e-01 -1.287528514862060547e+00
-1.074897274374961853e-01 5.626122653484344482e-02
-3.184178471565246582e-01 3.156611442565917969e+00
1.021107077598571777e+00 -2.284894227981567383e+00
1.148424029350280762e+00 -1.545748591423034668e+00
-5.344036221504211426e-01 1.236574128270149231e-01
2.926949858665466309e-01 6.586413383483886719e-01
-3.116418719291687012e-01 -1.142138957977294922e+00
7.781133055686950684e-01 1.198302507400512695e+00
-5.036112666130065918e-01 1.348016262054443359e+00
1.850460171699523926e+00 -3.239057585597038269e-02
3.091253936290740967e-01 -1.280563026666641235e-01
7.707297205924987793e-01 1.087123274803161621e+00
-1.882277727127075195e-01 1.039568066596984863e+00
-8.111118674278259277e-01 4.870946705341339111e-01
2.627279460430145264e-01 -7.011430859565734863e-01
4.712338447570800781e-01 -8.994445800781250000e-01
8.682402372360229492e-01 1.211715936660766602e+00
-4.030895978212356567e-02 -9.247338175773620605e-01
7.077997326850891113e-01 -2.065181970596313477e+00
3.939746618270874023e-01 -6.891290545463562012e-01
3.233536481857299805e-01 1.354543566703796387e+00
-1.621391415596008301e+00 -2.400079518556594849e-01
-2.168292999267578125e-01 -9.173758625984191895e-01
-3.959524035453796387e-01 6.771726608276367188e-01
-8.980957269668579102e-01 -6.781771779060363770e-01
4.268730580806732178e-01 2.225065231323242188e+00
7.208423614501953125e-01 -1.504404783248901367e+00
2.205264806747436523e+00 1.011235862970352173e-01
5.156736373901367188e-01 -1.419890403747558594e+00
7.654543966054916382e-02 -3.390967845916748047e-01
1.229601621627807617e+00 -1.308546781539916992e+00
1.397531509399414062e+00 -1.032443046569824219e+00
-3.345553278923034668e-01 3.555284738540649414e-01
8.373725414276123047e-01 -1.282015800476074219e+00
-1.519113063812255859e+00 6.882475018501281738e-01
-1.911275744438171387e+00 -9.708247184753417969e-01
-1.808510273694992065e-01 -1.000399231910705566e+00
-1.112812995910644531e+00 -2.508922219276428223e-01
-5.270087122917175293e-01 -5.296261310577392578e-01
-6.289551854133605957e-01 -1.367567539215087891e+00
-6.619397997856140137e-01 2.148706197738647461e+00
-9.373519420623779297e-01 -5.127278566360473633e-01
1.409093856811523438e+00 6.498321294784545898e-01
-1.621753811836242676e+00 1.708899617195129395e+00
7.949969172477722168e-01 -1.035512208938598633e+00
1.631619811058044434e+00 -1.141244411468505859e+00
4.829381406307220459e-02 -2.043232202529907227e+00
-1.535116910934448242e+00 1.380262374877929688e-01
-8.120036721229553223e-01 1.189047247171401978e-01
3.770912587642669678e-01 -7.206951975822448730e-01
1.211656093597412109e+00 -1.129156708717346191e+00
-9.794704914093017578e-01 -1.266770362854003906e+00
5.745942518115043640e-02 -2.080955505371093750e+00
-2.503961086273193359e+00 1.144321076571941376e-02
-4.628866165876388550e-02 -9.711174964904785156e-01
3.099977970123291016e-01 6.281812787055969238e-01
2.972047328948974609e-01 -1.598992824554443359e+00
4.219444692134857178e-01 1.018326520919799805e+00
3.323449790477752686e-01 1.516724228858947754e+00
7.377232909202575684e-01 1.954129636287689209e-01
-2.913114547729492188e+00 2.406862735748291016e+00
5.230940580368041992e-01 -1.240764379501342773e+00
1.721347421407699585e-01 -1.796993017196655273e-01
5.192320942878723145e-01 7.124289274215698242e-01
1.060751676559448242e+00 4.969620406627655029e-01
-4.090023934841156006e-01 -1.959760308265686035e+00
4.747504591941833496e-01 -1.472520083189010620e-01
6.447120308876037598e-01 -7.511579990386962891e-01
1.864671230316162109e+00 -3.056031465530395508e-02
2.501195669174194336e-02 1.469189882278442383e+00
-2.322681248188018799e-01 1.212774038314819336e+00
6.674773693084716797e-01 5.089008808135986328e-01
1.259401202201843262e+00 1.517787426710128784e-01
8.905069828033447266e-01 6.971464753150939941e-01
2.169959843158721924e-01 6.101051568984985352e-01
-5.062815546989440918e-01 -3.645593822002410889e-01
-2.223373889923095703e+00 4.001495242118835449e-01
-2.711080789566040039e+00 -1.267173290252685547e-01
5.637024641036987305e-01 -3.641723096370697021e-01
7.932968735694885254e-01 1.427306532859802246e+00
-4.347223639488220215e-01 -6.835711002349853516e-01
1.010275483131408691e+00 -5.798926353454589844e-01
-7.803890109062194824e-01 2.566518783569335938e-01
-9.071631357073783875e-03 -1.909858345985412598e+00
5.289129018783569336e-01 -1.399876952171325684e+00
5.682238936424255371e-01 1.234097242355346680e+00
2.845324277877807617e-01 2.650672495365142822e-01
-1.494928598403930664e-01 -8.884321898221969604e-02
6.585348248481750488e-01 7.517898082733154297e-01
-3.831841982901096344e-03 -1.028103470802307129e+00
-7.952591180801391602e-01 -1.823093533515930176e+00
1.576027274131774902e+00 1.395426154136657715e+00
-1.441265940666198730e+00 -1.316960215568542480e+00
-1.789512336254119873e-01 -5.949992537498474121e-01
-1.481067419052124023e+00 3.392912149429321289e-01
-1.249324917793273926e+00 -1.150882765650749207e-01
5.931527614593505859e-01 -4.644245803356170654e-01
-5.388759970664978027e-01 2.902790904045104980e-01
2.851629070937633514e-02 2.036311030387878418e-01
1.640072315931320190e-01 -1.377803206443786621e+00
-4.075095653533935547e-01 3.036938980221748352e-02
4.264842569828033447e-01 3.433702886104583740e-01
1.248156547546386719e+00 -1.716304719448089600e-01
-1.006239056587219238e+00 3.638743162155151367e-01
1.077108025550842285e+00 -1.016980409622192383e+00
4.437172412872314453e-01 -3.658120036125183105e-01
-1.768530845642089844e+00 -7.155759930610656738e-01
-1.978234410285949707e+00 -7.487658411264419556e-02
4.469214081764221191e-01 -6.975113153457641602e-01
2.316353023052215576e-01 -7.921059727668762207e-01
-6.762452721595764160e-01 1.421882770955562592e-02
-6.498030573129653931e-02 -8.739123344421386719e-01
1.119004249572753906e+00 5.668480414897203445e-03
-1.685846924781799316e+00 4.380535483360290527e-01
-7.298709750175476074e-01 -1.250586152076721191e+00
-1.142253279685974121e+00 -1.813060045242309570e+00
-1.212874054908752441e-01 -1.320106387138366699e+00
1.534832477569580078e+00 -9.902313947677612305e-01
-1.037783101201057434e-01 5.694861412048339844e-01
2.053775548934936523e+00 2.733880043029785156e+00
-5.557234883308410645e-01 2.240055650472640991e-01
-1.451345324516296387e+00 9.241554737091064453e-01
1.389093995094299316e+00 -4.331563711166381836e-01
-7.212038040161132812e-01 -2.172217369079589844e+00
5.488036274909973145e-01 -1.263425946235656738e+00
-1.993933767080307007e-01 7.614845037460327148e-02
1.070999145507812500e+00 -1.116788387298583984e-02
-1.169820070266723633e+00 -1.295484542846679688e+00
6.007586717605590820e-01 3.522169291973114014e-01
-6.561780571937561035e-01 9.897219538688659668e-01
1.047949716448783875e-01 7.432571649551391602e-01
-3.195286393165588379e-01 4.390361905097961426e-01
-1.779419928789138794e-01 -2.292485237121582031e+00
-3.627356588840484619e-01 -1.362223863601684570e+00
4.524852335453033447e-01 -1.897213578224182129e+00
-8.509088754653930664e-01 -2.234651744365692139e-01
-1.125807166099548340e+00 -5.261136293411254883e-01
-2.945199608802795410e-01 3.777084648609161377e-01
-8.748976141214370728e-02 -1.619426846504211426e+00
-9.855870008468627930e-01 -1.403570473194122314e-01
1.002038598060607910e+00 -2.576016783714294434e-01
8.863381743431091309e-01 -6.486107110977172852e-01
-9.919553399085998535e-01 5.445036888122558594e-01
3.273216187953948975e-01 2.750287353992462158e-01
-8.186556100845336914e-01 -1.107394397258758545e-01
-3.089815005660057068e-02 -7.751389741897583008e-01
-2.072745263576507568e-01 2.056612491607666016e+00
-5.009874701499938965e-01 -8.514686226844787598e-01
-4.309695065021514893e-01 1.899992346763610840e+00
-1.848721146583557129e+00 -3.007619976997375488e-01
-1.329012870788574219e+00 6.278522014617919922e-01
6.567397713661193848e-01 2.316386252641677856e-01
3.573517203330993652e-01 -6.320232748985290527e-01
-3.203484773635864258e+00 4.476521909236907959e-01
7.541384696960449219e-01 -2.070841789245605469e-01
-5.766723752021789551e-01 8.100109696388244629e-01
2.090098619461059570e+00 5.571833848953247070e-01
-1.855162531137466431e-01 -1.576398491859436035e+00
-2.235532999038696289e+00 -1.047289520502090454e-01
5.729323625564575195e-01 -5.019152164459228516e-01
-3.014844357967376709e-01 1.310702204704284668e+00
-1.804887413978576660e+00 1.473937869071960449e+00
-1.174127236008644104e-01 6.455587744712829590e-01
-1.487967967987060547e-01 1.074346899986267090e+00
-9.062099456787109375e-01 -2.748465240001678467e-01
-1.363105177879333496e+00 8.098044991493225098e-01
-7.023377418518066406e-01 4.771088063716888428e-01
-2.945776224136352539e+00 -1.196228027343750000e+00
2.168593257665634155e-01 -1.154268264770507812e+00
-3.243230283260345459e-01 1.945036530494689941e+00
1.476280689239501953e+00 1.388719439506530762e+00
-1.823888540267944336e+00 1.487403959035873413e-01
-3.408497273921966553e-01 1.543304920196533203e+00
1.140609383583068848e+00 -1.728428602218627930e+00
4.772045612335205078e-01 6.409988999366760254e-01
-1.481382846832275391e+00 2.119410991668701172e+00
-1.468719959259033203e+00 -1.830109000205993652e+00
7.100452780723571777e-01 6.862450838088989258e-01
-6.089602708816528320e-01 9.426010251045227051e-01
-9.496519565582275391e-01 4.250620305538177490e-02
-8.741672039031982422e-01 1.380221009254455566e+00
-7.622736692428588867e-01 1.091700553894042969e+00
-4.630141556262969971e-01 -1.370482921600341797e+00
2.858003079891204834e-01 -1.380444914102554321e-01
-1.076418042182922363e+00 7.144787907600402832e-01
5.506060123443603516e-01 2.699241042137145996e-01
-1.913288474082946777e+00 1.168220281600952148e+00
5.545007586479187012e-01 4.808934032917022705e-01
5.573389530181884766e-01 -3.697431981563568115e-01
9.054569005966186523e-01 1.717769145965576172e+00
-2.600922584533691406e+00 -7.531267404556274414e-01
2.811593711376190186e-01 -1.516554117202758789e+00
-1.325757056474685669e-01 1.540521979331970215e-01
-1.109956949949264526e-01 -7.548996806144714355e-01
-1.923068642616271973e+00 -2.542960405349731445e+00
-7.636749744415283203e-01 -1.345720980316400528e-02
3.846459388732910156e-01 -1.308668255805969238e+00
-1.562564373016357422e+00 -9.250251650810241699e-01
1.533562391996383667e-01 2.150338411331176758e+00
-7.094483971595764160e-01 2.905828714370727539e+00
4.800631701946258545e-01 -1.356267184019088745e-01
-3.983344137668609619e-02 6.202206015586853027e-01
1.503724098205566406e+00 -1.443047881126403809e+00
1.085592746734619141e+00 7.718117833137512207e-01
-3.599372208118438721e-01 -8.107677698135375977e-01
8.224925994873046875e-01 1.683558702468872070e+00
-1.477367758750915527e+00 -4.369163215160369873e-01
-2.446422129869461060e-01 -4.352925121784210205e-01
8.222402930259704590e-01 -1.976623654365539551e+00
-1.143130898475646973e+00 1.217341184616088867e+00
-4.854426681995391846e-01 3.178790509700775146e-01
-3.348876535892486572e-01 2.656967341899871826e-01
-5.369007587432861328e-01 8.339934796094894409e-02
1.713430404663085938e+00 6.379443407058715820e-02
7.108032703399658203e-01 -9.353147149085998535e-01
-8.408299088478088379e-02 3.116478212177753448e-03
2.164475321769714355e-01 -6.093392968177795410e-01
3.011354506015777588e-01 -1.009179711341857910e+00
7.096285372972488403e-02 -3.327033221721649170e-01
-1.607095301151275635e-01 8.945164084434509277e-01
7.761073112487792969e-01 -6.301782727241516113e-01
-4.004585444927215576e-01 8.318891525268554688e-01
-2.070780754089355469e+00 4.036054015159606934e-01
-6.908013224601745605e-01 -1.726598978042602539e+00
1.428555727005004883e+00 -3.417862951755523682e-01
8.617804199457168579e-02 -1.044004917144775391e+00
9.178029745817184448e-02 -6.590088605880737305e-01
6.724621653556823730e-01 -2.316366434097290039e+00
-2.118149399757385254e-02 1.090410590171813965e+00
4.398352205753326416e-01 1.996056318283081055e+00
9.279491901397705078e-01 -9.738048911094665527e-02
-7.423514127731323242e-01 7.771764397621154785e-01
4.631309583783149719e-02 5.820559859275817871e-01
-6.025761961936950684e-01 3.761940896511077881e-01
3.029012978076934814e-01 1.239193677902221680e+00
4.999465048313140869e-01 -1.958770990371704102e+00
-1.128918051719665527e+00 -1.497475147247314453e+00
7.482913136482238770e-01 -1.177897006273269653e-01
4.796372652053833008e-01 5.464211702346801758e-01
4.225856363773345947e-01 1.107344388961791992e+00
-3.320524990558624268e-01 -7.002041339874267578e-01
-8.840609788894653320e-01 -8.392124176025390625e-01
-5.091112852096557617e-01 8.556995391845703125e-01
-5.699724704027175903e-02 1.169861435890197754e+00
1.152572780847549438e-01 1.174113392829895020e+00
-2.979323267936706543e-02 1.857621669769287109e+00
-1.392211794853210449e+00 5.684332847595214844e-01
-8.968719094991683960e-02 1.555864214897155762e-01
1.656747460365295410e-01 -2.741254329681396484e+00
-7.685178518295288086e-01 1.401744037866592407e-02
-1.200136318802833557e-01 -1.175182700157165527e+00
-7.447174191474914551e-01 7.826267927885055542e-02
-7.656360268592834473e-01 -6.454879045486450195e-01
-6.446687579154968262e-01 -7.569746971130371094e-01
7.464084029197692871e-01 7.382423877716064453e-01
1.975208520889282227e-01 -7.031129002571105957e-01
1.788095355033874512e+00 -1.029637932777404785e+00
6.079803705215454102e-01 -4.109698832035064697e-01
-3.432939946651458740e-01 1.352373003959655762e+00
-4.577910602092742920e-01 1.153162479400634766e+00
-8.352860808372497559e-02 8.406739234924316406e-01
7.932072281837463379e-01 -9.822447896003723145e-01
-1.049729943275451660e+00 2.416750043630599976e-01
1.288858413696289062e+00 -7.130615115165710449e-01
-1.394464373588562012e+00 -2.201457738876342773e+00
3.297678530216217041e-01 -7.887486219406127930e-01
-6.463091969490051270e-01 -3.003122508525848389e-01
5.633760690689086914e-01 4.808203279972076416e-01
-3.330962955951690674e-01 1.131542563438415527e+00
3.862520158290863037e-01 3.164385557174682617e-01
-8.419154286384582520e-01 1.340130437165498734e-02
4.214611649513244629e-01 6.920511275529861450e-02
-1.192343115806579590e+00 -2.723578691482543945e+00
-1.724708318710327148e+00 8.662948012351989746e-01
-8.960464596748352051e-01 1.694858312606811523e+00
6.217405796051025391e-01 -2.780855596065521240e-01
2.314621210098266602e+00 -4.971525669097900391e-01
7.048712968826293945e-01 -1.780227899551391602e+00
5.758689045906066895e-01 2.607451915740966797e+00
3.928265571594238281e-01 1.388858199119567871e+00
-6.816627383232116699e-01 3.082019686698913574e-01
-2.425619602203369141e+00 -8.156607151031494141e-01
-1.057264208793640137e+00 7.452637553215026855e-01
-1.257324218750000000e+00 3.917186260223388672e-01
-1.420275449752807617e+00 -3.529847264289855957e-01
-4.095154255628585815e-02 1.369591712951660156e+00
-2.852713167667388916e-01 8.182522058486938477e-01
-1.121077299118041992e+00 6.792713403701782227e-01
1.160845518112182617e+00 1.687959909439086914e+00
1.594638824462890625e+00 1.213425517082214355e+00
3.173500895500183105e-01 -1.797200590372085571e-01
-7.161334156990051270e-01 -1.625439077615737915e-01
-6.369583010673522949e-01 1.421535372734069824e+00
1.191314697265625000e+00 -1.212268114089965820e+00
1.273295879364013672e-01 8.007004261016845703e-01
-1.702641010284423828e+00 -4.835892617702484131e-01
-2.208536863327026367e+00 -6.290772557258605957e-02
-1.319305777549743652e+00 -1.813179969787597656e+00
1.234093829989433289e-01 3.041626214981079102e-01
-6.070933341979980469e-01 -1.083731412887573242e+00
-1.179142445325851440e-01 -3.846037089824676514e-01
2.720293216407299042e-02 -1.633848071098327637e+00
3.495478257536888123e-02 5.782642364501953125e-01
1.285050511360168457e+00 -4.713686704635620117e-01
1.259853601455688477e+00 -1.911518454551696777e+00
-2.570627927780151367e-01 9.450601935386657715e-01
-8.152204155921936035e-01 6.149358153343200684e-01
1.432334184646606445e-01 -7.697222828865051270e-01
6.778528094291687012e-01 -6.737932562828063965e-01
-4.674658477306365967e-01 1.949407011270523071e-01
6.150236129760742188e-01 2.499798059463500977e+00
1.829122185707092285e+00 3.472796380519866943e-01
7.355008125305175781e-01 4.440856277942657471e-01
4.285696744918823242e-01 3.515930473804473877e-01
2.750828564167022705e-01 -9.293214082717895508e-01
1.227507591247558594e+00 4.400739073753356934e-01
-2.194440603256225586e+00 1.259834885597229004e+00
-4.095782935619354248e-01 1.714892745018005371e+00
-1.386312603950500488e+00 4.746429026126861572e-01
-1.584909915924072266e+00 7.150846123695373535e-01
-9.023224711418151855e-01 -7.832332849502563477e-01
-6.440755128860473633e-01 -1.132683753967285156e+00
1.617087721824645996e-01 -2.396393567323684692e-01
-1.524687409400939941e+00 1.137084960937500000e+00
-8.304725289344787598e-01 -2.544365227222442627e-01
-1.623569488525390625e+00 1.251633644104003906e+00
-7.551817297935485840e-01 1.032571554183959961e+00
1.371059119701385498e-01 1.179616570472717285e+00
1.598825097084045410e+00 -3.294355571269989014e-01
-3.190709948539733887e-01 4.997157454490661621e-01
-4.279848337173461914e-01 -1.135898590087890625e+00
1.006474137306213379e+00 9.887934476137161255e-02
-8.994545936584472656e-01 3.138052225112915039e-01
-9.856038093566894531e-01 -2.309933006763458252e-01
-5.471048131585121155e-02 -1.671548783779144287e-01
-7.479257583618164062e-01 1.510463953018188477e+00
-8.279973864555358887e-01 -1.028025031089782715e+00
1.690351963043212891e+00 -2.187714576721191406e+00
-4.052601754665374756e-01 -1.459047675132751465e+00
-1.066487789154052734e+00 1.029345393180847168e+00
-2.774087479338049889e-03 1.039448618888854980e+00
-1.095089912414550781e+00 9.028257727622985840e-01
1.199985742568969727e+00 -7.693133354187011719e-01
1.427348423749208450e-02 -7.014427185058593750e-01
-7.081010937690734863e-01 -1.894496202468872070e+00
-4.824254214763641357e-01 7.994077801704406738e-01
6.681023240089416504e-01 3.933912515640258789e-01
-3.089324831962585449e-01 -6.244348883628845215e-01
5.533022880554199219e-01 -1.937387347221374512e+00
9.408803582191467285e-01 -9.729774594306945801e-01
2.109393358230590820e+00 -1.900616765022277832e+00
1.106908559799194336e+00 -9.250314831733703613e-01
6.183916330337524414e-01 4.806375205516815186e-01
-4.912991523742675781e-01 -1.503182172775268555e+00
1.736885190010070801e+00 -1.773931384086608887e+00
5.680528879165649414e-01 -1.746535658836364746e+00
-2.147423028945922852e+00 -3.742293268442153931e-02
-3.638915061950683594e+00 7.331943511962890625e-01
-3.514425829052925110e-02 3.640898689627647400e-02
1.897724986076354980e+00 -7.374149560928344727e-01
-5.952479839324951172e-01 8.520628809928894043e-01
9.843741655349731445e-01 -4.961825311183929443e-01
3.026986718177795410e-01 6.729422807693481445e-01
-1.644704341888427734e+00 -7.779958844184875488e-01
9.973064661026000977e-01 6.350212693214416504e-01
1.700863242149353027e-01 4.048881530761718750e-01
-1.462052226066589355e+00 1.427027583122253418e+00
-2.340646982192993164e+00 -7.789622545242309570e-01
-6.355887055397033691e-01 1.927034258842468262e-01
3.977583646774291992e-01 1.274805516004562378e-01
-5.244209170341491699e-01 2.247380912303924561e-01
9.066857397556304932e-02 -6.487497687339782715e-01
7.457895576953887939e-02 2.052852630615234375e+00
1.095226109027862549e-01 -8.888509124517440796e-02
2.102434396743774414e+00 -5.627921819686889648e-01
-8.395907282829284668e-01 -3.263631165027618408e-01
-3.289971053600311279e-01 1.281445860862731934e+00
-3.045481741428375244e-01 -1.990811526775360107e-01
2.798825502395629883e+00 -4.749172031879425049e-01
-1.343353271484375000e+00 1.564667105674743652e+00
5.903006196022033691e-01 -1.318194270133972168e+00
2.906209230422973633e-01 2.231324762105941772e-01
-1.095600128173828125e+00 1.377032697200775146e-01
-4.946316480636596680e-01 -1.149971365928649902e+00
-4.072665423154830933e-02 4.047682136297225952e-02
-4.664423167705535889e-01 -4.575947225093841553e-01
-4.034414291381835938e-01 -7.552971243858337402e-01
-1.353106498718261719e+00 -1.658496856689453125e+00
7.540001869201660156e-01 4.474519565701484680e-02
-1.966158449649810791e-01 5.997599959373474121e-01
-7.691554427146911621e-01 5.346295982599258423e-02
-1.545516252517700195e+00 -5.746099948883056641e-01
-9.963305592536926270e-01 -4.113441407680511475e-01
1.231908440589904785e+00 1.503247022628784180e+00
-1.250007629394531250e+00 5.909203886985778809e-01
-6.401625871658325195e-01 4.031721036881208420e-03
6.960541605949401855e-01 -4.381426572799682617e-01
-1.229536771774291992e+00 1.823223352432250977e+00
1.632321476936340332e-01 -3.437701165676116943e-01
-8.248667716979980469e-01 4.030760526657104492e-01
1.652702242136001587e-01 1.392046804539859295e-03
1.746743470430374146e-01 -4.982621073722839355e-01
-1.177214026451110840e+00 -9.921075403690338135e-02
-1.042968392372131348e+00 1.301895499229431152e+00
-2.199643135070800781e+00 1.169998764991760254e+00
1.960243135690689087e-01 -1.324403285980224609e+00
-7.179850339889526367e-01 -1.247085571289062500e+00
-2.580923318862915039e+00 1.272096037864685059e+00
8.445347547531127930e-01 -1.779580116271972656e-01
1.115201711654663086e+00 1.971165984869003296e-01
1.176315665245056152e+00 5.296743512153625488e-01
-3.656742274761199951e-01 7.232146263122558594e-01
-1.103871688246726990e-01 -7.434467673301696777e-01
-3.000291585922241211e-01 1.072678804397583008e+00
4.189306870102882385e-02 -1.301724076271057129e+00
1.190319180488586426e+00 8.625110387802124023e-01
-1.862407177686691284e-01 4.165791571140289307e-01
-5.884274467825889587e-02 1.322045207023620605e+00
3.280488252639770508e-01 8.917877674102783203e-01
-1.318481683731079102e+00 2.793997228145599365e-01
1.655594944953918457e+00 1.120842456817626953e+00
1.702782034873962402e+00 1.029226183891296387e+00
6.442209482192993164e-01 1.173069119453430176e+00
-8.112013339996337891e-01 7.126237154006958008e-01
-1.443036794662475586e+00 -1.790768653154373169e-01
8.673897385597229004e-01 -1.255184650421142578e+00
1.217092394828796387e+00 -1.712789535522460938e+00
8.459507226943969727e-01 1.128256440162658691e+00
-4.834649860858917236e-01 3.380453586578369141e-01
1.145575761795043945e+00 -6.368173360824584961e-01
3.843927383422851562e-01 -1.910668760538101196e-01
3.496256470680236816e-01 -1.607519984245300293e+00
-8.434169292449951172e-01 6.869865059852600098e-01
-1.475314497947692871e+00 1.295052766799926758e+00
9.314041733741760254e-01 -4.274405241012573242e-01
-5.689949393272399902e-01 3.798457980155944824e-01
-2.647991895675659180e+00 -9.384497404098510742e-01
-6.428626179695129395e-01 9.847689270973205566e-01
1.886790692806243896e-01 -4.992351531982421875e-01
-7.996878027915954590e-02 2.478327751159667969e+00
-4.745473861694335938e-01 1.122726917266845703e+00
1.554240882396697998e-01 1.258549809455871582e+00
-3.901997506618499756e-01 -9.444692134857177734e-01
-1.340741872787475586e+00 -7.844199538230895996e-01
3.850633800029754639e-01 6.132287383079528809e-01
1.463608026504516602e+00 8.324303030967712402e-01
6.447597146034240723e-01 6.254889369010925293e-01
-6.250343918800354004e-01 -9.205680489540100098e-01
5.838891863822937012e-01 5.708884596824645996e-01
-8.070315122604370117e-01 -1.007687687873840332e+00
-1.886542677879333496e+00 3.964565098285675049e-01
7.644377946853637695e-01 9.165991544723510742e-01
-1.448700666427612305e+00 5.825996994972229004e-01
7.729303240776062012e-01 -1.505887985229492188e+00
-1.947243809700012207e+00 3.160280287265777588e-01
-1.551266789436340332e+00 1.292645931243896484e+00
7.628169059753417969e-01 -1.637184500694274902e+00
5.903340503573417664e-02 1.061270236968994141e+00
-4.110481217503547668e-02 5.807530283927917480e-01
1.017199993133544922e+00 -8.970174193382263184e-02
-1.077348470687866211e+00 6.119202971458435059e-01
-6.105345487594604492e-01 1.177091598510742188e+00
-2.508612275123596191e-01 -8.906251788139343262e-01
-1.160113930702209473e+00 1.797951579093933105e+00
-4.121728539466857910e-01 7.999558746814727783e-02
1.392798662185668945e+00 -8.824897408485412598e-01
-3.472849428653717041e-01 -3.201428353786468506e-01
1.488625288009643555e+00 8.406844735145568848e-02
-1.211265683174133301e+00 7.902699708938598633e-01
8.031340241432189941e-01 -1.147223472595214844e+00
-4.735665321350097656e-01 7.711053639650344849e-02
1.279759854078292847e-01 4.588459432125091553e-01
3.144123554229736328e-01 5.533189177513122559e-01
-6.459532976150512695e-01 1.139380782842636108e-01
1.436655640602111816e+00 -1.007066845893859863e+00
1.771830916404724121e-01 -5.628776550292968750e-01
-1.494813203811645508e+00 -9.041740000247955322e-02
4.268157184123992920e-01 6.397090554237365723e-01
-3.751605749130249023e-01 -5.330995321273803711e-01
9.113964438438415527e-01 -2.243864834308624268e-01
-1.190416216850280762e+00 -7.757458370178937912e-03
1.659259438514709473e+00 -9.512706995010375977e-01
6.462853550910949707e-01 5.117301940917968750e-01
1.162989512085914612e-01 1.353482961654663086e+00
-1.614056229591369629e-01 -7.429326772689819336e-01
1.897420763969421387e+00 4.573141038417816162e-01
3.133718013763427734e+00 -2.210057973861694336e-01
3.305060863494873047e-01 -3.426326513290405273e-01
2.049644231796264648e+00 1.476591944694519043e+00
-2.792086265981197357e-02 -3.601762652397155762e-01
4.691607654094696045e-01 5.746490359306335449e-01
1.168936610221862793e+00 -8.579061627388000488e-01
-8.777106553316116333e-02 -6.206517815589904785e-01
-2.478065490722656250e-01 -2.331282198429107666e-01
-1.001983761787414551e+00 -3.915080800652503967e-02
5.081209912896156311e-02 -6.115976572036743164e-01
1.136386394500732422e-01 2.110385745763778687e-01
5.909540653228759766e-01 -7.598634362220764160e-01
-5.691090598702430725e-02 6.916589736938476562e-01
3.955302834510803223e-01 -5.158026218414306641e-01
-2.958040833473205566e-01 1.568286269903182983e-01
-1.088270783424377441e+00 2.122955173254013062e-01
-1.386407136917114258e+00 -2.230479419231414795e-01
-3.055343627929687500e+00 -7.859438061714172363e-01
-5.599626302719116211e-01 -5.775462388992309570e-01
-8.678559660911560059e-01 1.489063978195190430e+00
1.554845809936523438e+00 -1.929886490106582642e-01
-1.689257383346557617e+00 9.324771761894226074e-01
1.644465923309326172e+00 -1.033145338296890259e-01
-4.587855339050292969e-01 -1.149968266487121582e+00
-5.084154605865478516e-01 -9.822162389755249023e-01
-1.503488421440124512e+00 -6.583144664764404297e-01
2.831934392452239990e-01 -1.337459802627563477e+00
5.076147913932800293e-01 8.987582921981811523e-01
-1.416337847709655762e+00 1.530536532402038574e+00
-1.220545768737792969e+00 6.840494871139526367e-01
-1.602432608604431152e+00 -2.718471586704254150e-01
-7.799276113510131836e-01 -2.410303205251693726e-01
-8.832370638847351074e-01 -3.788942396640777588e-01
9.141152501106262207e-01 -5.435109138488769531e-01
-1.693804562091827393e-01 2.543373107910156250e-01
9.425954222679138184e-01 -4.931316077709197998e-01
2.986039407551288605e-02 5.539621114730834961e-01
1.290749192237854004e+00 -2.838797271251678467e-01
-1.432607620954513550e-01 1.265691399574279785e+00
-2.113670343533158302e-03 4.202031791210174561e-01
5.453592538833618164e-01 2.400729060173034668e-01
1.400465011596679688e+00 -7.239150404930114746e-01
-1.012993335723876953e+00 2.320473082363605499e-02
-4.844230413436889648e-02 5.074616670608520508e-01
-1.002466201782226562e+00 -4.826832711696624756e-01
5.590999498963356018e-04 3.058897703886032104e-02
1.165988683700561523e+00 -8.778395652770996094e-01
-1.576721966266632080e-01 6.815953850746154785e-01
4.933933168649673462e-02 1.083173751831054688e+00
-1.934543251991271973e-01 1.285263538360595703e+00
4.254126846790313721e-01 8.566247820854187012e-01
-4.706937670707702637e-01 -1.016386270523071289e+00
-9.346845746040344238e-01 -1.144699081778526306e-01
-6.993607878684997559e-01 -4.368591010570526123e-01
1.405978202819824219e-01 -4.125367999076843262e-01
6.429700255393981934e-01 1.027201890945434570e+00
-4.747049510478973389e-01 1.779187917709350586e+00
7.629238367080688477e-01 -2.975356578826904297e-01
4.544229805469512939e-01 -4.276458024978637695e-01
-6.689758300781250000e-01 -2.790268182754516602e+00
-1.392196416854858398e-01 5.641969442367553711e-01
-1.402759432792663574e+00 6.497097015380859375e-01
1.323884844779968262e+00 4.414469599723815918e-01
3.589915111660957336e-02 8.774611353874206543e-02
1.356303572654724121e+00 -1.029882073402404785e+00
1.161852717399597168e+00 -2.222817689180374146e-01
-9.634625911712646484e-01 1.295705556869506836e+00
-1.229055404663085938e+00 8.922070860862731934e-01
7.404940724372863770e-01 2.507474124431610107e-01
-1.194502487778663635e-01 -3.454602956771850586e-01
1.308086276054382324e+00 -2.339839786291122437e-01
1.380208253860473633e+00 -4.130824655294418335e-02
9.220756292343139648e-01 2.886265218257904053e-01
-1.221063971519470215e+00 1.669137030839920044e-01
1.941375732421875000e-01 -2.718071937561035156e+00
-1.195158958435058594e+00 -1.620809078216552734e+00
-1.260781586170196533e-01 -8.196914792060852051e-01
-1.192260384559631348e-01 1.654496490955352783e-01
-1.198374629020690918e+00 -4.524854198098182678e-02
1.126337528228759766e+00 2.728203535079956055e-01
9.281165599822998047e-01 -2.321205884218215942e-01
9.936681389808654785e-01 2.636910080909729004e-01
-1.271585345268249512e+00 4.767919182777404785e-01
-2.231471300125122070e+00 -5.139182209968566895e-01
-2.942701578140258789e-01 3.400638103485107422e-01
2.568200826644897461e-01 7.626150250434875488e-01
-7.288806885480880737e-02 1.130460739135742188e+00
1.046613454818725586e+00 1.925977706909179688e+00
6.321061402559280396e-02 -3.062575757503509521e-01
1.617443710565567017e-01 -4.775168001651763916e-01
-6.853440403938293457e-02 2.345233440399169922e+00
1.496814727783203125e+00 1.182512521743774414e+00
1.178597688674926758e+00 -1.088537573814392090e-01
5.698004961013793945e-01 1.687364339828491211e+00
-9.095092415809631348e-01 -1.102591633796691895e+00
9.562077373266220093e-02 -1.479844450950622559e+00
1.876444935798645020e+00 4.077220857143402100e-01
8.004029393196105957e-01 3.502881899476051331e-02
-1.294631481170654297e+00 6.252760291099548340e-01
5.740027427673339844e-01 2.669743597507476807e-01
7.397394180297851562e-01 -1.313449144363403320e+00
5.046793818473815918e-01 -1.256853342056274414e+00
-2.928407490253448486e-01 3.989856317639350891e-02
-8.085305690765380859e-01 5.418802499771118164e-01
-6.864415407180786133e-01 1.150245547294616699e+00
9.312584400177001953e-01 -3.108162283897399902e-01
-1.339734196662902832e+00 8.298426270484924316e-01
1.462178111076354980e+00 -2.927494049072265625e-01
4.299305677413940430e-01 7.994571328163146973e-01
-8.386720418930053711e-01 4.929684400558471680e-01
-8.141804933547973633e-01 -1.740021705627441406e+00
6.796531677246093750e-01 -4.104010164737701416e-01
1.743237972259521484e+00 -6.186082214117050171e-02
-1.118318796157836914e+00 -7.355667650699615479e-02
-1.437715142965316772e-01 2.349616765975952148e+00
-1.270212411880493164e+00 -1.879525899887084961e+00
-1.840336441993713379e+00 -7.747132182121276855e-01
-5.529220104217529297e-01 2.577755451202392578e+00
1.264940500259399414e+00 -4.195042848587036133e-01
-8.037120848894119263e-02 -3.514327704906463623e-01
-1.230342268943786621e+00 -2.083981782197952271e-01
4.403211474418640137e-01 8.086955547332763672e-01
1.843992829322814941e+00 1.432606458663940430e+00
-1.114253163337707520e+00 -2.418298721313476562e-01
4.193673431873321533e-01 -2.048880577087402344e+00
-1.350869178771972656e+00 8.381388783454895020e-01
1.439520835876464844e+00 2.546341717243194580e-01
-6.412600874900817871e-01 8.966847062110900879e-01
6.800441741943359375e-01 -1.100947022438049316e+00
-9.998468756675720215e-01 1.109524369239807129e-01
-9.585850238800048828e-01 8.851473927497863770e-01
-1.390957355499267578e+00 1.427885770797729492e+00
-1.004889845848083496e+00 -1.905427575111389160e+00
-3.239935934543609619e-01 -7.616116851568222046e-02
1.724338680505752563e-01 -8.778020143508911133e-01
-3.079131841659545898e-01 -6.783425807952880859e-01
-2.152423113584518433e-01 1.528177142143249512e+00
2.013537645339965820e+00 -4.655921459197998047e-01
-5.251073241233825684e-01 -3.944892063736915588e-02
4.128819108009338379e-01 -5.570442676544189453e-01
-8.414673209190368652e-01 1.466881513595581055e+00
1.105643868446350098e+00 1.263585500419139862e-02
5.642616748809814453e-01 1.193101644515991211e+00
2.425264716148376465e-01 -8.958079218864440918e-01
1.565001845359802246e+00 -5.196899771690368652e-01
-1.184392333030700684e+00 6.605573296546936035e-01
-3.718177080154418945e-01 1.414311647415161133e+00
-1.595057696104049683e-01 1.750215440988540649e-01
-6.292764097452163696e-02 -8.456208109855651855e-01
1.264655590057373047e-01 -4.212191402912139893e-01
-3.823192119598388672e-01 7.376442551612854004e-01
-1.831124424934387207e+00 -1.327432394027709961e+00
1.447542190551757812e+00 -1.005340576171875000e+00
-6.853727102279663086e-01 2.784822136163711548e-02
-1.529282689094543457e+00 -1.022909998893737793e+00
1.247851371765136719e+00 5.799091458320617676e-01
8.163480758666992188e-01 -1.194510698318481445e+00
1.377357244491577148e+00 5.117519497871398926e-01
-2.893182635307312012e-01 -3.426633179187774658e-01
2.523490488529205322e-01 -9.144415855407714844e-01
5.620906502008438110e-02 8.813109993934631348e-01
5.241929292678833008e-01 3.851954340934753418e-01
6.026020646095275879e-01 -4.988467693328857422e-02
6.496464014053344727e-01 -7.144069075584411621e-01
-3.407774865627288818e-01 1.319556117057800293e+00
-2.851211428642272949e-01 -1.038413763046264648e+00
-5.538324639201164246e-02 -1.206632256507873535e-01
-2.617195844650268555e-01 4.876352250576019287e-01
-2.909758873283863068e-02 -5.025005936622619629e-01
2.232235431671142578e+00 5.813447833061218262e-01
8.648016452789306641e-01 -3.350694477558135986e-02
-2.236701011657714844e+00 6.733474880456924438e-02
1.683811306953430176e+00 9.274306893348693848e-01
-2.130693912506103516e+00 1.285576939582824707e+00
7.256972193717956543e-01 3.728264570236206055e-01
5.247666835784912109e-01 -1.935029625892639160e-01
1.843478202819824219e+00 4.416919350624084473e-01
9.263998270034790039e-01 8.103821277618408203e-01
-4.892497956752777100e-01 -8.573771119117736816e-01
-7.821012288331985474e-02 -7.402642965316772461e-01
-1.130139306187629700e-01 -7.236807346343994141e-01
-1.203985095024108887e+00 1.896904230117797852e+00
2.593468427658081055e-01 -1.577056169509887695e+00
-7.322055697441101074e-01 -4.595703780651092529e-01
3.806088864803314209e-01 3.986477851867675781e-01
1.297604084014892578e+00 -1.039962530136108398e+00
-8.754752874374389648e-01 -2.232268005609512329e-01
2.114230155944824219e+00 3.685595989227294922e-01
1.531614512205123901e-01 1.066141009330749512e+00
2.630938589572906494e-01 4.443492293357849121e-01
-8.614142537117004395e-01 2.098964154720306396e-01
4.035272300243377686e-01 -1.013297915458679199e+00
-1.529687941074371338e-01 -3.727050721645355225e-01
4.288888573646545410e-01 -9.902490973472595215e-01
1.195323109626770020e+00 3.928432464599609375e-01
7.735568098723888397e-03 1.364655137062072754e+00
-1.577458381652832031e-01 6.806984543800354004e-01
9.590488672256469727e-01 -6.647947430610656738e-01
1.702465891838073730e+00 -1.344149470329284668e+00
5.835167765617370605e-01 -5.517491698265075684e-02
-6.065409183502197266e-01 -6.859890222549438477e-01
-3.241647183895111084e-01 -5.998868346214294434e-01
7.969190925359725952e-02 8.719691634178161621e-01
-4.833826124668121338e-01 -2.491100132465362549e-01
-1.368943095207214355e+00 -6.772540807723999023e-01
-2.010023355484008789e+00 -1.797824054956436157e-01
2.346319437026977539e+00 2.002780914306640625e+00
2.125100612640380859e+00 3.279169648885726929e-02
-2.165932655334472656e+00 -8.382267355918884277e-01
5.289289355278015137e-01 -7.497770190238952637e-01
1.264101982116699219e+00 4.846694469451904297e-01
-1.257476687431335449e+00 2.776613533496856689e-01
2.208187431097030640e-01 1.469998240470886230e+00
1.459708571434020996e+00 2.196471214294433594e+00
-1.998101472854614258e+00 1.691221356391906738e+00
-5.213740095496177673e-02 -1.230212211608886719e+00
7.574793696403503418e-02 2.972724437713623047e-01
-1.397885441780090332e+00 2.762902975082397461e-01
8.301824331283569336e-01 -5.306001305580139160e-01
1.246508955955505371e+00 1.341868877410888672e+00
-5.967387557029724121e-01 -9.129928350448608398e-01
6.656737923622131348e-01 -9.164695739746093750e-01
2.386227548122406006e-01 -8.227756023406982422e-01
1.970820069313049316e+00 -1.303739547729492188e+00
6.678959727287292480e-01 1.958162188529968262e-01
-2.228532582521438599e-01 -1.135853767395019531e+00
8.751257658004760742e-01 1.295772075653076172e+00
5.501606464385986328e-01 -1.529964566230773926e+00
3.948807239532470703e+00 3.035663068294525146e-01
-1.252974629402160645e+00 3.580750823020935059e-01
1.144110321998596191e+00 8.503580093383789062e-01
1.875810623168945312e+00 -8.374631404876708984e-01
1.171092271804809570e+00 8.276382684707641602e-01
1.088714599609375000e+00 -1.641730904579162598e+00
-4.112545400857925415e-02 -7.408561706542968750e-01
8.297569155693054199e-01 -8.008100986480712891e-01
-2.028834342956542969e+00 1.430946707725524902e+00
1.611820220947265625e+00 -4.676911532878875732e-01
-1.716119766235351562e+00 5.269865989685058594e-01
2.482338249683380127e-01 9.367993474006652832e-01
-1.937373280525207520e+00 -3.277167677879333496e-02
-9.312056303024291992e-01 3.015968501567840576e-01
1.388683766126632690e-01 9.257969856262207031e-01
-4.546289443969726562e-01 -1.735884845256805420e-01
2.059350967407226562e+00 -5.116821527481079102e-01
8.992881178855895996e-01 6.377254724502563477e-01
1.647569894790649414e+00 2.991478890180587769e-02
-7.874960899353027344e-01 -1.306153088808059692e-01
1.371523976325988770e+00 -1.668558716773986816e+00
1.572661757469177246e+00 6.818864941596984863e-01
-1.382177919149398804e-01 9.488606452941894531e-01
1.292524933815002441e+00 -9.132899045944213867e-01
1.422118425369262695e+00 3.054465949535369873e-01
7.378534078598022461e-01 4.080839157104492188e-01
-6.049053072929382324e-01 1.527006030082702637e+00
-3.145439624786376953e-01 -2.041628122329711914e+00
-1.342505693435668945e+00 2.280688583850860596e-01
-1.526204124093055725e-02 6.955312490463256836e-01
-1.899891734123229980e+00 -7.178977131843566895e-02
-4.754689037799835205e-01 -4.069679677486419678e-01
-1.296867132186889648e+00 4.910988211631774902e-01
-8.689297437667846680e-01 2.412272542715072632e-01
3.068740069866180420e-01 6.320070624351501465e-01
-3.050012290477752686e-01 7.631527185440063477e-01
-3.205262497067451477e-02 -4.752061665058135986e-01
4.665833413600921631e-01 -9.113861918449401855e-01
7.668546438217163086e-01 7.779135107994079590e-01
-3.895306885242462158e-01 1.092152714729309082e+00
-2.692196071147918701e-01 -1.671394109725952148e+00
-1.822440743446350098e+00 5.813242793083190918e-01
3.798215389251708984e-01 -9.254886507987976074e-01
-9.474930167198181152e-01 1.079689264297485352e+00
1.956448554992675781e-01 9.233891963958740234e-01
-1.471601426601409912e-01 -9.023669362068176270e-02
-5.996516346931457520e-01 -3.870005309581756592e-01
-1.285674214363098145e+00 2.652444243431091309e-01
-3.627410829067230225e-01 2.904170751571655273e-01
4.886296093463897705e-01 8.710583299398422241e-02
-1.398825347423553467e-01 -8.881435990333557129e-01
-9.094935059547424316e-01 -3.438872694969177246e-01
1.457673311233520508e+00 2.328077703714370728e-01
-1.313576221466064453e+00 -6.607738882303237915e-02
2.254574000835418701e-01 1.377419590950012207e+00
-6.070656776428222656e-01 1.579086184501647949e+00
1.174857735633850098e+00 -5.317655801773071289e-01
7.572420239448547363e-01 -1.407951414585113525e-01
1.132923483848571777e+00 -1.858687400817871094e+00
2.547827005386352539e+00 4.022336900234222412e-01
1.413525581359863281e+00 -1.583863854408264160e+00
2.400474071502685547e+00 -1.006219506263732910e+00
6.384205818176269531e-01 1.595787763595581055e+00
5.308281779289245605e-01 -5.659715533256530762e-01
1.613984346389770508e+00 3.532584905624389648e-01
-5.767457485198974609e-01 4.856407940387725830e-01
-1.751851886510848999e-01 -2.048662677407264709e-02
2.306023538112640381e-01 9.904550909996032715e-01
-3.800905644893646240e-01 -1.082853198051452637e+00
1.161955595016479492e+00 -6.412318348884582520e-01
3.248119652271270752e-01 -2.240273058414459229e-01
-1.393925070762634277e+00 2.330519437789916992e+00
-5.272629261016845703e-01 3.517353534698486328e-01
-6.873898091726005077e-04 -4.498520493507385254e-02
-1.474163055419921875e+00 -2.672176957130432129e-01
-1.803191184997558594e+00 -8.035508394241333008e-01
2.904193103313446045e-01 -2.390241622924804688e-01
-1.512061595916748047e+00 -5.168214440345764160e-01
8.086436986923217773e-01 1.459552407264709473e+00
1.320353031158447266e+00 -5.776956677436828613e-01
5.120995044708251953e-01 -5.390886664390563965e-01
-3.443353474140167236e-01 1.061035394668579102e+00
2.302451610565185547e+00 6.489354968070983887e-01
-8.028954267501831055e-01 9.449163079261779785e-02
-2.606765627861022949e-01 5.917821824550628662e-02
8.393369317054748535e-01 -2.769176661968231201e-01
6.912913322448730469e-01 -1.355272293090820312e+00
4.688688367605209351e-02 6.121960878372192383e-01
3.810768127441406250e-01 -1.037295341491699219e+00
1.796943545341491699e-01 6.612038612365722656e-01
6.115802526473999023e-01 -1.616451501846313477e+00
-1.019195556640625000e+00 2.024469971656799316e-01
-9.463993832468986511e-03 -8.142878115177154541e-02
-4.840501844882965088e-01 1.690862625837326050e-01
5.457521677017211914e-01 -6.721327304840087891e-01
-5.651395916938781738e-01 6.591535210609436035e-01
-1.123966097831726074e+00 -2.262386381626129150e-01
5.515637397766113281e-01 1.500561475753784180e+00
-4.061298966407775879e-01 -7.825713157653808594e-01
-1.057516574859619141e+00 -9.501472115516662598e-01
-1.226232573390007019e-01 2.165561199188232422e+00
-1.865182995796203613e+00 -1.736171364784240723e+00
-1.818829536437988281e+00 4.749224707484245300e-02
-1.557043045759201050e-01 -1.403513193130493164e+00
-3.173870146274566650e-01 -1.078771948814392090e+00
6.237321719527244568e-02 -2.202818542718887329e-01
-2.166115194559097290e-01 -1.180825710296630859e+00
1.171922326087951660e+00 -8.737393021583557129e-01
-2.016591072082519531e+00 -1.457145333290100098e+00
-7.199372649192810059e-01 9.624149799346923828e-01
1.149603486061096191e+00 -6.841027140617370605e-01
-8.990567326545715332e-01 -7.209100723266601562e-01
-7.796269841492176056e-03 -6.373122334480285645e-01
6.608374118804931641e-01 2.849655151367187500e-01
7.560555934906005859e-01 3.154955804347991943e-01
1.014353990554809570e+00 -6.930667757987976074e-01
9.013915657997131348e-01 -4.526237025856971741e-02
-5.775285959243774414e-01 1.442888736724853516e+00
1.159437537193298340e+00 -2.367220669984817505e-01
-1.271509885787963867e+00 1.303258776664733887e+00
1.610864996910095215e+00 -7.610893249511718750e-01
-1.215718984603881836e+00 -5.621305108070373535e-01
-2.199310995638370514e-02 -3.133938312530517578e-01
4.684711992740631104e-01 2.217159420251846313e-01
9.237231016159057617e-01 -1.166831493377685547e+00
6.067075729370117188e-01 3.994979262351989746e-01
-4.582670629024505615e-01 -2.486796230077743530e-01
-6.010337471961975098e-01 6.507232189178466797e-01
1.155970096588134766e+00 -7.359428405761718750e-01
3.835607767105102539e-01 -1.914349794387817383e+00
-1.042597413063049316e+00 -3.661697506904602051e-01
7.146170735359191895e-01 4.845786392688751221e-01
-4.803659617900848389e-01 3.969137668609619141e-01
3.584817647933959961e-01 -3.010495305061340332e-01
-1.364676713943481445e+00 2.977756857872009277e-01
-6.825395822525024414e-01 2.539135813713073730e-01
-1.192558646202087402e+00 -8.763905763626098633e-01
-1.620467782020568848e+00 -7.862866520881652832e-01
-2.338038235902786255e-01 1.044535636901855469e+00
1.028834804892539978e-01 1.710868000984191895e+00
-4.599016606807708740e-01 3.786166012287139893e-01
1.263545751571655273e+00 -5.438656210899353027e-01
-4.268381893634796143e-01 5.254492163658142090e-01
1.030653715133666992e+00 -1.367978900671005249e-01
-1.206272125244140625e+00 -1.421693205833435059e+00
1.422761917114257812e+00 1.287265777587890625e+00
4.564721286296844482e-01 -2.936231136322021484e+00
9.545927047729492188e-01 -4.996049404144287109e-01
1.522832632064819336e+00 -1.117439389228820801e+00
6.721912026405334473e-01 -3.991833925247192383e-01
-8.125458955764770508e-01 -2.313111573457717896e-01
-9.990199208259582520e-01 -1.414792299270629883e+00
-1.809171587228775024e-02 2.345686405897140503e-01
3.268558084964752197e-01 4.786138236522674561e-01
-6.420565247535705566e-01 3.107255399227142334e-01
5.371295213699340820e-01 2.560598850250244141e-01
-1.489405393600463867e+00 4.739298820495605469e-01
1.094983458518981934e+00 6.794491410255432129e-01
5.384440422058105469e-01 -9.135273694992065430e-01
6.233867630362510681e-02 -8.456469178199768066e-01
-1.556149601936340332e+00 3.766378760337829590e-01
1.563974738121032715e+00 4.565249085426330566e-01
7.611820697784423828e-01 -6.116867661476135254e-01
2.245288491249084473e-01 -1.029250144958496094e+00
-7.021915912628173828e-01 2.981083989143371582e-01
1.711285471916198730e+00 -5.770894885063171387e-01
-7.034480571746826172e-02 1.065860390663146973e+00
-5.291057378053665161e-02 5.624508261680603027e-01
2.118148058652877808e-01 -1.274147987365722656e+00
7.244645953178405762e-01 4.112469255924224854e-01
-7.005274295806884766e-01 2.432661056518554688e+00
-6.587529182434082031e-01 1.490242332220077515e-01
1.287490278482437134e-01 1.875547289848327637e+00
-5.053480863571166992e-01 -3.643624112010002136e-02
-3.136447966098785400e-01 8.503003045916557312e-03
-3.707585334777832031e-01 1.080489397048950195e+00
1.740886449813842773e+00 -5.796741694211959839e-03
-3.043779432773590088e-01 -4.354868084192276001e-03
-6.210400462150573730e-01 1.489728502929210663e-02
4.567019641399383545e-02 -9.855108857154846191e-01
-4.050669968128204346e-01 6.361603736877441406e-01
-6.451848745346069336e-01 -3.944928348064422607e-01
-2.005571126937866211e+00 1.627678751945495605e+00
-2.717209756374359131e-01 5.883764624595642090e-01
8.715848326683044434e-01 7.390141487121582031e-01
2.500635147094726562e+00 -1.260737031698226929e-01
5.112154483795166016e-01 -3.257449269294738770e-01
-1.081563830375671387e+00 -5.178443193435668945e-01
-5.338276177644729614e-02 1.718259572982788086e+00
-8.467962741851806641e-01 7.546690106391906738e-01
2.307183295488357544e-01 1.867732763290405273e+00
1.404827475547790527e+00 3.120607733726501465e-01
-2.245486021041870117e+00 6.918708682060241699e-01
-4.902135729789733887e-01 -4.525678753852844238e-01
3.861364722251892090e-01 1.627484321594238281e+00
-8.861875534057617188e-02 -4.490545392036437988e-01
-5.532328486442565918e-01 7.017042636871337891e-01
1.531583786010742188e+00 -1.696891307830810547e+00
-9.165160655975341797e-01 -2.437380841001868248e-03
2.069488763809204102e+00 3.764255344867706299e-01
5.587984323501586914e-01 5.325224995613098145e-01
2.165159583091735840e-01 1.262927770614624023e+00
5.705876350402832031e-01 -7.804947346448898315e-02
1.720369100570678711e+00 -9.891605973243713379e-01
2.844065129756927490e-01 5.605583786964416504e-01
-1.490724235773086548e-01 1.257395744323730469e+00
8.584472537040710449e-01 -1.291268110275268555e+00
3.642982840538024902e-01 -8.387141227722167969e-01
8.659328818321228027e-01 2.158755064010620117e+00
-1.409010767936706543e+00 -6.223657131195068359e-01
1.801558583974838257e-01 1.438947319984436035e+00
9.173160791397094727e-02 1.375850319862365723e+00
3.113683164119720459e-01 -4.877538681030273438e-01
9.723522663116455078e-01 -4.572975262999534607e-02
3.922824561595916748e-01 1.280207484960556030e-01
3.615234196186065674e-01 8.464563488960266113e-01
5.976318120956420898e-01 4.368350803852081299e-01
-5.071690678596496582e-01 6.119805201888084412e-02
1.848631501197814941e-01 3.573556244373321533e-01
-9.053464531898498535e-01 -3.200996518135070801e-01
9.735082387924194336e-01 -4.033420085906982422e-01
-8.372299075126647949e-01 -2.144275307655334473e-01
1.042849063873291016e+00 3.205196559429168701e-01
6.850519180297851562e-01 5.296514630317687988e-01
-5.544953793287277222e-02 -1.099871397018432617e+00
5.031651854515075684e-01 1.516585648059844971e-01
-1.121128797531127930e+00 2.677563130855560303e-01
2.702280580997467041e-01 5.123253464698791504e-01
-9.205852746963500977e-01 -1.461351156234741211e+00
4.024360179901123047e-01 8.092502951622009277e-01
6.614114046096801758e-01 -1.777192831039428711e+00
8.677672147750854492e-01 -1.453411579132080078e+00
-1.124181747436523438e+00 -3.488849475979804993e-02
-6.737815737724304199e-01 -6.631546020507812500e-01
7.859688401222229004e-01 7.554950714111328125e-01
-8.675870299339294434e-01 -1.261670351028442383e+00
1.949812173843383789e-01 4.726068377494812012e-01
-7.266685962677001953e-01 -6.452190279960632324e-01
-5.861844420433044434e-01 5.166032165288925171e-02
2.894390523433685303e-01 -3.471480309963226318e-02
4.127593338489532471e-02 -2.625137567520141602e-02
3.612026870250701904e-01 -7.201983034610748291e-02
1.682322025299072266e+00 -8.995149731636047363e-01
1.710516333580017090e+00 7.177081108093261719e-01
-1.214992523193359375e+00 -1.419196128845214844e-01
-6.054325103759765625e-01 -8.952964097261428833e-02
-5.295097827911376953e-01 -8.836241364479064941e-01
-8.671346902847290039e-01 5.684552192687988281e-01
1.303660750389099121e+00 3.357777744531631470e-02
-9.478022456169128418e-01 7.887299288995563984e-04
1.410991072654724121e+00 -4.099850356578826904e-01
9.148486852645874023e-01 -1.083910465240478516e+00
-1.957568228244781494e-01 9.697227925062179565e-02
-3.032077848911285400e-01 1.496971011161804199e+00
6.982919573783874512e-01 1.175377964973449707e+00
-2.394938707351684570e+00 -1.665106892585754395e+00
9.073572158813476562e-01 -1.002695918083190918e+00
1.058856025338172913e-01 -5.602636337280273438e-01
-1.080502420663833618e-01 -1.494736194610595703e+00
1.815163642168045044e-01 1.304962188005447388e-01
-7.327408790588378906e-01 -1.218949675559997559e+00
-1.633963137865066528e-01 -8.724987506866455078e-02
1.796439409255981445e+00 3.537489473819732666e-02
-6.089261770248413086e-01 3.975080549716949463e-01
1.065193653106689453e+00 1.602611303329467773e+00
1.612020432949066162e-01 -1.023205399513244629e+00
3.196502327919006348e-01 2.315405607223510742e+00
-1.009475663304328918e-01 -3.874173760414123535e-01
-1.093576908111572266e+00 4.382971227169036865e-01
-3.184685409069061279e-01 -5.129339639097452164e-03
-3.698052763938903809e-01 6.407063603401184082e-01
1.139578461647033691e+00 -6.242050528526306152e-01
6.881945133209228516e-01 5.556070804595947266e-02
-2.479296475648880005e-01 -4.586240351200103760e-01
6.203518509864807129e-01 2.206000328063964844e+00
2.734073400497436523e-01 5.745263695716857910e-01
1.886752843856811523e+00 -1.077501535415649414e+00
-8.486802577972412109e-01 -1.844999790191650391e-01
-5.336021780967712402e-01 1.495899796485900879e+00
1.431348562240600586e+00 1.372010469436645508e+00
1.482942938804626465e+00 6.596679687500000000e-01
-1.042019009590148926e+00 -6.109091639518737793e-02
1.925615966320037842e-01 -7.022023200988769531e-01
1.130795359611511230e+00 -1.003767728805541992e+00
-4.341881871223449707e-01 1.237397193908691406e+00
7.516778260469436646e-02 1.339572191238403320e+00
3.930212557315826416e-01 -2.714819014072418213e-01
-5.832829475402832031e-01 1.285398721694946289e+00
5.103936195373535156e-01 -5.467392504215240479e-02
-8.305020928382873535e-01 1.009243369102478027e+00
5.679143071174621582e-01 -7.435730695724487305e-01
-1.850594639778137207e+00 7.462985515594482422e-01
1.164853498339653015e-01 -9.011560678482055664e-01
-2.078447818756103516e+00 1.821805834770202637e-01
1.341216564178466797e+00 -8.033416867256164551e-01
-1.705347746610641479e-01 7.647451758384704590e-01
9.005340337753295898e-01 1.235617280006408691e+00
8.062799572944641113e-01 2.772434242069721222e-02
-2.704416811466217041e-01 1.654870510101318359e+00
-7.526534199714660645e-01 -4.075178802013397217e-01
-1.346639037132263184e+00 1.233927130699157715e+00
-1.492397785186767578e+00 -7.478935718536376953e-01
4.892957806587219238e-01 -8.395230770111083984e-01
3.334657251834869385e-01 7.576155066490173340e-01
9.717704057693481445e-01 -7.084944844245910645e-01
4.026695191860198975e-01 1.480445027351379395e+00
-6.914311051368713379e-01 -6.912050247192382812e-01
8.325639367103576660e-02 6.404503583908081055e-01
1.032587051391601562e+00 5.632147789001464844e-01
6.165966987609863281e-01 -7.395648956298828125e-01
-5.560352802276611328e-01 1.085319995880126953e+00
-8.147828578948974609e-01 -4.182639420032501221e-01
-2.504716634750366211e+00 8.711040616035461426e-01
-5.030965209007263184e-01 -1.018753528594970703e+00
-1.059088945388793945e+00 4.444033205509185791e-01
6.939396858215332031e-01 1.349887609481811523e+00
-2.868364155292510986e-01 -1.018325448036193848e+00
-2.060759782791137695e+00 3.541152477264404297e-01
6.392433643341064453e-01 -9.295617043972015381e-02
-5.378744602203369141e-01 -3.025418519973754883e-02
8.990724384784698486e-02 8.078349828720092773e-01
-1.934184432029724121e-01 -2.315285429358482361e-02
3.297282457351684570e-01 -9.930102229118347168e-01
5.484897494316101074e-01 -7.414060831069946289e-01
2.505198240280151367e+00 4.021248519420623779e-01
-4.275244772434234619e-01 8.900133371353149414e-01
2.086390852928161621e-01 1.084694266319274902e+00
-9.739249348640441895e-01 9.571802020072937012e-01
1.158895492553710938e+00 1.186603307723999023e+00
-1.732781171798706055e+00 1.847243309020996094e-01
1.549499392509460449e+00 -1.153696402907371521e-01
-9.173920750617980957e-01 6.572963595390319824e-01
8.832712173461914062e-01 -1.158337593078613281e+00
-1.930679440498352051e+00 7.698041200637817383e-02
-1.259400129318237305e+00 -8.087546825408935547e-01
2.665334008634090424e-02 -7.056878209114074707e-01
3.506508171558380127e-01 2.765951752662658691e-01
-6.878864765167236328e-01 -9.558933973312377930e-01
-5.385428071022033691e-01 7.117104530334472656e-02
9.693382978439331055e-01 -2.251481264829635620e-01
4.433196187019348145e-01 1.101624011993408203e+00
-1.910124421119689941e-01 -3.844779431819915771e-01
-9.120807647705078125e-01 1.186343908309936523e+00
-1.320333838462829590e+00 3.562680482864379883e-01
-5.564599037170410156e-01 1.221145749092102051e+00
-4.724218696355819702e-02 8.185057044029235840e-01
1.052383065223693848e+00 -2.904519438743591309e-01
1.035577774047851562e+00 -7.632268667221069336e-01
-1.448470234870910645e+00 1.960120350122451782e-01
-1.384794473648071289e+00 9.196621775627136230e-01
7.353869676589965820e-01 5.470815896987915039e-01
1.464360859245061874e-02 -9.011188745498657227e-01
-1.038757324218750000e+00 7.044361233711242676e-01
1.183646798133850098e+00 -3.648521900177001953e-01
-2.014357566833496094e+00 1.322813153266906738e+00
-3.982825577259063721e-01 -1.944050490856170654e-01
-8.410998582839965820e-01 8.891748785972595215e-01
8.841082453727722168e-01 1.912095993757247925e-01
-1.327488660812377930e+00 -8.999822139739990234e-01
1.040506601333618164e+00 6.045383810997009277e-01
-1.536682099103927612e-01 -1.696613550186157227e+00
-5.897458195686340332e-01 -1.339442014694213867e+00
5.879640579223632812e-01 -5.441696643829345703e-01
3.400726616382598877e-01 1.821302026510238647e-01
4.245318472385406494e-01 -1.645064473152160645e+00
6.163390874862670898e-01 3.009890019893646240e-01
3.406248390674591064e-01 1.321562886238098145e+00
2.850720658898353577e-02 -3.779746890068054199e-01
7.752777934074401855e-01 6.114014387130737305e-01
-1.069085448980331421e-01 3.267818093299865723e-01
-2.199535369873046875e+00 1.329813599586486816e+00
-1.196936607360839844e+00 -8.458040952682495117e-01
-1.818147301673889160e+00 1.162832140922546387e+00
4.552639275789260864e-02 -9.120490550994873047e-01
-3.798181116580963135e-01 1.774916797876358032e-02
6.430785059928894043e-01 -9.606026113033294678e-02
8.817658424377441406e-01 -8.913397192955017090e-01
-3.389262780547142029e-02 3.884737193584442139e-01
-4.816545248031616211e-01 1.087963342666625977e+00
-7.936025857925415039e-01 -2.209753990173339844e+00
-1.217796802520751953e-01 8.407005667686462402e-01
-9.298207163810729980e-01 -1.003803133964538574e+00
4.843495488166809082e-01 -3.042148649692535400e-01
-1.017850279808044434e+00 4.445631206035614014e-01
1.206250786781311035e+00 -8.190648555755615234e-01
1.751330375671386719e+00 4.165315926074981689e-01
-1.776489019393920898e+00 -1.250702738761901855e+00
1.593655347824096680e+00 -4.452234506607055664e-01
-1.671256780624389648e+00 1.149997711181640625e+00
4.738061726093292236e-01 -4.418956339359283447e-01
-1.331624150276184082e+00 7.524023652076721191e-01
4.445880949497222900e-01 4.990188479423522949e-01
-2.770706117153167725e-01 -8.138932287693023682e-02
-2.326868534088134766e+00 4.026871025562286377e-01
5.317189693450927734e-01 -1.748503893613815308e-01
9.867367148399353027e-01 5.297591090202331543e-01
3.199649155139923096e-01 1.588359355926513672e+00
-3.766243755817413330e-01 8.561470508575439453e-01
-5.709189772605895996e-01 1.044167876243591309e-01
3.524687588214874268e-01 1.178077101707458496e+00
1.065801978111267090e+00 -9.340990781784057617e-01
4.814531207084655762e-01 -1.233674809336662292e-01
4.792938828468322754e-01 8.129427433013916016e-01
-1.759396553039550781e+00 -1.959958195686340332e+00
-7.013529539108276367e-01 4.861840605735778809e-01
3.770010173320770264e-01 7.111122366040945053e-03
-3.413004279136657715e-01 -4.820963442325592041e-01
2.010764740407466888e-02 5.223034024238586426e-01
-1.465447545051574707e+00 4.199502468109130859e-01
-1.370749771595001221e-01 -9.208833575248718262e-01
6.068052724003791809e-02 8.754943609237670898e-01
5.178323388099670410e-01 1.519480228424072266e+00
-9.341234564781188965e-01 -9.170082807540893555e-01
8.724949359893798828e-01 1.014320850372314453e+00
-6.559784412384033203e-01 1.661356568336486816e+00
-1.425116300582885742e+00 -1.796182513236999512e+00
6.694037914276123047e-01 6.628259420394897461e-01
-9.957733564078807831e-03 -5.552435517311096191e-01
3.814468383789062500e-01 -6.179428100585937500e-01
-1.059090942144393921e-01 2.801249623298645020e-01
1.008313775062561035e+00 -1.299163222312927246e+00
-9.253315329551696777e-01 -1.122715115547180176e+00
-6.040992736816406250e-01 2.838389575481414795e-01
3.549881875514984131e-01 -8.810610175132751465e-01
-8.044693470001220703e-01 -1.561585515737533569e-01
-9.761147499084472656e-01 7.624228000640869141e-01
1.550253987312316895e+00 1.412126064300537109e+00
-1.934313058853149414e+00 -9.826564192771911621e-01
-5.871421694755554199e-01 -1.795091480016708374e-02
-7.738742232322692871e-02 7.811199426651000977e-01
-7.231275439262390137e-01 -8.694501966238021851e-02
1.281954944133758545e-01 1.510775089263916016e+00
-7.816889323294162750e-03 -4.387222528457641602e-01
1.779735445976257324e+00 2.261067926883697510e-01
2.365767717361450195e+00 -8.568145632743835449e-01
1.292421340942382812e+00 -3.133026838302612305e+00
1.355140566825866699e+00 1.176520347595214844e+00
8.711307048797607422e-01 -1.056509375572204590e+00
6.762232184410095215e-01 8.940794318914413452e-02
1.485871195793151855e+00 -1.435588717460632324e+00
3.816916644573211670e-01 1.065925121307373047e+00
-8.521020412445068359e-01 7.270193696022033691e-01
-1.333892822265625000e+00 1.196892336010932922e-01
3.875740617513656616e-02 -9.205173850059509277e-01
1.063798308372497559e+00 2.357413291931152344e+00
-1.978921294212341309e+00 1.022536873817443848e+00
6.109773516654968262e-01 2.291996181011199951e-01
-2.256032705307006836e+00 4.248036444187164307e-01
-1.032563090324401855e+00 -3.527290225028991699e-01
-1.347406506538391113e+00 8.863599896430969238e-01
1.036911159753799438e-01 7.315561771392822266e-01
-1.629148572683334351e-01 -1.531254291534423828e+00
-7.755932211875915527e-01 -6.104342341423034668e-01
-1.445995688438415527e+00 1.906190812587738037e-01
-1.020777463912963867e+00 -1.243541717529296875e+00
-6.662988662719726562e-01 -5.975118279457092285e-01
8.989108204841613770e-01 -5.543218851089477539e-01
-2.839388251304626465e-01 1.408402174711227417e-01
5.580762773752212524e-02 -6.611453294754028320e-01
-1.962058186531066895e+00 2.229903221130371094e+00
-1.465945541858673096e-01 1.135514140129089355e+00
3.726900741457939148e-02 -3.889757990837097168e-01
-8.924056291580200195e-01 -1.069543123245239258e+00
2.770533859729766846e-01 2.483780235052108765e-01
-1.060351133346557617e+00 1.659363389015197754e+00
1.312872529029846191e+00 6.641429066658020020e-01
1.250150561332702637e+00 -8.599644899368286133e-01
-1.309026241302490234e+00 1.217534244060516357e-01
-4.971823096275329590e-01 -1.422677993774414062e+00
-1.572009325027465820e-01 6.706582847982645035e-03
6.330782175064086914e-01 4.419280588626861572e-01
-2.743234038352966309e-01 1.287170529365539551e+00
6.372416615486145020e-01 -9.283314943313598633e-01
-2.287986874580383301e-01 2.992002665996551514e-02
2.235120981931686401e-01 -1.860597610473632812e+00
-1.523606300354003906e+00 -1.760045647621154785e+00
9.606765210628509521e-02 -3.693092167377471924e-01
-1.700536161661148071e-01 1.159823417663574219e+00
-4.518276751041412354e-01 3.686490654945373535e-01
-1.428108811378479004e+00 -4.728261232376098633e-01
6.439943313598632812e-01 -3.058518767356872559e-01
-1.353852748870849609e+00 2.907205224037170410e-01
-1.491888880729675293e+00 -3.942907601594924927e-02
-1.651906520128250122e-01 -2.186465542763471603e-03
2.720251977443695068e-01 -2.550874650478363037e-01
6.059882417321205139e-02 -5.238132476806640625e-01
1.871328651905059814e-01 6.782149672508239746e-01
-1.626453638076782227e+00 -2.228418588638305664e-01
2.190591096878051758e+00 -1.246011853218078613e+00
6.889241337776184082e-01 3.744741380214691162e-01
-2.893288731575012207e-01 -9.532776474952697754e-02
1.828417629003524780e-01 -6.569787263870239258e-01
-6.344552636146545410e-01 -5.465472936630249023e-01
9.857165813446044922e-01 2.199479192495346069e-01
2.927965521812438965e-01 -2.310935497283935547e+00
-4.031412601470947266e-01 3.987486958503723145e-01
-5.583092570304870605e-01 -2.629375219345092773e+00
-4.360626265406608582e-02 -6.829915940761566162e-02
1.327811717987060547e+00 2.872286140918731689e-01
9.183626770973205566e-01 -9.288066029548645020e-01
2.009175300598144531e+00 -1.558900237083435059e+00
-8.843079209327697754e-01 -4.869727492332458496e-01
6.609836816787719727e-01 8.899505138397216797e-01
5.267440080642700195e-01 4.068658649921417236e-01
4.266108274459838867e-01 1.207330748438835144e-01
1.634404063224792480e+00 2.237437069416046143e-01
-1.244685173034667969e+00 1.646297723054885864e-01
-4.364637732505798340e-01 -1.386076450347900391e+00
-6.592598557472229004e-01 6.593030095100402832e-01
-1.610469460487365723e+00 1.002770662307739258e-01
-2.471305429935455322e-01 -6.525135785341262817e-02
1.539997220039367676e+00 2.611159980297088623e-01
-9.060841798782348633e-02 1.515209078788757324e+00
-1.230954155325889587e-01 -1.291938543319702148e+00
1.037002563476562500e+00 -5.404424667358398438e-01
2.229887694120407104e-01 7.682024836540222168e-01
2.550765275955200195e+00 -1.707694649696350098e+00
1.469981551170349121e+00 3.992390930652618408e-01
3.015469759702682495e-02 5.827876925468444824e-02
2.329712733626365662e-03 5.167447924613952637e-01
-1.137982726097106934e+00 -2.289926558732986450e-01
-1.805738687515258789e+00 1.084380984306335449e+00
-6.730500459671020508e-01 -2.159592151641845703e+00
4.198371767997741699e-01 6.995760798454284668e-01
5.312554240226745605e-01 -1.253055095672607422e+00
9.067172557115554810e-02 -1.306349515914916992e+00
1.869582980871200562e-01 1.426461040973663330e-01
-9.400042891502380371e-01 2.338147759437561035e-01
9.203765988349914551e-01 1.373792767524719238e+00
-1.496104955673217773e+00 1.012758731842041016e+00
-1.553896218538284302e-01 8.655110597610473633e-01
1.297734826803207397e-01 -8.904486894607543945e-01
-1.220520973205566406e+00 7.112765908241271973e-01
1.252461522817611694e-01 -1.047167181968688965e+00
-1.326965212821960449e+00 2.197372198104858398e+00
-1.402444958686828613e+00 -1.390161216259002686e-01
1.024691700935363770e+00 4.442220032215118408e-01
-1.398281693458557129e+00 -1.090309143066406250e+00
-8.856891989707946777e-01 4.802473783493041992e-01
-1.928399205207824707e+00 -8.823415040969848633e-01
2.357280999422073364e-01 4.501428008079528809e-01
-9.378786087036132812e-01 1.764004305005073547e-02
-5.082079395651817322e-02 -2.205719709396362305e+00
-1.535490274429321289e+00 -5.367354750633239746e-01
7.244981527328491211e-01 -2.210416793823242188e-01
-1.944968342781066895e+00 -9.341481328010559082e-02
-4.355341568589210510e-02 -8.600058555603027344e-01
1.913571238517761230e+00 9.554154276847839355e-01
-9.031288623809814453e-01 1.139771699905395508e+00
-2.067768201231956482e-02 -7.303658127784729004e-01
-6.096517443656921387e-01 -9.030805528163909912e-02
-5.276216268539428711e-01 4.588589817285537720e-02
1.293650388717651367e+00 -9.747024178504943848e-01
3.884436786174774170e-01 -2.731495797634124756e-01
-4.554181098937988281e-01 6.858667135238647461e-01
6.133049130439758301e-01 1.924718022346496582e-01
3.825815618038177490e-01 -6.014366149902343750e-01
8.299939036369323730e-01 -5.129222869873046875e-01
1.288341522216796875e+00 9.821456670761108398e-01
-1.474675178527832031e+00 3.538351356983184814e-01
1.157015800476074219e+00 -5.387348532676696777e-01
-1.942760944366455078e+00 -8.048462867736816406e-02
1.714839100837707520e+00 -1.663568854331970215e+00
-1.148764014244079590e+00 -7.462723255157470703e-01
9.174656271934509277e-01 1.340839862823486328e+00
6.972622871398925781e-01 5.566938519477844238e-01
-7.608716487884521484e-01 -1.087209701538085938e+00
-5.306432843208312988e-01 -7.534211874008178711e-01
-6.689503788948059082e-01 1.053352594375610352e+00
1.236493945121765137e+00 -9.974199533462524414e-01
-1.248149573802947998e-01 1.898525953292846680e-01
-8.497095108032226562e-01 7.992206811904907227e-01
-1.967176645994186401e-01 9.046199917793273926e-01
-1.294211149215698242e+00 -2.244540601968765259e-01
-1.145625710487365723e+00 -1.143522113561630249e-01
-2.187936305999755859e-01 4.211110472679138184e-01
8.079140186309814453e-01 -4.667761027812957764e-01
-2.102136850357055664e+00 9.918147325515747070e-01
5.243904590606689453e-01 -3.482077419757843018e-01
-7.764225006103515625e-01 -7.553884387016296387e-01
2.383505254983901978e-01 1.389090567827224731e-01
-7.819015383720397949e-01 -5.325210094451904297e-01
1.455606579780578613e+00 -1.196668855845928192e-02
1.046398878097534180e-01 1.535638451576232910e+00
-5.637211203575134277e-01 1.189467668533325195e+00
5.581777915358543396e-02 1.538030743598937988e+00
8.803458213806152344e-01 1.311399042606353760e-01
1.529841303825378418e+00 1.848354458808898926e+00
3.650310263037681580e-02 -6.669955253601074219e-01
-2.257334291934967041e-01 -2.675956189632415771e-01
6.973455548286437988e-01 1.016188979148864746e+00
1.218304857611656189e-01 -8.998057246208190918e-01
-3.344801962375640869e-01 9.989919662475585938e-01
1.004471063613891602e+00 4.806404933333396912e-02
-2.208570718765258789e+00 9.828107953071594238e-01
1.979671418666839600e-01 4.457974433898925781e-01
9.044470191001892090e-01 -2.949783205986022949e-01
5.137723684310913086e-01 6.463858485221862793e-01
1.019795417785644531e+00 -1.158602476119995117e+00
-3.259204030036926270e-01 7.766620516777038574e-01
-2.636677213013172150e-02 1.094522118568420410e+00
3.418485820293426514e-02 -1.538556337356567383e+00
3.710828125476837158e-01 9.785729646682739258e-01
-3.706842660903930664e-02 -6.194324698299169540e-03
6.694216132164001465e-01 8.561245799064636230e-01
-9.023336172103881836e-01 9.116618037223815918e-01
-5.257591009140014648e-01 -5.801249146461486816e-01
2.012043952941894531e+00 -9.067739248275756836e-01
-1.536665678024291992e+00 -5.512511357665061951e-02
-6.841719150543212891e-01 4.035536050796508789e-01
-9.443231821060180664e-01 8.859348893165588379e-01
-6.460213661193847656e-01 -1.554124474525451660e+00
-5.997571349143981934e-01 -8.246579766273498535e-01
-3.184185922145843506e-01 4.084758162498474121e-01
2.730718851089477539e-01 -1.437268376350402832e+00
1.298405766487121582e+00 2.256820440292358398e+00
-6.155810952186584473e-01 2.332644313573837280e-01
6.986098289489746094e-01 -9.044789075851440430e-01
-2.012104690074920654e-01 3.661950305104255676e-02
-5.889029502868652344e-01 1.748713254928588867e+00
-8.314620852470397949e-01 1.329449266195297241e-01
-2.141790628433227539e+00 1.179352045059204102e+00
-5.259231328964233398e-01 4.636367857456207275e-01
9.480035305023193359e-01 7.643571496009826660e-01
1.783643215894699097e-01 2.938111305236816406e+00
-5.174039304256439209e-02 1.009431123733520508e+00
1.956339180469512939e-02 1.333389133214950562e-01
-8.025052547454833984e-01 -2.195040464401245117e+00
-1.154941797256469727e+00 -3.818696439266204834e-01
1.996570825576782227e+00 9.201145172119140625e-01
6.685200333595275879e-01 -4.688800275325775146e-01
1.741211175918579102e+00 -2.811175305396318436e-03
-2.119587898254394531e+00 1.708705872297286987e-01
-7.450393438339233398e-01 -6.493664383888244629e-01
1.285249948501586914e+00 -8.894595503807067871e-01
-1.808762401342391968e-01 1.988959431648254395e+00
3.167642652988433838e-02 1.154334545135498047e+00
-9.170288443565368652e-01 7.472174167633056641e-01
5.405731201171875000e-01 -1.172205805778503418e+00
-9.033868908882141113e-01 -2.363175898790359497e-01
-5.231105685234069824e-01 -4.018054604530334473e-01
1.384504437446594238e-01 -4.517734348773956299e-01
-1.568295717239379883e+00 -1.672238409519195557e-01
-2.019932270050048828e+00 -8.367361873388290405e-02
-3.249615430831909180e-01 3.124449551105499268e-01
1.166438341140747070e+00 -3.799887299537658691e-01
8.863057494163513184e-01 1.866604089736938477e-01
-1.673314571380615234e+00 5.754896998405456543e-01
-7.580442726612091064e-02 -1.498291254043579102e+00
3.863171935081481934e-01 2.751737236976623535e-01
9.547855257987976074e-01 -1.645701646804809570e+00
5.945250988006591797e-01 3.009048104286193848e-01
3.884038627147674561e-01 1.838932991027832031e+00
-2.273420572280883789e+00 1.513955354690551758e+00
1.786399483680725098e-01 4.929505288600921631e-01
2.812120437622070312e+00 -3.377926349639892578e-01
-9.307003021240234375e-02 1.669313609600067139e-01
8.181757926940917969e-01 4.275744259357452393e-01
1.435328841209411621e+00 -5.189190506935119629e-01
-5.760144591331481934e-01 5.151705443859100342e-02
-1.358026981353759766e+00 -1.686138272285461426e+00
1.005226224660873413e-01 -3.559382259845733643e-01
-5.925391316413879395e-01 1.483353495597839355e+00
1.181133985519409180e-01 8.457748293876647949e-01
-8.499911427497863770e-01 1.931134164333343506e-01
-4.673731327056884766e-02 -2.993176281452178955e-01
1.964607000350952148e+00 -1.130428671836853027e+00
6.458586454391479492e-01 -2.391358375549316406e+00
5.653176829218864441e-02 -1.584369502961635590e-02
6.066539883613586426e-02 4.385291934013366699e-01
-2.876012921333312988e-01 -4.681394398212432861e-01
1.303539037704467773e+00 -1.260764151811599731e-01
-2.599785029888153076e-01 5.859104394912719727e-01
-7.936099767684936523e-01 -7.652520537376403809e-01
1.294548153877258301e+00 -1.969381719827651978e-01
1.410966515541076660e+00 4.957857429981231689e-01
-1.314826250076293945e+00 1.190437436103820801e+00
3.094860613346099854e-01 2.640652954578399658e-01
1.367786288261413574e+00 -3.607174754142761230e-01
8.921097517013549805e-01 2.756248414516448975e-01
-1.013996124267578125e+00 -1.523338407278060913e-01
6.484205722808837891e-01 -1.150905251502990723e+00
7.483798265457153320e-01 -1.725428581237792969e+00
-1.145464658737182617e+00 3.916188776493072510e-01
6.628781557083129883e-01 1.767881959676742554e-01
2.918455302715301514e-01 -2.714800596237182617e+00
-1.733017086982727051e+00 -1.834744662046432495e-01
5.327625274658203125e-01 1.148559808731079102e+00
-3.217706680297851562e-01 1.445263743400573730e+00
8.977654576301574707e-01 -9.006678462028503418e-01
1.600699901580810547e+00 -1.091052532196044922e+00
4.711321592330932617e-01 2.667662799358367920e-01
-1.202838778495788574e+00 -2.562394440174102783e-01
-6.071741878986358643e-02 3.748358786106109619e-02
-1.904487460851669312e-01 6.078941822052001953e-01
-1.129499822854995728e-01 1.295433521270751953e+00
4.547368586063385010e-01 -3.685957565903663635e-02
1.714751124382019043e-01 1.891225692816078663e-03
-3.674221038818359375e-01 1.141854822635650635e-01
-1.760956764221191406e+00 1.032830357551574707e+00
2.601722478866577148e-01 -4.295928031206130981e-02
5.878645181655883789e-01 -1.857264935970306396e-01
2.597396969795227051e-01 -1.666109323501586914e+00
-1.267009854316711426e+00 4.659956395626068115e-01
6.593407690525054932e-02 2.380661368370056152e-01
3.240179717540740967e-01 -3.517363667488098145e-01
1.456091254949569702e-01 -1.949053257703781128e-01
-1.155455350875854492e+00 6.691344976425170898e-01
-1.105653524398803711e+00 6.537241935729980469e-01
5.547639131546020508e-01 2.686925232410430908e-01
4.237313270568847656e-01 5.586329102516174316e-01
1.594952702522277832e+00 -2.123979628086090088e-01
6.509399414062500000e-01 -3.974222764372825623e-02
-1.890313386917114258e+00 -7.975922226905822754e-01
-2.282715737819671631e-01 1.183520317077636719e+00
1.325127124786376953e+00 -1.741734743118286133e-01
-2.341499328613281250e+00 4.276690185070037842e-01
-2.320561170578002930e+00 5.227611660957336426e-01
-5.379202961921691895e-01 -8.589007854461669922e-01
1.966767191886901855e+00 1.562553286552429199e+00
2.214797884225845337e-01 -1.753446578979492188e+00
7.520141601562500000e-01 2.330793440341949463e-01
4.974753558635711670e-01 1.308218955993652344e+00
-9.224554896354675293e-01 -8.253557682037353516e-01
2.722538709640502930e-01 5.945147871971130371e-01
-5.676779747009277344e-01 -9.835212230682373047e-01
-2.544600367546081543e-01 7.124409824609756470e-02
1.033519625663757324e+00 -3.336155042052268982e-02
-1.262470126152038574e+00 -2.069543600082397461e+00
-1.449840068817138672e+00 1.503228783607482910e+00
-1.041540578007698059e-01 8.644738793373107910e-01
-6.397423148155212402e-01 -2.932676672935485840e-02
-4.250230491161346436e-01 1.896086782217025757e-01
-1.122324705123901367e+00 -1.022384524345397949e+00
1.344437003135681152e+00 2.862150371074676514e-01
-1.096841573715209961e+00 -1.646417260169982910e+00
1.328377842903137207e+00 -6.730223894119262695e-01
-1.083758473396301270e+00 9.258837699890136719e-01
1.217167377471923828e+00 4.464162979274988174e-03
5.629172325134277344e-01 6.731177568435668945e-01
-2.291306495666503906e+00 -5.292167663574218750e-01
-7.342352867126464844e-01 -1.032517671585083008e+00
3.403979241847991943e-01 -4.755130708217620850e-01
-1.732725381851196289e+00 -1.004169136285781860e-01
-1.289456844329833984e+00 7.151438593864440918e-01
1.789189577102661133e+00 1.202456474304199219e+00
-9.397087097167968750e-01 -1.129773020744323730e+00
-5.485153794288635254e-01 -3.468195199966430664e-01
4.227629676461219788e-02 -1.082582473754882812e+00
-5.902585387229919434e-01 2.623064219951629639e-01
-9.123435616493225098e-01 -2.017524242401123047e+00
-4.598634541034698486e-01 1.275684833526611328e+00
-5.698093175888061523e-01 3.799179494380950928e-01
4.689889252185821533e-01 5.538140535354614258e-01
-2.180943012237548828e+00 4.634968340396881104e-01
1.260413765907287598e+00 -7.412322163581848145e-01
6.688583493232727051e-01 -3.285326957702636719e-01
1.924478262662887573e-01 1.004657983779907227e+00
1.195203661918640137e+00 9.670262932777404785e-01
-6.039053201675415039e-01 1.530754268169403076e-01
-2.191483259201049805e+00 1.648767441511154175e-01
-4.191592335700988770e-01 8.725932240486145020e-02
-1.882227540016174316e+00 5.600534677505493164e-01
-2.582368254661560059e-01 -5.867802500724792480e-01
2.615459263324737549e-01 -3.501467108726501465e-01
2.380204677581787109e+00 -9.383195042610168457e-01
2.244645506143569946e-01 7.730344533920288086e-01
2.509243965148925781e+00 -2.220278084278106689e-01
1.897248744964599609e+00 -7.755427956581115723e-01
1.863185763359069824e+00 5.685350298881530762e-01
-9.927039742469787598e-01 6.688349246978759766e-01
-5.960613489151000977e-01 -7.408286929130554199e-01
-4.144371747970581055e-01 -1.895320892333984375e+00
-9.445447325706481934e-01 -2.380726814270019531e+00
-1.365630984306335449e+00 6.313571929931640625e-01
8.262874558568000793e-03 8.057212233543395996e-01
