-9.059864282608032227e-01 -1.364089012145996094e+00
1.791244596242904663e-01 7.841902971267700195e-01
2.324628382921218872e-01 -1.085171461105346680e+00
-1.273800969123840332e+00 7.961477041244506836e-01
-1.315211057662963867e+00 -1.431083306670188904e-02
2.529540956020355225e-01 -7.448204755783081055e-01
-7.515545189380645752e-02 -3.664559870958328247e-02
-2.188910096883773804e-01 -9.935550689697265625e-01
-4.063205420970916748e-01 5.331456065177917480e-01
5.907073020935058594e-01 -1.743147611618041992e+00
-3.553584516048431396e-01 4.057299792766571045e-01
-8.649253100156784058e-02 4.839535653591156006e-01
4.593374133110046387e-01 1.856032311916351318e-01
-2.653295695781707764e-01 3.795933211222290993e-03
1.176457166671752930e+00 -1.252039372920989990e-01
4.724735617637634277e-01 4.844177961349487305e-01
-8.976300358772277832e-01 -4.718239903450012207e-01
-3.590952455997467041e-01 -6.760925054550170898e-01
1.292647868394851685e-01 7.108033895492553711e-01
3.061879575252532959e-01 8.208939433097839355e-01
-7.506650686264038086e-01 -1.648724794387817383e+00
6.198696494102478027e-01 5.432577803730964661e-02
1.010877370834350586e+00 5.953020453453063965e-01
4.722972810268402100e-01 -6.767942905426025391e-01
-1.837386012077331543e+00 -1.442881584167480469e+00
-3.109070658683776855e-01 -5.225045680999755859e-01
-1.272946119308471680e+00 -8.809633851051330566e-01
-8.206508755683898926e-01 -1.454120159149169922e+00
5.183246731758117676e-01 -4.593527019023895264e-01
-2.072571516036987305e+00 1.007831931114196777e+00
-5.282606482505798340e-01 -9.630025178194046021e-02
-2.112759053707122803e-01 2.211206436157226562e+00
2.407109290361404419e-01 2.377918958663940430e-01
-1.193197295069694519e-01 5.743885636329650879e-01
-3.136577308177947998e-01 9.753031730651855469e-01
6.915301084518432617e-01 6.539344191551208496e-01
8.401287794113159180e-01 -2.586849212646484375e+00
6.844357252120971680e-01 -8.109395503997802734e-01
-1.982105821371078491e-01 -1.599496006965637207e+00
-1.489387273788452148e+00 1.089302182197570801e+00
-5.575474500656127930e-01 -1.768043935298919678e-01
1.341850280761718750e+00 -8.138338327407836914e-01
-7.437219023704528809e-01 -6.625830531120300293e-01
-2.055656194686889648e+00 -1.433841437101364136e-01
-5.548456311225891113e-01 4.513462483882904053e-01
9.384850263595581055e-01 8.676887154579162598e-01
-7.014904618263244629e-01 -7.593696117401123047e-01
-4.635543227195739746e-01 -6.614841222763061523e-01
-7.696004211902618408e-02 -1.824627637863159180e+00
-8.253023028373718262e-01 1.259664535522460938e+00
2.087934501469135284e-02 -5.292825698852539062e-01
1.840921521186828613e+00 -1.132791042327880859e-01
1.259040713310241699e+00 -6.051716804504394531e-01
6.903971433639526367e-01 -2.846923470497131348e-01
1.065636038780212402e+00 -1.982432305812835693e-01
-3.672387003898620605e-01 -9.566797018051147461e-01
-5.296565890312194824e-01 -1.061274409294128418e+00
-1.630146950483322144e-01 2.816126495599746704e-02
-1.054737567901611328e+00 -2.524022944271564484e-02
-4.649140834808349609e-01 -8.185760378837585449e-01
2.140767723321914673e-01 -1.960769444704055786e-01
-2.892912328243255615e-01 -7.136461734771728516e-01
-5.195349454879760742e-01 -6.426175236701965332e-01
2.669816315174102783e-01 -1.324385404586791992e-01
-1.354783058166503906e+00 5.366179943084716797e-01
-1.254286020994186401e-01 1.684944927692413330e-01
8.220722079277038574e-01 -6.380439400672912598e-01
1.348529577255249023e+00 -4.079664349555969238e-01
-7.188026793301105499e-03 -2.996337711811065674e-01
-1.238420963287353516e+00 6.928331851959228516e-01
8.702669143676757812e-01 -2.488329112529754639e-01
2.444528818130493164e+00 -5.782863497734069824e-01
2.564912438392639160e-01 -4.854407012462615967e-01
8.682808279991149902e-02 -9.879846870899200439e-02
1.341238260269165039e+00 -2.508607208728790283e-01
4.089317917823791504e-01 -6.051119044423103333e-02
-2.613440155982971191e-01 4.031276702880859375e-01
-5.703890919685363770e-01 2.919537425041198730e-01
1.132606387138366699e+00 -6.423301100730895996e-01
4.844715297222137451e-01 -1.782086253166198730e+00
-6.086670160293579102e-01 4.506900012493133545e-01
1.569140553474426270e+00 -6.051445007324218750e-01
-1.468077659606933594e+00 -1.760344207286834717e-01
6.726779937744140625e-01 1.001219868659973145e+00
1.172946691513061523e+00 -1.324977159500122070e+00
1.371597766876220703e+00 -2.753523923456668854e-02
4.968958091922104359e-04 1.492289662361145020e+00
1.258392930030822754e-01 1.775110363960266113e+00
1.751205444335937500e+00 7.298164963722229004e-01
-1.008583307266235352e+00 1.789696067571640015e-01
4.064934551715850830e-01 7.716993093490600586e-01
7.434025406837463379e-01 -3.529535233974456787e-01
-1.144963979721069336e+00 -1.553148388862609863e+00
-3.674072921276092529e-01 -5.281882882118225098e-01
-3.713238537311553955e-01 5.799252912402153015e-02
1.111039757728576660e+00 -1.002002060413360596e-01
6.907409429550170898e-01 -4.096128642559051514e-01
-1.475809454917907715e+00 4.658603072166442871e-01
1.724377632141113281e+00 6.791961193084716797e-01
-1.567514181137084961e+00 7.300814390182495117e-01
-1.291488409042358398e+00 -3.728907108306884766e-01
-1.996054649353027344e-01 9.124374985694885254e-01
-1.482105404138565063e-01 -1.058247685432434082e+00
2.015924215316772461e+00 1.030146121978759766e+00
2.559709548950195312e-01 -1.814884424209594727e+00
-9.466161727905273438e-01 1.127831339836120605e+00
8.329457640647888184e-01 -4.377801716327667236e-01
1.308650374412536621e+00 5.793634057044982910e-01
-4.292840063571929932e-01 6.088342666625976562e-01
-1.301285982131958008e+00 -8.088397979736328125e-01
-9.052472114562988281e-01 6.949029564857482910e-01
-1.153839468955993652e+00 -1.145777776837348938e-01
-7.205932140350341797e-01 2.635514736175537109e-01
-3.947034478187561035e-01 8.788496851921081543e-01
5.922238230705261230e-01 -1.862638354301452637e+00
-8.872654438018798828e-01 9.885544180870056152e-01
-1.538187980651855469e+00 3.119849860668182373e-01
2.494060061872005463e-02 2.889236249029636383e-02
5.180312991142272949e-01 4.301803112030029297e-01
-3.451400995254516602e-01 4.528911411762237549e-01
9.472846239805221558e-02 9.847632050514221191e-01
-7.634609937667846680e-01 -4.572155475616455078e-01
2.997772991657257080e-01 2.040238857269287109e+00
1.643592000007629395e+00 -1.455166101455688477e+00
3.026111610233783722e-02 -3.384513780474662781e-03
1.895016670227050781e+00 -4.249120950698852539e-01
-4.363605678081512451e-01 5.489738285541534424e-02
-2.784349024295806885e-01 -1.709030151367187500e+00
5.785243511199951172e-01 5.598547682166099548e-02
-1.256116032600402832e-01 1.400283217430114746e+00
1.601323723793029785e+00 4.973626732826232910e-01
1.387970447540283203e+00 3.215117380023002625e-02
1.572729349136352539e-01 3.991178572177886963e-01
-3.381586372852325439e-01 -1.026948451995849609e+00
1.581966400146484375e+00 -2.277386426925659180e+00
4.363181591033935547e-01 -5.460807681083679199e-01
-9.907758831977844238e-01 6.602433919906616211e-01
-9.405497908592224121e-01 -5.660635828971862793e-01
5.949236750602722168e-01 1.654407978057861328e-01
-2.198742926120758057e-01 2.820541858673095703e-01
9.114399552345275879e-01 -2.551531195640563965e-01
-6.157724857330322266e-01 1.465860486030578613e+00
2.007450580596923828e+00 -6.409841775894165039e-01
-1.415439546108245850e-01 1.442800164222717285e+00
-5.837224721908569336e-01 -8.879566192626953125e-01
1.434991836547851562e+00 -1.116388812661170959e-01
4.462037384510040283e-01 -9.929916858673095703e-01
1.141979813575744629e+00 7.328971028327941895e-01
-1.202136635780334473e+00 -7.102286815643310547e-01
1.321993470191955566e-01 -5.053349733352661133e-01
-2.209218442440032959e-01 -1.014435410499572754e+00
1.495047092437744141e+00 1.798745989799499512e-01
-6.792219281196594238e-01 -1.394390583038330078e+00
-7.204887270927429199e-01 -8.102736622095108032e-02
-9.167982339859008789e-01 -7.887656688690185547e-01
4.025251865386962891e-01 2.554681062698364258e+00
-5.546419620513916016e-01 1.000579118728637695e+00
-3.178262114524841309e-01 4.500586688518524170e-01
8.928359150886535645e-01 -5.567228198051452637e-01
1.694560050964355469e-01 2.359186261892318726e-01
-1.878219604492187500e+00 -2.413056612014770508e+00
4.517349898815155029e-01 -6.623312830924987793e-01
1.910453915596008301e+00 1.742470860481262207e+00
-1.159217119216918945e+00 3.312826156616210938e-02
-1.504798084497451782e-01 -3.495734333992004395e-01
-2.983269467949867249e-02 -2.419911772012710571e-01
-9.300345778465270996e-01 -1.256217837333679199e+00
-1.270235657691955566e+00 7.345426827669143677e-02
-3.460729122161865234e-01 1.181935310363769531e+00
1.239163637161254883e+00 -1.128820925951004028e-01
-4.196862876415252686e-01 -5.799894332885742188e-01
1.350513577461242676e+00 -4.071838557720184326e-01
-3.538707792758941650e-01 3.441373705863952637e-01
1.678222119808197021e-01 9.655988216400146484e-01
-6.163137499243021011e-03 -1.042914271354675293e+00
-1.614787697792053223e+00 3.978680372238159180e-01
-2.566836178302764893e-01 5.539037585258483887e-01
-1.118760347366333008e+00 -8.404264450073242188e-01
3.652976453304290771e-01 -5.730637907981872559e-01
1.740254014730453491e-01 -6.934906840324401855e-01
1.405625939369201660e+00 7.700026631355285645e-01
-4.062351584434509277e-01 5.963544249534606934e-01
-5.430606007575988770e-01 -7.202904224395751953e-01
-5.734891891479492188e-01 1.367116928100585938e+00
-7.298095822334289551e-01 -1.127293705940246582e+00
2.426877766847610474e-01 9.682647883892059326e-02
-5.512637495994567871e-01 -5.675007104873657227e-01
-1.043268814682960510e-01 -4.004504382610321045e-01
-6.210815310478210449e-01 1.465594649314880371e+00
2.706272602081298828e-01 -1.852741956710815430e+00
-1.170826435089111328e+00 1.581210255622863770e+00
-8.743599057197570801e-02 1.907331943511962891e+00
-1.071065068244934082e+00 -2.803387045860290527e-01
6.889658570289611816e-01 3.430195152759552002e-01
-2.712711989879608154e-01 9.652405977249145508e-01
1.105041742324829102e+00 -1.155752420425415039e+00
-3.003818392753601074e-01 1.325784444808959961e+00
-9.621334075927734375e-01 -6.253293156623840332e-01
-6.394230723381042480e-01 9.346797466278076172e-01
-3.180128633975982666e-01 3.319716081023216248e-02
-6.728087067604064941e-01 -4.757430553436279297e-01
1.535376161336898804e-01 1.197525143623352051e+00
2.668579101562500000e+00 -7.084481120109558105e-01
1.222669363021850586e+00 8.313535898923873901e-02
6.773746013641357422e-02 1.650111436843872070e+00
1.452572703361511230e+00 -8.865805715322494507e-02
-2.136715650558471680e+00 -7.340204715728759766e-01
-1.018154263496398926e+00 2.789712250232696533e-01
1.024843096733093262e+00 -3.580994606018066406e-01
4.327901601791381836e-01 5.823215246200561523e-01
1.117518246173858643e-01 8.960953950881958008e-01
-7.181555628776550293e-01 1.153970599174499512e+00
1.303455114364624023e+00 2.189201354980468750e+00
-1.538057904690504074e-02 -1.465692877769470215e+00
1.157944917678833008e+00 -1.388689398765563965e+00
3.681089282035827637e-01 -1.593116402626037598e+00
7.546954602003097534e-02 2.568791210651397705e-01
-6.371249258518218994e-02 1.071483492851257324e+00
-8.549939393997192383e-01 -9.369469881057739258e-01
1.316235065460205078e+00 2.647048532962799072e-01
-1.440880775451660156e+00 -1.275718092918395996e+00
1.886672675609588623e-01 3.375312685966491699e-01
-7.726626992225646973e-01 1.716247797012329102e-01
1.168860793113708496e+00 -1.716778159141540527e+00
1.230308771133422852e+00 3.092890381813049316e-01
5.918660759925842285e-01 7.341054677963256836e-01
1.016528367996215820e+00 -1.539380311965942383e+00
5.593813657760620117e-01 1.851301908493041992e+00
5.682299137115478516e-01 1.356026053428649902e+00
-4.402283728122711182e-01 -1.753230810165405273e+00
4.362393021583557129e-01 2.173400521278381348e-01
-7.630999088287353516e-01 -1.380030035972595215e+00
-1.233256340026855469e+00 8.602195382118225098e-01
7.439423203468322754e-01 4.658685624599456787e-01
9.719042181968688965e-01 -8.846156597137451172e-01
-4.644938707351684570e-01 1.973519563674926758e+00
-8.061675429344177246e-01 7.056647539138793945e-01
2.553189694881439209e-01 7.061733305454254150e-02
-9.948381222784519196e-03 -1.095040798187255859e+00
5.664159730076789856e-02 1.361153364181518555e+00
-2.939914166927337646e-01 -2.347400486469268799e-01
-5.023723244667053223e-01 5.687512755393981934e-01
6.760014686733484268e-03 4.838399291038513184e-01
1.346076279878616333e-01 2.119005322456359863e-01
1.681189835071563721e-01 -2.225839376449584961e+00
-9.821870177984237671e-02 1.218453407287597656e+00
-6.221181154251098633e-01 -9.336032271385192871e-01
-8.952417969703674316e-01 9.976090788841247559e-01
1.197727844119071960e-01 2.421357631683349609e-01
4.230978190898895264e-01 1.535782098770141602e+00
-9.132295250892639160e-01 1.420682221651077271e-01
-7.970154881477355957e-01 1.445233345031738281e+00
3.957244753837585449e-01 -7.128046154975891113e-01
-6.045949459075927734e-01 -1.883638203144073486e-01
1.470417141914367676e+00 9.922623038291931152e-01
1.554065227508544922e+00 -3.693645894527435303e-01
5.980101823806762695e-01 1.189493238925933838e-01
1.531726866960525513e-01 -1.068106651306152344e+00
-7.221363186836242676e-01 1.076794624328613281e+00
4.472314417362213135e-01 -1.434039354324340820e+00
-5.429857969284057617e-01 2.569417357444763184e-01
-1.823819637298583984e+00 -1.781051397323608398e+00
3.431849479675292969e-01 -6.370460987091064453e-01
-1.433941960334777832e+00 6.762136220932006836e-01
-1.078948974609375000e+00 -1.388847231864929199e+00
1.808562040328979492e+00 3.233361244201660156e-01
1.038513332605361938e-01 -1.690028548240661621e+00
6.044049263000488281e-01 -1.097645878791809082e+00
9.246700406074523926e-01 -7.490894198417663574e-01
-7.564269304275512695e-01 -1.010843992233276367e+00
1.479876756668090820e+00 -3.204089701175689697e-01
-8.809524029493331909e-02 -1.286080926656723022e-01
-1.199884176254272461e+00 -1.573408842086791992e+00
-1.828743100166320801e+00 1.479752957820892334e-01
8.003697991371154785e-01 -1.704198002815246582e+00
1.943642973899841309e+00 6.068472266197204590e-01
1.074577569961547852e+00 -1.773564696311950684e+00
3.216347694396972656e-01 4.885072410106658936e-01
-5.306563377380371094e-01 3.260950446128845215e-01
2.944740056991577148e-01 1.505048751831054688e+00
-2.763602242339402437e-04 -6.694375872611999512e-01
-2.608111798763275146e-01 -9.841318130493164062e-01
-2.780323028564453125e-01 -1.690976023674011230e+00
-1.460327487438917160e-02 4.131522774696350098e-01
1.907674372196197510e-01 -2.123225688934326172e+00
-9.725886583328247070e-02 -1.447297453880310059e+00
1.639636158943176270e-01 9.578163027763366699e-01
7.444775700569152832e-01 -6.539449095726013184e-01
1.692838072776794434e-01 -1.975138485431671143e-01
6.780818104743957520e-01 -1.331305384635925293e+00
1.920482873916625977e+00 -4.182471707463264465e-02
8.594852089881896973e-01 -8.155972957611083984e-01
6.090351343154907227e-01 -1.518093705177307129e+00
7.600496411323547363e-01 -1.424608826637268066e-01
-7.579778134822845459e-02 7.140231728553771973e-01
2.997762560844421387e-01 -1.324324369430541992e+00
-8.424940109252929688e-01 9.366608262062072754e-01
-1.208391711115837097e-01 -3.210302889347076416e-01
7.020552158355712891e-01 5.694428831338882446e-02
-6.992797851562500000e-01 -3.763933777809143066e-01
-3.192743957042694092e-01 -1.172141194343566895e+00
-1.318696618080139160e+00 -4.451369643211364746e-01
1.700404435396194458e-01 4.129820466041564941e-01
-9.117589890956878662e-02 -8.051257133483886719e-01
-1.966878652572631836e+00 -2.109980732202529907e-01
-7.367772459983825684e-01 1.668443441390991211e+00
4.332461357116699219e-01 1.167670965194702148e+00
-1.674736887216567993e-01 -1.896532624959945679e-01
-1.151674389839172363e+00 -1.424179315567016602e+00
-1.750906109809875488e+00 7.025640010833740234e-01
5.712447762489318848e-01 -2.249347686767578125e+00
5.585306882858276367e-01 -8.723685741424560547e-01
2.304904013872146606e-01 2.150201559066772461e+00
-7.673000693321228027e-01 3.672920167446136475e-01
-1.364871740341186523e+00 -1.529709219932556152e+00
-2.634193301200866699e-01 6.423422098159790039e-01
9.787459373474121094e-01 -1.882465600967407227e+00
-2.574671506881713867e+00 -5.120573639869689941e-01
-1.343064308166503906e+00 -1.260753512382507324e+00
2.119723320007324219e+00 -4.467547237873077393e-01
4.245182871818542480e-01 -6.513239741325378418e-01
6.012710928916931152e-01 -3.846688270568847656e-01
2.921836972236633301e-01 -1.434956789016723633e+00
1.321217864751815796e-01 -1.933632373809814453e+00
1.249740719795227051e+00 -1.022428512573242188e+00
2.159692347049713135e-01 6.831539273262023926e-01
-1.099778056144714355e+00 -4.716283082962036133e-01
-2.079018354415893555e-01 7.980229258537292480e-01
-9.373118281364440918e-01 5.391887426376342773e-01
-6.733931899070739746e-01 1.042804121971130371e-01
-5.568996444344520569e-02 3.400772809982299805e-01
-5.440835952758789062e-01 5.248849391937255859e-01
-1.291693449020385742e+00 2.936191856861114502e-01
-1.001234769821166992e+00 1.591100215911865234e+00
-1.313591241836547852e+00 -1.567732214927673340e+00
-2.182379662990570068e-01 -2.846347391605377197e-01
1.485897541046142578e+00 -5.003628134727478027e-01
-6.296815872192382812e-01 7.517923116683959961e-01
-7.216194272041320801e-01 9.336366653442382812e-01
-6.909838318824768066e-01 -1.170924186706542969e+00
-1.114424318075180054e-01 -1.461525857448577881e-01
6.510236859321594238e-01 8.536885976791381836e-01
7.744064331054687500e-01 -5.831199884414672852e-01
-1.397136807441711426e+00 -1.371446728706359863e+00
-7.020812034606933594e-01 4.504704475402832031e-02
1.098478436470031738e+00 1.688688516616821289e+00
-1.325486134737730026e-02 7.769133448600769043e-01
2.792120575904846191e-01 -5.989112257957458496e-01
1.040151834487915039e+00 2.947228550910949707e-01
3.454947173595428467e-01 -1.232958212494850159e-01
1.676698446273803711e+00 -9.038985967636108398e-01
-4.723790884017944336e-01 1.108085393905639648e+00
-2.644811868667602539e-01 6.346834450960159302e-02
1.834880352020263672e+00 1.234737515449523926e+00
-5.716475471854209900e-02 -6.962811946868896484e-01
-1.256598472595214844e+00 -9.680457115173339844e-01
-2.245050519704818726e-01 2.191952705383300781e+00
-1.415233910083770752e-01 1.056097269058227539e+00
2.256530672311782837e-01 -1.872757673263549805e+00
-1.005713492631912231e-01 1.609824776649475098e+00
-1.055351138114929199e+00 6.443471908569335938e-01
-6.094761490821838379e-01 1.401972889900207520e+00
-8.472689390182495117e-01 3.232270479202270508e-01
-4.217378497123718262e-01 1.550589442253112793e+00
2.764046490192413330e-01 2.235000133514404297e-01
1.250159367918968201e-02 -2.993348538875579834e-01
1.977767825126647949e+00 1.367403984069824219e+00
2.630371451377868652e-01 3.859952390193939209e-01
1.144853979349136353e-01 -1.883691996335983276e-01
-6.626457571983337402e-01 -9.045141339302062988e-01
-2.116328775882720947e-01 -1.022632241249084473e+00
1.150608062744140625e+00 -1.056027889251708984e+00
1.263981103897094727e+00 -6.631676554679870605e-01
3.551411926746368408e-01 -1.076538860797882080e-01
-5.920037031173706055e-01 5.090210437774658203e-01
-4.600412771105766296e-02 -1.488908767700195312e+00
-2.252920717000961304e-01 -2.096784263849258423e-01
-1.135580778121948242e+00 6.874012947082519531e-01
-2.207590818405151367e+00 -5.935399532318115234e-01
1.013598561286926270e+00 9.901079535484313965e-01
4.952706992626190186e-01 -5.548847913742065430e-01
1.127322111278772354e-02 -7.381286025047302246e-01
6.763895750045776367e-01 2.084990739822387695e+00
3.799630403518676758e-01 -7.308573126792907715e-01
-1.367233633995056152e+00 -1.141823753714561462e-01
-1.493106245994567871e+00 6.426677703857421875e-01
-4.218546450138092041e-01 -4.486043453216552734e-01
7.664704322814941406e-01 1.405862867832183838e-01
2.262108027935028076e-01 -4.854425191879272461e-01
-1.364164590835571289e+00 -9.776732325553894043e-02
1.906069636344909668e+00 -9.307581931352615356e-03
1.033759474754333496e+00 -1.146960034966468811e-01
6.530302166938781738e-01 2.355305254459381104e-01
-8.338466882705688477e-01 2.561031877994537354e-01
1.108135342597961426e+00 -3.144404649734497070e+00
-1.304856300354003906e+00 -3.208802938461303711e-01
-2.457174211740493774e-01 -5.297408103942871094e-01
2.604844570159912109e-01 2.387366741895675659e-01
3.017635047435760498e-01 -7.329497933387756348e-01
-1.188660144805908203e+00 1.341569304466247559e+00
-7.638006210327148438e-01 2.508130073547363281e+00
1.105886697769165039e+00 8.126751780509948730e-01
1.178242564201354980e+00 -8.987208604812622070e-01
2.609523296356201172e+00 -9.727201461791992188e-01
4.807889461517333984e-02 5.828035473823547363e-01
-1.617913603782653809e+00 3.847984969615936279e-01
1.087139621376991272e-01 4.343232214450836182e-01
1.630959361791610718e-01 -3.317974805831909180e-01
1.164941668510437012e+00 1.811102181673049927e-01
3.995518386363983154e-01 -1.416699409484863281e+00
1.221468448638916016e+00 -7.353986501693725586e-01
-5.019585490226745605e-01 -9.886314272880554199e-01
-9.325304627418518066e-01 1.293316245079040527e+00
-1.748862504959106445e+00 -3.050719797611236572e-01
1.537384986877441406e+00 -2.201327323913574219e+00
-5.550400614738464355e-01 -1.843718647956848145e+00
-1.376777529716491699e+00 -4.883338212966918945e-01
-5.198117494583129883e-01 1.118939280509948730e+00
2.858663320541381836e+00 -1.830618739128112793e+00
-1.209460020065307617e+00 -6.150399446487426758e-01
4.344905316829681396e-01 -1.107778310775756836e+00
4.256661832332611084e-01 4.962168335914611816e-01
-5.588037967681884766e-01 -1.473514921963214874e-02
9.450888037681579590e-01 -5.307163596153259277e-01
-1.423680067062377930e+00 2.967448532581329346e-01
8.554148077964782715e-01 -6.939537525177001953e-01
-3.452486693859100342e-01 -3.279171884059906006e-01
1.758491277694702148e+00 9.158235788345336914e-01
5.097802281379699707e-01 6.008621454238891602e-01
1.802908778190612793e-01 -1.042439699172973633e+00
-1.608873903751373291e-01 2.948231101036071777e-01
1.675395993515849113e-03 9.574574232101440430e-01
-6.776759624481201172e-01 9.483527541160583496e-01
1.887602359056472778e-01 5.858824402093887329e-02
-1.855144053697586060e-01 -4.910637438297271729e-01
-2.976610362529754639e-01 4.718417674303054810e-02
4.480085372924804688e-01 2.087550610303878784e-01
7.496044635772705078e-01 1.219303727149963379e+00
2.916366755962371826e-01 -1.078665494918823242e+00
1.631931424140930176e+00 -2.149486690759658813e-01
1.268910318613052368e-01 1.413186430931091309e+00
1.524096012115478516e+00 -4.541396796703338623e-01
-4.504712820053100586e-01 -1.668909072875976562e+00
-1.254937529563903809e+00 8.764033913612365723e-01
1.841319203376770020e+00 -3.569841384887695312e-01
-8.106110095977783203e-01 -3.830654025077819824e-01
6.849920749664306641e-01 -8.568193316459655762e-01
6.379671692848205566e-01 6.404901146888732910e-01
-4.356382489204406738e-01 2.112643271684646606e-01
-4.204975366592407227e-01 -8.879119753837585449e-01
1.062656044960021973e+00 -3.576130867004394531e-01
-2.570124566555023193e-01 1.388684988021850586e+00
-1.675874590873718262e+00 -1.815087199211120605e-01
-1.461700677871704102e+00 -1.843517780303955078e+00
6.833007931709289551e-01 -2.997839450836181641e-01
-3.499021232128143311e-01 1.380286216735839844e+00
-6.781406998634338379e-01 -3.826515674591064453e-01
1.809049010276794434e+00 -2.151533365249633789e-01
-8.866404742002487183e-02 9.151779860258102417e-02
5.078986883163452148e-01 3.322222232818603516e-01
2.271542400121688843e-01 6.957708001136779785e-01
-1.599987030029296875e+00 1.044328570365905762e+00
-2.402655035257339478e-01 7.545971870422363281e-01
-3.506269156932830811e-01 -1.408474326133728027e+00
-1.455035567283630371e+00 -3.076882362365722656e-01
1.712882965803146362e-01 5.764558911323547363e-02
1.818546839058399200e-02 7.315103411674499512e-01
4.666872322559356689e-01 -6.830754280090332031e-01
-2.867592573165893555e-01 2.004621028900146484e+00
-1.470418691635131836e+00 -1.574020147323608398e+00
-2.756285071372985840e-01 1.844709038734436035e+00
-2.316808938980102539e+00 -8.556303977966308594e-01
-5.672167539596557617e-01 1.198969125747680664e+00
-8.531917333602905273e-01 -2.286925464868545532e-01
4.077804684638977051e-01 5.208469033241271973e-01
5.339007377624511719e-01 -1.037351012229919434e+00
2.050174474716186523e+00 6.961748003959655762e-01
-3.706788420677185059e-01 -3.824888229370117188e+00
1.979484111070632935e-01 -2.689431309700012207e-01
-7.127541899681091309e-01 3.763781860470771790e-02
6.505399942398071289e-01 5.543381571769714355e-01
-2.159599512815475464e-01 -1.087041497230529785e+00
2.566457092761993408e-01 -3.228783607482910156e-01
1.680172920227050781e+00 1.480154633522033691e+00
8.344588875770568848e-01 -2.182357013225555420e-01
-8.063238859176635742e-02 9.851975739002227783e-02
-7.504176348447799683e-02 -1.593267202377319336e+00
6.364929080009460449e-01 -6.820234060287475586e-01
2.218537479639053345e-01 7.671558260917663574e-01
-5.717461705207824707e-01 -1.541604042053222656e+00
5.612049102783203125e-01 -6.403821110725402832e-01
2.780632674694061279e-01 -1.648665070533752441e-01
8.497841954231262207e-01 1.743728756904602051e+00
-2.019588470458984375e+00 5.388935804367065430e-01
-1.029247999191284180e+00 8.218958973884582520e-01
6.423194408416748047e-01 -1.179794907569885254e+00
-5.155995488166809082e-01 -2.106272935867309570e+00
1.382924169301986694e-01 -1.126715660095214844e+00
-7.653434276580810547e-01 -7.981681823730468750e-01
1.969797253608703613e+00 -1.384571075439453125e+00
1.525047719478607178e-01 -3.586791455745697021e-01
-6.514708697795867920e-02 -1.624563813209533691e+00
1.764859408140182495e-01 2.257568687200546265e-01
-2.172196626663208008e+00 -6.408029794692993164e-01
-9.260566234588623047e-01 2.549744546413421631e-01
-9.362449049949645996e-01 -9.107803106307983398e-01
8.039320707321166992e-01 -3.672409057617187500e-01
4.171983897686004639e-01 -8.894285559654235840e-01
-1.096660614013671875e+00 -4.921060502529144287e-01
1.248136043548583984e+00 5.981239676475524902e-01
7.720831036567687988e-01 -5.931497365236282349e-02
-3.030149042606353760e-01 1.027527689933776855e+00
1.884243190288543701e-01 -6.393693089485168457e-01
1.089167371392250061e-01 1.323989629745483398e-01
-8.878015875816345215e-01 -2.001551389694213867e-01
4.530305266380310059e-01 -2.919597625732421875e-01
9.531050324440002441e-01 -2.088459968566894531e+00
2.067914009094238281e-01 7.943779230117797852e-01
8.962273001670837402e-01 1.982806444168090820e+00
4.079187288880348206e-02 -3.935837507247924805e+00
-1.311520487070083618e-01 7.151630520820617676e-02
-2.835971713066101074e-01 8.572100400924682617e-01
1.321639418601989746e+00 -3.795364201068878174e-01
1.201310753822326660e-01 1.187645792961120605e+00
3.028973937034606934e-01 -1.011294603347778320e+00
7.320934534072875977e-01 1.069871068000793457e+00
1.042647004127502441e+00 6.522503495216369629e-01
-6.714633703231811523e-01 9.413529038429260254e-01
-5.703542828559875488e-01 -2.002322196960449219e+00
1.130836844444274902e+00 -3.549029827117919922e-01
-7.407941669225692749e-02 -3.105792701244354248e-01
-1.293773204088211060e-01 2.007319331169128418e-01
7.152933478355407715e-01 2.706626653671264648e-01
2.264576256275177002e-01 -1.349425911903381348e+00
-5.810495465993881226e-03 5.162027478218078613e-01
8.666264414787292480e-01 -4.030987992882728577e-02
-1.636159867048263550e-01 1.968309998512268066e+00
-2.346956729888916016e-01 2.313026338815689087e-01
-1.589449644088745117e-01 1.036231160163879395e+00
1.522930525243282318e-02 1.050817131996154785e+00
-9.792202711105346680e-02 -1.822603940963745117e+00
2.898700237274169922e-01 -1.230946183204650879e+00
-1.214995533227920532e-01 -9.886581301689147949e-01
-7.132586240768432617e-01 -1.154507160186767578e+00
4.123891294002532959e-01 1.558694601058959961e+00
-3.406530618667602539e-01 1.443035751581192017e-01
1.057288646697998047e+00 -6.989272236824035645e-01
2.068658024072647095e-01 1.400796771049499512e+00
-1.216470122337341309e+00 -1.009708523750305176e+00
-9.608328938484191895e-01 -3.608076572418212891e-01
-1.645369052886962891e+00 -1.177386999130249023e+00
1.291202545166015625e+00 -2.468313463032245636e-02
6.666422635316848755e-02 1.040546894073486328e+00
1.122167825698852539e+00 -1.219447970390319824e+00
2.741256952285766602e-01 8.429612219333648682e-02
-1.935020804405212402e+00 -6.043857932090759277e-01
-6.679339800029993057e-03 4.808523058891296387e-01
1.227935552597045898e-01 5.737552642822265625e-01
1.006351113319396973e+00 3.252704739570617676e-01
6.779249310493469238e-01 1.411104202270507812e+00
3.732588887214660645e-01 3.011696226894855499e-02
5.115776062011718750e-01 1.680960416793823242e+00
-5.143130421638488770e-01 2.300726413726806641e+00
-7.099750041961669922e-01 -1.659045577049255371e+00
5.590519309043884277e-01 -5.069503188133239746e-02
4.252637177705764771e-02 5.065798386931419373e-02
6.428208947181701660e-01 -8.794865570962429047e-03
1.736380577087402344e+00 -5.586538910865783691e-01
-2.558612823486328125e-02 1.845965981483459473e+00
2.925025820732116699e-01 6.365172266960144043e-01
9.435521364212036133e-01 2.610897421836853027e-01
-8.697685003280639648e-01 2.246037006378173828e+00
-4.030424654483795166e-01 -2.802163600921630859e+00
-2.163421548902988434e-02 1.490335702896118164e+00
3.470897078514099121e-01 2.196821928024291992e+00
-3.557475283741950989e-02 -8.102006465196609497e-02
-1.891234517097473145e+00 5.282718688249588013e-02
-4.425007402896881104e-01 2.803160436451435089e-02
1.105802178382873535e+00 4.922156631946563721e-01
3.819561898708343506e-01 5.302665233612060547e-01
3.450447320938110352e-01 1.281714320182800293e+00
6.967481970787048340e-01 -1.402196526527404785e+00
-4.153303205966949463e-01 -9.840775728225708008e-01
9.206780791282653809e-01 -5.699387788772583008e-01
-7.719813585281372070e-01 1.385390520095825195e+00
-9.302867203950881958e-02 -1.322143316268920898e+00
8.533995747566223145e-01 2.322823703289031982e-01
-3.914223983883857727e-02 -2.190369129180908203e+00
1.026028513908386230e+00 -6.157051324844360352e-01
5.341422557830810547e-02 1.297459959983825684e+00
-9.412553310394287109e-01 -8.377944231033325195e-01
-1.621281355619430542e-01 -1.198776364326477051e+00
-1.271299261134117842e-04 1.700513958930969238e-01
-4.017089009284973145e-01 -5.671676993370056152e-01
-5.400195717811584473e-01 1.002121493220329285e-01
2.070875644683837891e+00 5.126592516899108887e-01
-7.206183671951293945e-01 1.717881560325622559e+00
-2.232082366943359375e+00 -5.614473819732666016e-01
2.979506254196166992e-01 -1.799752563238143921e-01
-1.386796593666076660e+00 -1.335552215576171875e+00
-8.050080537796020508e-01 1.341688752174377441e+00
3.578565120697021484e-01 1.542479395866394043e-01
8.226846456527709961e-01 -1.751520484685897827e-01
-1.431565403938293457e+00 1.381862759590148926e-01
1.723258018493652344e+00 5.247067213058471680e-01
-1.404639363288879395e+00 5.945885553956031799e-02
-4.595631659030914307e-01 1.311035275459289551e+00
7.099755406379699707e-01 6.801983118057250977e-01
-5.270336866378784180e-01 2.114452570676803589e-01
-7.982079982757568359e-01 1.728287220001220703e+00
6.584653258323669434e-01 -4.123397767543792725e-01
6.345592141151428223e-01 -6.758895516395568848e-02
-3.000098466873168945e-01 9.246773123741149902e-01
6.310648322105407715e-01 2.064716100692749023e+00
-8.239578604698181152e-01 1.372682452201843262e+00
9.909985065460205078e-01 1.300276875495910645e+00
-5.937834978103637695e-01 -2.358171194791793823e-01
-3.704756870865821838e-02 3.494032621383666992e-01
7.580699920654296875e-01 1.812456250190734863e+00
1.258771717548370361e-01 -8.290484547615051270e-02
1.169842958450317383e+00 -6.272436380386352539e-01
-1.878339171409606934e+00 -7.467573136091232300e-02
1.203202009201049805e+00 -1.340387701988220215e+00
5.172919034957885742e-01 -4.594928622245788574e-01
-2.419244945049285889e-01 3.976218998432159424e-01
6.002109646797180176e-01 -1.032206177711486816e+00
-6.741332411766052246e-01 -7.888174057006835938e-01
1.050654172897338867e+00 -1.289647579193115234e+00
5.088320970535278320e-01 1.536526083946228027e-01
1.898939311504364014e-01 -8.598664402961730957e-02
2.339235544204711914e-01 -1.038843989372253418e+00
4.356133937835693359e-01 5.985442996025085449e-01
-4.584186673164367676e-01 5.506656169891357422e-01
3.572106733918190002e-02 9.582358002662658691e-01
-4.774961769580841064e-01 -1.545378565788269043e-01
2.653495788574218750e+00 -1.550118029117584229e-01
2.339494600892066956e-02 1.954603433609008789e+00
-4.720326960086822510e-01 3.823091983795166016e-01
-1.346540331840515137e+00 1.531157851219177246e+00
1.082383632659912109e+00 -1.320584177970886230e+00
3.558794856071472168e-01 -4.837942719459533691e-01
7.804771661758422852e-01 7.692866921424865723e-01
3.837127983570098877e-01 7.946780323982238770e-01
-5.865327715873718262e-01 9.802746176719665527e-01
9.571745991706848145e-01 2.200308628380298615e-02
1.170922040939331055e+00 -1.750513166189193726e-01
-1.752516478300094604e-01 4.774560034275054932e-01
-1.507927775382995605e+00 -8.387256860733032227e-01
2.911653220653533936e-01 1.070318222045898438e+00
5.713015198707580566e-01 9.943312406539916992e-01
1.836882352828979492e+00 1.318859338760375977e+00
8.680586814880371094e-01 3.501466512680053711e-01
-3.349640071392059326e-01 7.485927343368530273e-01
-3.612561225891113281e-01 6.345924139022827148e-01
-8.557723164558410645e-01 -9.561772644519805908e-02
-1.029152035713195801e+00 -7.533187866210937500e-01
8.771775364875793457e-01 -1.211856305599212646e-01
2.002031356096267700e-01 9.395254850387573242e-01
-6.231936812400817871e-01 7.624673098325729370e-02
-6.078708171844482422e-01 2.569412469863891602e+00
9.173732995986938477e-02 -8.113610148429870605e-01
5.319789797067642212e-02 -3.723203390836715698e-02
-2.992919385433197021e-01 5.101968646049499512e-01
-1.150309562683105469e+00 1.872308366000652313e-02
-1.270950078964233398e+00 3.410180211067199707e-01
5.506470799446105957e-01 -1.238159537315368652e-01
1.257483363151550293e-01 -5.743293762207031250e-01
-1.033191204071044922e+00 -8.334966897964477539e-01
-3.963182866573333740e-01 -5.131248235702514648e-01
4.253403544425964355e-01 4.508600831031799316e-01
1.240508913993835449e+00 6.777427196502685547e-01
3.842657506465911865e-01 -1.445800364017486572e-01
-7.944964766502380371e-01 4.334197044372558594e-01
1.121394991874694824e+00 -2.139383703470230103e-01
-2.882301807403564453e-01 -9.125912934541702271e-02
5.046674013137817383e-01 -2.595358788967132568e-01
1.527958869934082031e+00 1.082864031195640564e-01
9.501625299453735352e-01 3.325524628162384033e-01
3.849389255046844482e-01 -5.626439452171325684e-01
5.090394616127014160e-01 3.754978477954864502e-01
4.082508683204650879e-01 -3.361924588680267334e-01
1.153246641159057617e+00 -9.664370417594909668e-01
-5.099849104881286621e-01 -1.318635106086730957e+00
1.010835170745849609e+00 -8.194383382797241211e-01
-3.806210588663816452e-03 -7.545592188835144043e-01
4.650225937366485596e-01 1.086170077323913574e+00
-2.265676736831665039e+00 5.173380374908447266e-01
3.655587732791900635e-01 1.632176399230957031e+00
7.570713162422180176e-01 1.137504935264587402e+00
1.363827228546142578e+00 9.970273971557617188e-01
-6.859273910522460938e-01 -2.048774242401123047e+00
4.855642020702362061e-01 -1.925336003303527832e+00
9.213164448738098145e-01 1.056568980216979980e+00
2.029572010040283203e+00 1.744405269622802734e+00
8.443200588226318359e-01 1.214317917823791504e+00
7.198970913887023926e-01 -1.454549431800842285e+00
-1.084846854209899902e+00 1.684063553810119629e+00
1.649385318160057068e-02 -4.312674328684806824e-02
-8.824419975280761719e-02 -3.337897360324859619e-01
2.322055846452713013e-01 -8.442755341529846191e-01
-5.622706413269042969e-01 -7.255886197090148926e-01
-1.593441724777221680e+00 -2.832300961017608643e-01
-2.326566427946090698e-01 -6.422870159149169922e-01
1.552787423133850098e-01 4.847395420074462891e-01
1.091014146804809570e+00 -1.480449557304382324e+00
-5.931792855262756348e-01 9.020873904228210449e-02
-6.654291749000549316e-01 3.722417056560516357e-01
1.260737895965576172e+00 -2.000316381454467773e+00
-1.292153716087341309e+00 -5.511165782809257507e-02
1.115471243858337402e+00 6.155275702476501465e-01
2.927888035774230957e-01 1.555192023515701294e-01
4.863973557949066162e-01 -1.050266981124877930e+00
-2.179542779922485352e+00 -1.559827327728271484e-01
1.225869059562683105e+00 5.976818799972534180e-01
7.398142218589782715e-01 -3.494137823581695557e-01
-3.847388625144958496e-01 -2.119379043579101562e+00
-1.068468809127807617e+00 3.359404802322387695e-01
-4.927841722965240479e-01 -6.394976973533630371e-01
5.799460038542747498e-02 -1.741487145423889160e+00
9.711601138114929199e-01 5.932486057281494141e-01
-3.000741004943847656e-01 5.909023284912109375e-01
9.388818144798278809e-01 5.559375286102294922e-01
-2.144658714532852173e-01 -1.728732466697692871e+00
-4.860081374645233154e-01 4.569697380065917969e-01
4.915277957916259766e-01 -3.785844445228576660e-01
-7.688321471214294434e-01 2.929288387298583984e+00
1.011591076850891113e+00 -7.447729706764221191e-01
6.309930086135864258e-01 -9.309051185846328735e-02
-2.891526520252227783e-01 3.467343375086784363e-02
-1.964335203170776367e+00 2.876379251480102539e+00
-8.120467513799667358e-02 -5.940494537353515625e-01
2.013684511184692383e+00 2.175090014934539795e-01
1.142638802528381348e+00 6.678573787212371826e-02
-8.346813172101974487e-02 -4.997287988662719727e-01
8.814169764518737793e-01 1.784345984458923340e+00
4.186222255229949951e-01 -1.725488752126693726e-01
5.593498349189758301e-01 9.558149576187133789e-01
-1.397884130477905273e+00 1.511003971099853516e-01
3.738477230072021484e-01 5.707995295524597168e-01
-6.610606908798217773e-01 6.027737259864807129e-01
-3.787569329142570496e-02 5.986196398735046387e-01
3.719987347722053528e-02 -1.589212894439697266e+00
-1.171666622161865234e+00 3.348250091075897217e-01
4.993286728858947754e-01 3.871359527111053467e-01
-1.570042222738265991e-01 -9.546427130699157715e-01
-1.858417034149169922e+00 -7.969266921281814575e-02
1.787449240684509277e+00 -2.811270654201507568e-01
-3.943146672099828720e-03 5.000829324126243591e-02
-9.305155873298645020e-01 1.664089202880859375e+00
-1.373053789138793945e+00 -2.957614362239837646e-01
-2.849110364913940430e-01 -3.322885036468505859e-01
-1.614486932754516602e+00 -1.239776492118835449e+00
-2.382183670997619629e-01 1.746016621589660645e+00
5.604140162467956543e-01 1.137170553207397461e+00
6.353770494461059570e-01 -2.405620813369750977e+00
-2.843194603919982910e-01 1.947519540786743164e+00
1.214272499084472656e+00 2.157854437828063965e-01
-2.675420641899108887e-01 8.230261206626892090e-01
5.771416425704956055e-01 1.029087066650390625e+00
-7.294924855232238770e-01 -1.233614802360534668e+00
6.708193421363830566e-01 1.191173911094665527e+00
7.209746241569519043e-01 1.942717790603637695e+00
1.226055502891540527e+00 -1.112495541572570801e+00
-1.240988969802856445e+00 -2.714690864086151123e-01
-3.654693961143493652e-01 -2.996083199977874756e-01
-1.961547434329986572e-01 -5.071049928665161133e-01
1.404929995536804199e+00 -1.349499821662902832e+00
2.094722241163253784e-01 -2.914888262748718262e-01
-7.285053730010986328e-01 -5.330159664154052734e-01
9.662734866142272949e-01 1.289532423019409180e+00
1.051219105720520020e+00 -1.680079460144042969e+00
1.249189376831054688e+00 -1.576722383499145508e+00
7.138158082962036133e-01 -1.051365256309509277e+00
1.506755352020263672e+00 -1.434152364730834961e+00
3.174652159214019775e-01 2.023042678833007812e+00
6.497334837913513184e-01 -1.691188097000122070e+00
1.142198681831359863e+00 -6.709784269332885742e-01
1.917964458465576172e+00 9.376527070999145508e-01
1.599653720855712891e+00 1.433256864547729492e+00
6.344953775405883789e-01 -9.280571937561035156e-01
8.178918808698654175e-02 4.227236807346343994e-01
-3.850627541542053223e-01 1.233143091201782227e+00
6.480273008346557617e-01 6.692188382148742676e-01
-4.004160761833190918e-01 1.841280341148376465e+00
-1.391229927539825439e-01 -4.783847332000732422e-01
1.998246669769287109e+00 7.535517215728759766e-01
-1.397503495216369629e+00 -3.346916437149047852e-01
-1.121760845184326172e+00 -4.670476913452148438e-01
-8.806461095809936523e-01 -1.853242993354797363e+00
-7.746389508247375488e-01 3.020218014717102051e-01
1.141595721244812012e+00 6.698693037033081055e-01
-3.113406598567962646e-01 -1.308932185173034668e+00
1.540539979934692383e+00 7.475873827934265137e-01
-6.073226332664489746e-01 1.852539181709289551e+00
7.279722094535827637e-01 -1.716330051422119141e-01
1.034972548484802246e+00 7.383671998977661133e-01
-2.502045929431915283e-01 -8.055711984634399414e-01
1.751739680767059326e-01 9.931966066360473633e-01
8.943685889244079590e-01 -6.992113590240478516e-01
1.330368638038635254e+00 6.365549564361572266e-01
3.955648243427276611e-01 1.638563156127929688e+00
-1.404721379280090332e+00 -2.371835112571716309e-01
3.146668970584869385e-01 -1.029900431632995605e+00
1.139882564544677734e+00 -6.464959383010864258e-01
-1.906652599573135376e-01 1.509287208318710327e-01
4.237952232360839844e-01 -4.234678745269775391e-01
1.229582905769348145e+00 -9.179732948541641235e-02
-2.238069288432598114e-02 -3.355776965618133545e-01
-1.489211678504943848e+00 3.868312239646911621e-01
1.635565012693405151e-01 -3.871441483497619629e-01
3.948034346103668213e-01 5.701080560684204102e-01
3.339498341083526611e-01 -6.924472451210021973e-01
-1.823722004890441895e+00 -2.078852653503417969e-01
6.005312204360961914e-01 3.641985654830932617e-01
3.201939165592193604e-02 -7.722170352935791016e-01
5.667790174484252930e-01 -1.425340294837951660e+00
-2.924632430076599121e-01 5.073642134666442871e-01
1.391663551330566406e+00 -7.868039011955261230e-01
4.498980641365051270e-01 -8.673287034034729004e-01
-7.502861022949218750e-01 2.428859710693359375e+00
1.698612689971923828e+00 -9.405978769063949585e-02
8.506139367818832397e-02 3.948445320129394531e-01
-3.045792579650878906e-01 7.526355981826782227e-02
-1.875811070203781128e-01 -6.920360922813415527e-01
-1.268401622772216797e+00 -2.234612703323364258e-01
1.713081955909729004e+00 2.466499358415603638e-01
4.204298555850982666e-01 -3.892114758491516113e-01
2.491778582334518433e-01 1.452045440673828125e+00
-8.062593936920166016e-01 1.680995583534240723e+00
-1.516272664070129395e+00 -6.171049475669860840e-01
-2.280847430229187012e-01 -4.449107944965362549e-01
-6.537263840436935425e-02 -2.741251885890960693e-01
8.319654315710067749e-02 2.108755350112915039e+00
3.580430746078491211e-01 1.347151696681976318e-01
2.755886912345886230e-01 2.914952337741851807e-01
-2.021257281303405762e-01 2.073252916336059570e+00
-2.909896969795227051e-01 4.348836243152618408e-01
6.422902345657348633e-01 -1.663655281066894531e+00
4.261370301246643066e-01 -2.836217284202575684e-01
2.493173331022262573e-01 -7.483080625534057617e-01
2.410013914108276367e+00 1.451497077941894531e-01
1.530202746391296387e+00 -3.303139507770538330e-01
-9.085751771926879883e-01 6.088399291038513184e-01
2.954103946685791016e+00 6.853396892547607422e-01
-4.925782382488250732e-01 2.689337253570556641e+00
3.589623272418975830e-01 8.246581554412841797e-01
6.221808791160583496e-01 8.865820169448852539e-01
5.522460490465164185e-02 -1.377809405326843262e+00
2.668754160404205322e-01 -8.744996786117553711e-01
1.493301510810852051e+00 1.202666044235229492e+00
-3.053737878799438477e-01 -7.903144508600234985e-02
-1.362043380737304688e+00 -9.080494940280914307e-02
7.823606133460998535e-01 -2.512384951114654541e-01
-7.313382811844348907e-03 2.181592226028442383e+00
-1.331808567047119141e-01 -8.648841977119445801e-01
-5.599250197410583496e-01 -3.250008821487426758e-01
-1.184199824929237366e-01 1.224079012870788574e+00
-3.060915470123291016e-01 -3.575460314750671387e-01
7.029501795768737793e-01 -6.406516432762145996e-01
1.220855191349983215e-01 2.862778663635253906e+00
1.072193264961242676e+00 -5.315839648246765137e-01
1.200381517410278320e+00 1.002451777458190918e+00
1.224498391151428223e+00 -2.589413404464721680e+00
-2.017664164304733276e-01 -1.650825142860412598e+00
-1.028907775878906250e+00 -1.711400270462036133e+00
-7.502141594886779785e-01 -1.566339254379272461e+00
1.218068718910217285e+00 -7.565664649009704590e-01
1.649741232395172119e-01 -9.971033930778503418e-01
-1.957489609718322754e+00 -7.818868383765220642e-03
3.194926679134368896e-01 8.016992807388305664e-01
1.005897641181945801e+00 -4.852908849716186523e-01
7.689988613128662109e-01 1.223300814628601074e+00
1.030770540237426758e+00 6.336481571197509766e-01
-2.703011631965637207e-01 6.841549873352050781e-01
1.972614824771881104e-01 -1.120512723922729492e+00
3.404852151870727539e-01 3.236826360225677490e-01
8.288033008575439453e-01 5.857236310839653015e-02
-1.112395286560058594e+00 9.294590950012207031e-01
-9.134625792503356934e-01 1.290898561477661133e+00
2.211340963840484619e-01 1.024520397186279297e+00
-3.769802749156951904e-01 1.614689230918884277e-01
-2.006325870752334595e-01 9.872245788574218750e-01
5.365987420082092285e-01 -3.112900853157043457e-01
9.528449177742004395e-01 -2.458923682570457458e-02
2.915527522563934326e-01 -1.486350893974304199e+00
-1.603403389453887939e-01 -4.959261044859886169e-02
3.381335735321044922e-01 7.673202753067016602e-01
5.838099867105484009e-02 5.441977977752685547e-01
-2.052952349185943604e-02 1.116683721542358398e+00
-4.247562885284423828e-01 -2.220655679702758789e-01
6.975321173667907715e-01 3.254524171352386475e-01
-8.893075585365295410e-01 -2.405890375375747681e-01
5.630787014961242676e-01 1.177436709403991699e+00
-1.217642307281494141e+00 9.467037916183471680e-01
8.670477271080017090e-01 -8.277474641799926758e-01
2.345623075962066650e-02 5.982522368431091309e-01
-1.247658729553222656e+00 6.793506741523742676e-01
-1.069674611091613770e+00 9.837626218795776367e-01
-1.477538347244262695e+00 1.098519563674926758e+00
-3.896180689334869385e-01 -2.183583736419677734e+00
-5.198073387145996094e-01 1.119291067123413086e+00
8.880534768104553223e-01 6.258402019739151001e-02
8.028194308280944824e-01 1.978718996047973633e+00
-9.323835372924804688e-01 -1.158247351646423340e+00
2.164505243301391602e+00 -1.295297384262084961e+00
-1.895206093788146973e+00 1.877167224884033203e+00
-7.763921618461608887e-01 9.945150613784790039e-01
1.077646017074584961e+00 1.843354344367980957e+00
-6.306290030479431152e-01 2.543280124664306641e+00
-1.906906962394714355e-01 -7.148699164390563965e-01
1.775051593780517578e+00 -2.883848905563354492e+00
-4.850646853446960449e-01 4.192243814468383789e-01
-1.593344330787658691e+00 -8.521779775619506836e-01
-8.283459544181823730e-01 -9.560506939888000488e-01
-3.160541877150535583e-02 2.515486955642700195e+00
-1.147697329521179199e+00 -3.582355082035064697e-01
1.099329352378845215e+00 5.848587751388549805e-01
7.966862618923187256e-02 3.813675642013549805e-01
2.966894209384918213e-01 -4.210661053657531738e-01
-3.646438419818878174e-01 -1.712944507598876953e-01
-1.585440754890441895e+00 -1.319698709994554520e-02
1.240453958511352539e+00 -4.766706228256225586e-01
-1.830530017614364624e-01 7.023118138313293457e-01
1.018395304679870605e+00 3.784856498241424561e-01
5.936084389686584473e-01 5.648670792579650879e-01
-3.041224181652069092e-02 4.013828039169311523e-01
-6.928768754005432129e-01 -1.926704525947570801e+00
-7.684418559074401855e-01 2.629470825195312500e-01
1.572552174329757690e-01 1.231079578399658203e+00
5.755954980850219727e-01 1.274122238159179688e+00
-2.438193932175636292e-02 4.375598132610321045e-01
-3.254498541355133057e-01 -8.556154370307922363e-02
4.162580966949462891e-01 -1.376829624176025391e+00
-5.638425350189208984e-01 -1.396031022071838379e+00
5.744740366935729980e-01 -3.540735319256782532e-02
1.499633669853210449e+00 -8.480399847030639648e-01
1.617086887359619141e+00 -1.153580471873283386e-01
-9.172859787940979004e-02 -1.162120103836059570e+00
-2.181435674428939819e-01 -8.128198385238647461e-01
8.325282931327819824e-01 2.069297552108764648e+00
1.836065053939819336e+00 1.589706778526306152e+00
-1.056650876998901367e+00 -1.566249370574951172e+00
1.224034667015075684e+00 -5.051089525222778320e-01
2.919806241989135742e-01 6.690500974655151367e-01
1.057374358177185059e+00 1.422108173370361328e+00
-1.804986357688903809e+00 3.961804509162902832e-02
5.619584918022155762e-01 -9.717860221862792969e-01
3.532406091690063477e-01 -1.101234793663024902e+00
-4.457845985889434814e-01 -3.856967687606811523e-01
-2.770332992076873779e-01 1.025555729866027832e+00
1.900681704282760620e-01 -2.903941571712493896e-01
1.065574407577514648e+00 -2.014754414558410645e-01
-1.094642877578735352e+00 1.321686506271362305e+00
1.385777711868286133e+00 -7.894977331161499023e-01
1.711122840642929077e-01 -5.737432241439819336e-01
7.069050669670104980e-01 1.610862135887145996e+00
2.646773755550384521e-01 -1.269259095191955566e+00
-1.314767122268676758e+00 -1.571359187364578247e-01
-1.226892590522766113e+00 1.514735579490661621e+00
-2.222674526274204254e-02 4.256965517997741699e-01
5.296426415443420410e-01 4.649662077426910400e-01
-4.176364094018936157e-02 1.003923177719116211e+00
1.076344013214111328e+00 -3.146918118000030518e-01
6.389612555503845215e-01 1.814097166061401367e-02
-9.489632844924926758e-01 9.099766612052917480e-01
7.410594820976257324e-01 -3.940934538841247559e-01
4.546273350715637207e-01 3.019472360610961914e-01
1.027096807956695557e-02 1.180065751075744629e+00
1.293156385421752930e+00 9.948648810386657715e-01
4.262469708919525146e-01 6.915558576583862305e-01
-6.010622978210449219e-01 1.109719514846801758e+00
-4.924180358648300171e-02 -8.267773985862731934e-01
2.824455499649047852e-01 -1.289166808128356934e+00
1.578218936920166016e-01 -1.360031247138977051e+00
-7.207237482070922852e-01 1.042524099349975586e+00
1.015402451157569885e-01 3.745335936546325684e-01
-3.246550559997558594e-01 1.997775316238403320e+00
1.198663353919982910e+00 7.578318715095520020e-01
3.229427933692932129e-01 -3.572069108486175537e-01
-3.808450102806091309e-01 7.814233899116516113e-01
5.151798725128173828e-01 -8.218628168106079102e-01
2.364131361246109009e-01 6.553589701652526855e-01
5.981629490852355957e-01 1.221455335617065430e+00
4.700982272624969482e-01 8.761552721261978149e-02
5.217988491058349609e-01 -1.032283544540405273e+00
-7.740445435047149658e-02 -1.035232901573181152e+00
2.941872179508209229e-01 1.155432581901550293e+00
1.994514822959899902e+00 5.579844713211059570e-01
-7.770602703094482422e-01 -8.774355053901672363e-01
-1.187909722328186035e+00 2.051218986511230469e+00
1.725972771644592285e+00 8.159899711608886719e-01
2.947503328323364258e+00 -2.504681004211306572e-03
-8.265435099601745605e-01 -8.397242426872253418e-01
-1.275050919502973557e-02 -8.446601629257202148e-01
-1.799958348274230957e+00 -4.933661818504333496e-01
-1.408070683479309082e+00 -1.558537721633911133e+00
-2.253216266632080078e+00 -5.326043367385864258e-01
-9.713108539581298828e-01 1.931950151920318604e-01
-2.786674201488494873e-01 -5.382992029190063477e-01
-6.654481291770935059e-01 5.438066720962524414e-01
3.857646584510803223e-01 4.199904575943946838e-02
-1.728159904479980469e+00 8.587439060211181641e-01
9.076154828071594238e-01 7.113678455352783203e-01
6.121630668640136719e-01 1.019264459609985352e+00
-2.889511585235595703e-01 2.438401281833648682e-01
8.938434720039367676e-01 8.091529011726379395e-01
2.685671150684356689e-01 5.997938513755798340e-01
6.659395694732666016e-01 6.972512006759643555e-01
5.567954778671264648e-01 8.552012443542480469e-01
-3.565301001071929932e-02 6.959250569343566895e-01
-2.078134417533874512e-01 1.379633098840713501e-01
1.640388816595077515e-01 -4.018364250659942627e-01
8.704724311828613281e-01 -1.503103137016296387e+00
-7.218552380800247192e-02 5.326934903860092163e-02
-1.125884056091308594e+00 1.335562616586685181e-01
4.293561875820159912e-01 -9.218514561653137207e-01
1.986858725547790527e+00 5.910059809684753418e-01
2.007461309432983398e+00 1.256404995918273926e+00
-8.089458346366882324e-01 1.054795384407043457e+00
-1.249357461929321289e+00 -6.703438758850097656e-01
-1.570713162422180176e+00 -6.103501915931701660e-01
-8.454638123512268066e-01 1.858791410923004150e-01
-1.125316381454467773e+00 3.573089540004730225e-01
1.777283996343612671e-01 -5.069885253906250000e-01
-1.242373108863830566e+00 4.059304594993591309e-01
1.072842627763748169e-01 1.596912741661071777e-01
2.027341425418853760e-01 -4.488766193389892578e-01
2.528759837150573730e-01 1.950791120529174805e+00
-3.733464777469635010e-01 -1.855160117149353027e+00
1.237009093165397644e-01 2.744591236114501953e-01
9.875934123992919922e-01 1.830254495143890381e-01
1.034646272659301758e+00 -1.798715114593505859e+00
1.141934871673583984e+00 7.110331058502197266e-01
-1.366021752357482910e+00 -2.012524753808975220e-01
-1.197222113609313965e+00 -8.677555918693542480e-01
-4.858204722404479980e-01 -3.632229268550872803e-01
-6.484848260879516602e-01 4.792965948581695557e-01
-9.386852979660034180e-01 -2.276324480772018433e-01
-4.130077064037322998e-01 1.072103857994079590e+00
-2.892604768276214600e-01 -2.584230005741119385e-01
-1.314407825469970703e+00 -2.445233613252639771e-01
-1.102416276931762695e+00 -7.047815918922424316e-01
-1.140292406082153320e+00 1.170824170112609863e-01
-9.479686617851257324e-01 6.261669397354125977e-01
-4.174559935927391052e-02 1.217898726463317871e+00
6.876122951507568359e-01 8.416581153869628906e-01
-1.653085231781005859e+00 3.884758949279785156e-01
6.914110183715820312e-01 -2.110287666320800781e+00
6.148858070373535156e-01 -4.748817384243011475e-01
7.634046673774719238e-01 2.849625647068023682e-01
6.944622993469238281e-01 -6.122129969298839569e-03
-1.337634801864624023e+00 4.042115211486816406e-01
9.711138010025024414e-01 4.755221009254455566e-01
2.951906025409698486e-01 3.417190015316009521e-01
7.915184497833251953e-01 -1.245413303375244141e+00
1.486503720283508301e+00 5.651363730430603027e-01
-3.276975452899932861e-01 1.757809072732925415e-01
1.522576063871383667e-01 3.702462911605834961e-01
-8.295007348060607910e-01 -8.338739871978759766e-01
-9.104174375534057617e-01 1.262399077415466309e+00
1.252594947814941406e+00 2.778287887573242188e+00
4.248282313346862793e-01 -7.195967435836791992e-02
-7.471278309822082520e-01 2.547375261783599854e-01
-5.390204787254333496e-01 5.691142082214355469e-01
7.251055836677551270e-01 4.902025163173675537e-01
1.356452226638793945e+00 -4.375937283039093018e-01
-1.868537366390228271e-01 -3.350619971752166748e-01
-8.033887147903442383e-01 8.513500094413757324e-01
-1.298864632844924927e-01 8.292029500007629395e-01
5.621745586395263672e-01 1.005918607115745544e-01
6.450853943824768066e-01 4.841572046279907227e-02
-6.949765086174011230e-01 2.115989625453948975e-01
9.937008023262023926e-01 -4.386969208717346191e-01
-3.808674216270446777e-01 -1.422967076301574707e+00
8.989977836608886719e-01 2.259234040975570679e-01
-4.781652688980102539e-01 2.439070045948028564e-01
-2.342626333236694336e+00 1.958611369132995605e+00
3.245171904563903809e-02 1.341780543327331543e+00
9.046035408973693848e-01 2.044992521405220032e-03
-2.983525395393371582e-01 -4.371729791164398193e-01
8.558130860328674316e-01 7.431730031967163086e-01
-5.263454318046569824e-01 9.308119416236877441e-01
-2.579563260078430176e-01 -8.505102992057800293e-01
-8.088628649711608887e-01 9.319884777069091797e-01
3.061085343360900879e-01 8.637552708387374878e-02
-9.835326671600341797e-01 1.094097197055816650e-01
4.127915799617767334e-01 1.168044924736022949e+00
1.541533321142196655e-01 7.540377378463745117e-01
-2.718460559844970703e-01 5.352588891983032227e-01
-1.443648576736450195e+00 -1.389687538146972656e+00
9.374724030494689941e-01 1.015363693237304688e+00
-9.027626365423202515e-02 -1.268867135047912598e+00
6.209429502487182617e-01 1.608997464179992676e+00
-2.177347540855407715e-01 -9.243108630180358887e-01
1.196185708045959473e+00 -2.599701166152954102e+00
-2.958447858691215515e-02 -1.796124279499053955e-01
-7.837101221084594727e-01 2.296548150479793549e-02
-3.769375801086425781e+00 -9.895760416984558105e-01
2.112195014953613281e+00 9.297878146171569824e-01
-7.914803624153137207e-01 -5.476351976394653320e-01
-5.423029065132141113e-01 -7.460353970527648926e-01
-1.388062477111816406e+00 6.104242205619812012e-01
-2.795822143554687500e+00 -6.082977056503295898e-01
-4.926309883594512939e-01 -2.671964466571807861e-01
1.448140263557434082e+00 7.557854056358337402e-01
-5.937913060188293457e-01 -3.571168780326843262e-01
1.258210659027099609e+00 -8.833260536193847656e-01
-1.083663940429687500e+00 5.912078619003295898e-01
1.069550037384033203e+00 -2.801183424890041351e-02
1.318416595458984375e+00 8.692171573638916016e-01
-5.283237695693969727e-01 -3.971894383430480957e-01
5.020464658737182617e-01 -7.595749497413635254e-01
-3.467534482479095459e-01 6.546745300292968750e-01
2.232503175735473633e+00 -6.904643774032592773e-01
-1.121957898139953613e+00 -2.143622189760208130e-01
6.484972834587097168e-01 1.089236021041870117e+00
-1.649466991424560547e+00 -2.055613994598388672e-01
-2.161036968231201172e+00 -1.070649147033691406e+00
-5.764759182929992676e-01 -1.015024900436401367e+00
-6.340878605842590332e-01 1.868478894233703613e+00
3.059519827365875244e-01 -8.300240039825439453e-01
1.125680327415466309e+00 1.407244205474853516e+00
2.201399952173233032e-01 2.408769428730010986e-01
1.247792690992355347e-01 1.541755676269531250e+00
1.049322485923767090e+00 2.528067305684089661e-02
-1.179902434349060059e+00 7.416769862174987793e-01
2.031626179814338684e-02 -1.067464351654052734e+00
-6.262134313583374023e-01 1.314925670623779297e+00
7.326269745826721191e-01 3.717428073287010193e-03
1.149360537528991699e-01 -2.465639263391494751e-01
1.055475115776062012e+00 -4.410835206508636475e-01
-3.680595457553863525e-01 -2.326599508523941040e-01
8.763587474822998047e-01 2.247834503650665283e-01
6.248419880867004395e-01 -4.921976476907730103e-02
-2.097314968705177307e-02 1.595023751258850098e+00
-5.589317083358764648e-01 1.202200174331665039e+00
1.863425783812999725e-02 -4.950098395347595215e-01
-9.443364739418029785e-01 -1.432377994060516357e-01
8.760316371917724609e-01 5.234004855155944824e-01
1.388439774513244629e+00 8.426417112350463867e-01
6.965522766113281250e-01 2.056044578552246094e+00
-1.365981101989746094e+00 -7.167141437530517578e-01
-2.884502112865447998e-01 -2.615928888320922852e+00
3.017921932041645050e-02 4.181867241859436035e-01
-1.119458675384521484e+00 -2.376990795135498047e+00
1.241330623626708984e+00 -2.220658808946609497e-01
4.972272813320159912e-01 5.103688240051269531e-01
3.933874666690826416e-01 8.581458330154418945e-01
-8.819322586059570312e-01 9.419100880622863770e-01
5.121151804924011230e-01 1.414838731288909912e-01
-9.238833785057067871e-01 1.081381201744079590e+00
-7.024757266044616699e-01 -1.162681460380554199e+00
1.518543004989624023e+00 9.994010329246520996e-01
-2.335867583751678467e-01 2.014205932617187500e+00
-5.199514627456665039e-01 -1.759164333343505859e-01
2.113582640886306763e-01 -4.873261153697967529e-01
-2.828134894371032715e-01 -1.688269495964050293e+00
-5.665655732154846191e-01 -6.978744864463806152e-01
1.536697268486022949e+00 -2.895889282226562500e-01
4.330785274505615234e-01 -2.897905707359313965e-01
1.568410158157348633e+00 -1.782315671443939209e-01
7.697609663009643555e-01 6.411177515983581543e-01
-1.222258090972900391e+00 -1.821145057678222656e+00
-3.883474767208099365e-01 -2.269450575113296509e-01
-6.937516927719116211e-01 -2.616130113601684570e-01
8.103865385055541992e-01 4.219818413257598877e-01
1.913775324821472168e+00 -5.478867292404174805e-01
-1.021810770034790039e+00 6.389134526252746582e-01
-1.263654708862304688e+00 -1.283196806907653809e+00
1.564398169517517090e+00 3.069785833358764648e-01
2.871207237243652344e+00 -2.030686378479003906e+00
-7.602996826171875000e-01 8.542231321334838867e-01
4.306981265544891357e-01 7.322719693183898926e-01
1.014056921005249023e+00 1.895663261413574219e+00
3.462331295013427734e-01 -7.557452917098999023e-01
-9.274581819772720337e-02 2.348961383104324341e-01
2.747879981994628906e+00 9.971267729997634888e-02
1.728074073791503906e+00 4.901376068592071533e-01
-9.148817658424377441e-01 5.017329379916191101e-02
1.336093544960021973e-01 1.596456742845475674e-03
6.062178686261177063e-02 -1.771368265151977539e+00
4.821488261222839355e-01 9.627612233161926270e-01
-8.022958636283874512e-01 5.279151201248168945e-01
-8.140597939491271973e-01 -5.488507151603698730e-01
4.771807789802551270e-01 1.126868605613708496e+00
-1.769294381141662598e+00 -2.141624838113784790e-01
2.237046480178833008e+00 1.717073440551757812e+00
-5.724053978919982910e-01 -7.233408838510513306e-02
-3.607776463031768799e-01 -4.469409286975860596e-01
-6.716726422309875488e-01 6.414845585823059082e-01
-8.649610877037048340e-01 -1.051094770431518555e+00
-6.607310175895690918e-01 -2.494411021471023560e-01
1.242518663406372070e+00 -2.167121171951293945e+00
-3.261357545852661133e-02 -8.523625135421752930e-01
1.771692752838134766e+00 9.079291224479675293e-01
4.264690279960632324e-01 -1.354545831680297852e+00
-4.846136271953582764e-01 2.222388535737991333e-01
1.295537590980529785e+00 8.680965900421142578e-01
1.588585019111633301e+00 -1.686846017837524414e+00
1.173415422439575195e+00 9.141399860382080078e-01
1.700787663459777832e+00 -2.316258698701858521e-01
8.237338066101074219e-01 2.245886437594890594e-02
-2.856804132461547852e-01 1.525490403175354004e+00
-1.848012566566467285e+00 -1.333652853965759277e+00
1.591768980026245117e+00 -8.954440355300903320e-01
-9.859466552734375000e-02 9.101090431213378906e-01
8.619562536478042603e-02 -3.474423289299011230e-01
1.624040603637695312e+00 -1.480762124061584473e+00
1.670662999153137207e+00 -2.505811750888824463e-01
-3.162564933300018311e-01 1.025376439094543457e+00
-5.743399858474731445e-01 1.192329883575439453e+00
-4.709228128194808960e-02 8.637188076972961426e-01
-5.692211389541625977e-01 5.148347616195678711e-01
-1.620690345764160156e+00 -9.811759591102600098e-01
6.850257515907287598e-01 -3.869049251079559326e-02
1.428057670593261719e+00 -2.465923428535461426e-01
-8.682938218116760254e-01 -2.842954695224761963e-01
9.249508380889892578e-02 1.022659420967102051e+00
-9.349832534790039062e-01 -5.470005422830581665e-02
1.921405315399169922e+00 1.143040299415588379e+00
2.917492091655731201e-01 6.665359139442443848e-01
-7.473875880241394043e-01 1.524475574493408203e+00
-1.351848989725112915e-01 1.467967867851257324e+00
7.080612778663635254e-01 1.067354083061218262e+00
1.195181727409362793e+00 1.595364928245544434e+00
-1.348077893257141113e+00 -1.700125098228454590e+00
-1.281204819679260254e+00 -8.902934193611145020e-01
-1.041314125061035156e+00 7.376419901847839355e-01
-1.016044378280639648e+00 -1.163538336753845215e+00
1.762751221656799316e+00 -8.184260725975036621e-01
-2.360388517379760742e+00 -6.436584591865539551e-01
6.928443908691406250e-03 -2.357645332813262939e-01
9.735189676284790039e-01 1.795678883790969849e-01
-3.612636625766754150e-01 3.617272377014160156e-01
-4.190600216388702393e-01 5.206231474876403809e-01
4.000294208526611328e-01 -8.584845066070556641e-01
-5.161955356597900391e-01 1.391219496726989746e+00
8.389655351638793945e-01 -1.271010518074035645e+00
-1.086946129798889160e+00 2.170954227447509766e+00
9.798185229301452637e-01 -6.225480437278747559e-01
-3.043681979179382324e-01 2.651164866983890533e-02
-9.056676626205444336e-01 5.955188274383544922e-01
-2.636458158493041992e+00 2.527718245983123779e-01
9.037629961967468262e-01 3.994928896427154541e-01
-3.697171509265899658e-01 -5.303664803504943848e-01
1.350567817687988281e+00 5.485172867774963379e-01
8.976040482521057129e-01 -1.128277778625488281e+00
1.290965914726257324e+00 5.441886186599731445e-01
1.261496096849441528e-01 1.144407153129577637e+00
8.844485878944396973e-02 3.155104219913482666e-01
-1.273600816726684570e+00 -1.373839735984802246e+00
-8.015295863151550293e-01 3.735996186733245850e-01
-1.280576705932617188e+00 1.506834387779235840e+00
-1.558484554290771484e+00 -1.582430481910705566e+00
-5.928011611104011536e-03 -1.132197380065917969e+00
1.369138240814208984e+00 1.043012738227844238e+00
-4.313948005437850952e-02 5.878657102584838867e-01
-1.364405870437622070e+00 -7.410395741462707520e-01
9.645056724548339844e-01 -1.443973064422607422e+00
-9.623243808746337891e-01 3.759343028068542480e-01
2.266289442777633667e-01 -7.125039696693420410e-01
2.506751716136932373e-01 1.868092894554138184e+00
1.100085020065307617e+00 2.276802539825439453e+00
-4.955463111400604248e-01 4.356695339083671570e-02
-9.876020252704620361e-02 7.973813414573669434e-01
-1.773684978485107422e+00 -4.275906458497047424e-02
-8.178437501192092896e-02 1.442978262901306152e+00
-6.712425351142883301e-01 -7.740329504013061523e-01
-1.158392667770385742e+00 -3.362044692039489746e-01
-2.800619840621948242e+00 -5.227882266044616699e-01
7.568431645631790161e-02 -1.069296449422836304e-01
9.701766967773437500e-01 3.871384263038635254e-01
-3.262351155281066895e-01 6.473164558410644531e-01
1.594384312629699707e+00 1.647571325302124023e-01
4.888343513011932373e-01 1.495094537734985352e+00
-1.039512276649475098e+00 -4.578810930252075195e-01
1.244832634925842285e+00 4.911975562572479248e-01
-1.013293027877807617e+00 -1.688433289527893066e+00
-9.108859300613403320e-01 -1.013529658317565918e+00
-1.841700196266174316e+00 3.158771395683288574e-01
1.581217885017395020e+00 -1.801638603210449219e+00
4.812217652797698975e-01 7.714641094207763672e-01
1.958518981933593750e+00 -6.458225846290588379e-01
2.210459470748901367e+00 9.324223399162292480e-01
9.338214397430419922e-01 1.209294080734252930e+00
8.289306759834289551e-01 -5.670691654086112976e-02
1.057568669319152832e+00 -1.256789863109588623e-01
1.038167834281921387e+00 4.349595904350280762e-01
1.634266376495361328e+00 6.493073105812072754e-01
1.975116014480590820e+00 5.409823060035705566e-01
-7.513058185577392578e-01 -9.500581622123718262e-01
6.608049869537353516e-01 6.204270124435424805e-01
1.164823889732360840e+00 1.136700987815856934e+00
3.379411101341247559e-01 -1.110273480415344238e+00
-1.659872531890869141e-01 1.387642860412597656e+00
-7.264714837074279785e-01 -1.931082129478454590e+00
2.489605665206909180e+00 -1.257406115531921387e+00
-5.569444894790649414e-01 -2.195949405431747437e-01
8.476828336715698242e-01 -2.777535021305084229e-01
-3.600714206695556641e-01 -5.731042027473449707e-01
4.617862403392791748e-01 4.255520701408386230e-01
-7.139065861701965332e-02 -7.570143938064575195e-01
6.975895166397094727e-01 -1.044399365782737732e-01
-7.063257098197937012e-01 -5.436440706253051758e-01
8.824247121810913086e-01 6.243044734001159668e-01
1.348594069480895996e+00 1.307937383651733398e+00
-3.624148666858673096e-01 -1.859784841537475586e+00
-2.797755897045135498e-01 1.197546482086181641e+00
-3.490220382809638977e-02 -1.679010510444641113e+00
-2.016722410917282104e-01 7.727886438369750977e-01
1.192688822746276855e+00 1.171311855316162109e+00
-1.884361267089843750e+00 1.786064654588699341e-01
3.709578216075897217e-01 -8.662087917327880859e-01
1.591951489448547363e+00 -1.685042858123779297e+00
-1.035863161087036133e+00 -1.005602359771728516e+00
1.294057369232177734e+00 -2.377478837966918945e+00
-1.562780439853668213e-01 4.697355031967163086e-01
1.708118677139282227e+00 1.134766101837158203e+00
-1.407101631164550781e+00 -4.022801220417022705e-01
9.066532254219055176e-01 -1.064748287200927734e+00
1.698842167854309082e+00 -2.762455046176910400e-01
4.083217978477478027e-01 4.553539454936981201e-01
1.241451859474182129e+00 -6.261823773384094238e-01
2.757808566093444824e-01 -9.228033572435379028e-02
-2.612490355968475342e-01 4.545449912548065186e-01
2.008770942687988281e+00 -9.690198302268981934e-02
4.851657748222351074e-01 8.866481781005859375e-01
-7.353674620389938354e-02 -2.463712245225906372e-01
-1.042999267578125000e+00 -4.876771271228790283e-01
7.853118181228637695e-01 1.990029335021972656e+00
-1.147264003753662109e+00 -1.662460088729858398e+00
8.751399517059326172e-01 1.844283789396286011e-01
-3.792490661144256592e-01 4.850011467933654785e-01
-6.765460968017578125e-02 7.374871969223022461e-01
-7.967607378959655762e-01 4.671019911766052246e-01
-2.667535781860351562e+00 -3.338275849819183350e-01
-1.122571706771850586e+00 -5.635175704956054688e-01
9.266057014465332031e-01 3.219518363475799561e-01
-5.735335350036621094e-01 3.438683748245239258e-01
-5.554218292236328125e-01 -8.439484238624572754e-01
-1.306810379028320312e+00 1.039123654365539551e+00
4.481613039970397949e-01 1.591578572988510132e-01
4.544057250022888184e-01 1.456813663244247437e-01
3.875908255577087402e-01 -1.927374452352523804e-01
6.496851444244384766e-01 1.033755898475646973e+00
1.418512582778930664e+00 5.530485510826110840e-01
3.316964507102966309e-01 -3.662501573562622070e-01
-4.954257607460021973e-01 -5.966551303863525391e-01
3.999849557876586914e-01 4.690933525562286377e-01
-2.413478136062622070e+00 -1.466589689254760742e+00
-3.368325233459472656e-01 2.469775453209877014e-02
-1.249762654304504395e+00 2.251405000686645508e+00
-7.201046496629714966e-02 3.854988887906074524e-02
-9.929115176200866699e-01 5.233781337738037109e-01
8.697321265935897827e-02 -1.599350452423095703e+00
-9.602968692779541016e-01 1.210265636444091797e+00
1.235484004020690918e+00 -4.435895085334777832e-01
-1.384209871292114258e+00 1.501721978187561035e+00
-2.283901691436767578e+00 4.785198718309402466e-02
-1.579407691955566406e+00 1.138818740844726562e+00
6.591248512268066406e-01 -8.289157599210739136e-02
1.643564939498901367e+00 1.260178089141845703e+00
4.225089251995086670e-01 -3.607332408428192139e-01
3.482460379600524902e-01 -8.288682699203491211e-01
1.667873978614807129e+00 -7.466536164283752441e-01
6.456506848335266113e-01 9.778863787651062012e-01
-4.891667366027832031e-01 -7.520012855529785156e-01
9.917431473731994629e-01 4.352821111679077148e-01
9.100735187530517578e-01 -8.417653441429138184e-01
2.200200796127319336e+00 -1.801631331443786621e+00
-5.563399195671081543e-01 5.914869308471679688e-01
-1.498274922370910645e+00 1.649398088455200195e+00
3.335220515727996826e-01 -1.021399259567260742e+00
2.858407795429229736e-01 1.016247749328613281e+00
-5.293462872505187988e-01 3.686740696430206299e-01
-1.426118373870849609e+00 9.432082176208496094e-01
5.068245530128479004e-01 -1.766021728515625000e+00
1.449832558631896973e+00 -5.540831685066223145e-01
-9.334976673126220703e-01 2.505353212356567383e+00
-2.555999718606472015e-02 1.107691526412963867e+00
3.634721506386995316e-03 4.583151638507843018e-01
1.754179000854492188e+00 6.294801831245422363e-01
-5.706573724746704102e-01 -3.218617737293243408e-01
-3.120609819889068604e-01 -7.847784757614135742e-01
1.126808598637580872e-01 -1.391738414764404297e+00
5.213532447814941406e-01 1.476955175399780273e+00
1.409925460815429688e+00 -1.490574330091476440e-01
4.237679243087768555e-01 -4.523425400257110596e-01
1.308994889259338379e-01 -1.200372934341430664e+00
-1.127887725830078125e+00 8.670527338981628418e-01
4.890185594558715820e-01 2.195466995239257812e+00
-5.318918824195861816e-01 -6.567158699035644531e-01
-1.237958312034606934e+00 3.330830633640289307e-01
-7.277048379182815552e-02 6.405108571052551270e-01
7.568430304527282715e-01 4.079190194606781006e-01
-1.512593865394592285e+00 -9.011290669441223145e-01
-2.198114633560180664e+00 -1.281461119651794434e-01
4.588348418474197388e-02 1.251810908317565918e+00
-5.831699371337890625e-01 2.134245872497558594e+00
-7.204053997993469238e-01 -1.640793979167938232e-01
9.106130003929138184e-01 1.647341489791870117e+00
8.053619861602783203e-01 -5.686846971511840820e-01
-3.232146799564361572e-01 1.840021133422851562e+00
-8.459214568138122559e-01 1.420618146657943726e-01
-2.881390154361724854e-01 -4.273354411125183105e-01
5.813664197921752930e-01 8.201148509979248047e-01
-8.661324977874755859e-01 -5.113834738731384277e-01
2.928586602210998535e-01 3.022604584693908691e-01
6.128985285758972168e-01 -6.189076900482177734e-01
4.899675548076629639e-01 1.148228883743286133e+00
-7.459585666656494141e-01 1.261012554168701172e-01
-1.445863604545593262e+00 3.267664015293121338e-01
2.501753330230712891e+00 -1.150605082511901855e+00
-1.352301239967346191e+00 -1.167589783668518066e+00
-1.578463017940521240e-01 1.800702810287475586e+00
3.098791241645812988e-01 3.203872144222259521e-01
-1.014681458473205566e+00 3.617045879364013672e-01
1.439579844474792480e+00 -9.340813010931015015e-02
5.685735344886779785e-01 -1.132969185709953308e-01
2.203071266412734985e-01 -9.728034585714340210e-02
-1.882120609283447266e+00 8.063403964042663574e-01
1.126231551170349121e+00 2.572953402996063232e-01
-7.295805215835571289e-01 1.281270027160644531e+00
3.780216574668884277e-01 -2.584577798843383789e-01
-1.745102703571319580e-01 -6.774659454822540283e-02
-1.499093417078256607e-02 9.728982448577880859e-01
4.244711995124816895e-01 1.159197926521301270e+00
1.227585911750793457e+00 7.860885858535766602e-01
-1.618539333343505859e+00 2.733319699764251709e-01
-1.285972118377685547e+00 -1.791653335094451904e-01
-1.258279383182525635e-01 -8.422582149505615234e-01
6.184819936752319336e-01 1.167958855628967285e+00
-1.156377553939819336e+00 3.048682510852813721e-01
8.418515324592590332e-01 6.391821503639221191e-01
3.748795986175537109e-01 5.535913705825805664e-01
1.485167980194091797e+00 7.930626273155212402e-01
-1.420655488967895508e+00 -1.635450363159179688e+00
9.073518514633178711e-01 -3.076314330101013184e-01
-4.400967955589294434e-01 1.108011603355407715e+00
-6.738794445991516113e-01 -6.724169850349426270e-01
-1.581230759620666504e+00 8.162274360656738281e-01
1.642036437988281250e-01 -5.664295554161071777e-01
-1.060850024223327637e+00 2.997480034828186035e-01
2.131911277770996094e+00 -1.296890139579772949e+00
-8.503988981246948242e-01 -6.184508800506591797e-01
4.705399274826049805e-01 -2.959216386079788208e-02
-1.337396800518035889e-01 -2.721306383609771729e-01
1.043596744537353516e+00 1.664263010025024414e-01
1.237318873405456543e+00 1.160992860794067383e+00
-5.382413268089294434e-01 -1.231002211570739746e+00
-6.196907907724380493e-02 -5.304591059684753418e-01
1.382770895957946777e+00 -2.216389179229736328e+00
-4.157310426235198975e-01 1.801042631268501282e-02
6.543269753456115723e-01 -8.507137745618820190e-02
-1.113342523574829102e+00 1.673778653144836426e+00
5.033102631568908691e-02 -9.692267179489135742e-01
-1.062252521514892578e+00 2.501021325588226318e-01
-2.355276107788085938e+00 3.039534687995910645e-01
-2.093930959701538086e+00 -4.259329438209533691e-01
1.240350961685180664e+00 1.235104203224182129e+00
-7.291463613510131836e-01 5.050432682037353516e-01
-1.112058281898498535e+00 7.648111581802368164e-01
4.122219979763031006e-01 -1.836158990859985352e+00
-1.103868186473846436e-01 1.001609325408935547e+00
3.735512793064117432e-01 5.905125141143798828e-01
7.228695601224899292e-02 1.507305204868316650e-01
-7.719403505325317383e-01 -4.379469156265258789e-01
-2.421647608280181885e-01 -1.651135385036468506e-01
-1.897996187210083008e+00 6.446574926376342773e-01
1.479916453361511230e+00 8.852809071540832520e-01
-7.577555179595947266e-01 1.737572073936462402e+00
-1.815857291221618652e+00 -2.884434759616851807e-01
-4.756722599267959595e-02 -3.175209164619445801e-01
-3.736878931522369385e-01 -1.706444025039672852e+00
-3.880212903022766113e-01 6.451337337493896484e-01
1.763399720191955566e+00 -7.153252959251403809e-01
3.387835994362831116e-02 -3.581289052963256836e-01
1.037439823150634766e+00 -4.258227646350860596e-01
-7.388945817947387695e-01 -6.488727033138275146e-02
2.155840694904327393e-01 -9.735620021820068359e-01
2.926919758319854736e-01 1.849936008453369141e+00
-1.378979802131652832e+00 -6.962852478027343750e-01
-1.589623689651489258e-01 8.090439438819885254e-01
-3.842888772487640381e-01 1.542131543159484863e+00
9.327003359794616699e-01 4.199948310852050781e-01
-5.500297248363494873e-02 -3.185087442398071289e-01
-8.115704655647277832e-01 1.306833148002624512e+00
-1.175514936447143555e+00 1.607536554336547852e+00
2.405551634728908539e-02 2.139675855636596680e+00
-3.182325363159179688e-01 1.335783243179321289e+00
1.038237452507019043e+00 2.607756555080413818e-01
-9.496027231216430664e-02 -5.426046624779701233e-02
-5.601623058319091797e-01 1.444683432579040527e+00
-7.960597276687622070e-01 6.757176518440246582e-01
5.342847704887390137e-01 -8.276505023241043091e-02
2.118602991104125977e+00 -1.119060277938842773e+00
-1.533781766891479492e+00 2.818854749202728271e-01
-1.498903334140777588e-01 7.767903804779052734e-01
1.945447921752929688e+00 -7.997522950172424316e-01
-8.633258938789367676e-01 -9.000990390777587891e-01
