1.926915287971496582e+00 1.487284064292907715e+00
9.007171988487243652e-01 -2.105520963668823242e+00
6.784184575080871582e-01 -1.234544873237609863e+00
-4.306747764348983765e-02 -1.604666948318481445e+00
-7.521352767944335938e-01 1.648723006248474121e+00
-3.924786448478698730e-01 -1.403607130050659180e+00
-7.278813123703002930e-01 -5.594301819801330566e-01
-7.688388824462890625e-01 7.624453902244567871e-01
1.642316937446594238e+00 -1.595974713563919067e-01
-4.973975419998168945e-01 4.395892620086669922e-01
-7.581311464309692383e-01 1.078317642211914062e+00
8.008005619049072266e-01 1.680620551109313965e+00
1.279124379158020020e+00 1.296422839164733887e+00
6.104664802551269531e-01 1.334737777709960938e+00
-2.316243201494216919e-01 4.175949096679687500e-02
-2.515752911567687988e-01 8.598585128784179688e-01
-1.384673714637756348e+00 -8.712361454963684082e-01
-2.233659178018569946e-01 1.717361450195312500e+00
3.188803195953369141e-01 -4.245189726352691650e-01
3.057209253311157227e-01 -7.745925188064575195e-01
-1.557572484016418457e+00 9.956361055374145508e-01
-8.797858357429504395e-01 -6.011420488357543945e-01
-1.274151206016540527e+00 2.122785091400146484e+00
-1.234653115272521973e+00 -4.879138767719268799e-01
-9.138230085372924805e-01 -6.581372618675231934e-01
7.802387326955795288e-02 5.258087515830993652e-01
-4.879917204380035400e-01 1.191369056701660156e+00
-8.140076398849487305e-01 -7.359927892684936523e-01
-1.403247833251953125e+00 3.600366786122322083e-02
-6.347727030515670776e-02 6.756148934364318848e-01
-9.780689328908920288e-02 1.844594001770019531e+00
-1.184537410736083984e+00 1.383549332618713379e+00
1.445133805274963379e+00 8.564125299453735352e-01
2.218075752258300781e+00 5.231655240058898926e-01
3.466466665267944336e-01 -1.973314434289932251e-01
-1.054588913917541504e+00 1.277995586395263672e+00
-1.721901297569274902e-01 5.237884521484375000e-01
5.662181973457336426e-02 4.262961447238922119e-01
5.750050544738769531e-01 -6.417241096496582031e-01
-2.206398487091064453e+00 -7.508030533790588379e-01
1.086814422160387039e-02 -3.387423455715179443e-01
-1.340679526329040527e+00 -5.853705406188964844e-01
5.361881256103515625e-01 5.246226191520690918e-01
1.141201615333557129e+00 5.164359509944915771e-02
7.439519762992858887e-01 -4.815843999385833740e-01
-1.049466133117675781e+00 6.038988232612609863e-01
-1.722295045852661133e+00 -8.277688622474670410e-01
1.334702968597412109e+00 4.835392832756042480e-01
-2.509544372558593750e+00 4.880010485649108887e-01
7.845868468284606934e-01 2.864718623459339142e-02
6.407552957534790039e-01 5.832474231719970703e-01
1.066926717758178711e+00 -4.501533806324005127e-01
-1.852674782276153564e-01 7.527588605880737305e-01
4.047577977180480957e-01 1.784659922122955322e-01
2.649095058441162109e-01 1.273168325424194336e+00
-1.310863648541271687e-03 -3.036037683486938477e-01
-1.457029104232788086e+00 -1.023352369666099548e-01
-5.991530418395996094e-01 4.770564138889312744e-01
7.261772155761718750e-01 9.115186333656311035e-02
-3.890652060508728027e-01 5.279164910316467285e-01
-1.268547866493463516e-02 2.408363223075866699e-01
1.325353682041168213e-01 7.642406225204467773e-01
1.095009684562683105e+00 3.398909568786621094e-01
7.199674844741821289e-01 4.114076197147369385e-01
1.931160569190979004e+00 1.011863827705383301e+00
-1.436406493186950684e+00 -1.129859805107116699e+00
-1.360345333814620972e-01 1.635409593582153320e+00
6.547407507896423340e-01 5.760045647621154785e-01
1.141507983207702637e+00 1.856457628309726715e-02
-1.805805087089538574e+00 9.254348874092102051e-01
-3.753443658351898193e-01 1.033087372779846191e+00
-6.866509318351745605e-01 6.368136405944824219e-01
-9.726738929748535156e-01 9.584577679634094238e-01
1.619200468063354492e+00 1.450609803199768066e+00
2.694815397262573242e-01 -2.103759795427322388e-01
-7.328027486801147461e-01 1.042978316545486450e-01
3.487516939640045166e-01 9.675941467285156250e-01
-4.656884372234344482e-01 1.604797244071960449e+00
-2.480120182037353516e+00 -4.175437390804290771e-01
-1.195453763008117676e+00 8.123369216918945312e-01
-1.900553226470947266e+00 2.285765260457992554e-01
2.485940419137477875e-02 -3.459502458572387695e-01
2.868328094482421875e-01 -7.308424115180969238e-01
1.748202592134475708e-01 -1.093929290771484375e+00
-1.602160334587097168e+00 1.352896928787231445e+00
1.288827657699584961e+00 5.229547247290611267e-02
-1.546850442886352539e+00 7.567060589790344238e-01
7.755194902420043945e-01 2.026535511016845703e+00
3.581761196255683899e-02 1.205887272953987122e-01
-8.056637048721313477e-01 -2.075768262147903442e-01
-9.319478273391723633e-01 -1.590966224670410156e+00
-1.135975718498229980e+00 -5.225976109504699707e-01
-5.187733173370361328e-01 -1.501276373863220215e+00
-1.926654219627380371e+00 1.278512328863143921e-01
1.022913336753845215e+00 -5.557951331138610840e-01
7.042727470397949219e-01 7.098760008811950684e-01
1.774388432502746582e+00 -9.215509891510009766e-01
9.624499082565307617e-01 -3.370151519775390625e-01
-1.175333619117736816e+00 3.580570816993713379e-01
4.787679016590118408e-01 1.353700041770935059e+00
5.260620713233947754e-01 2.112037897109985352e+00
-5.207571387290954590e-01 -9.320061206817626953e-01
1.851613372564315796e-01 1.068691849708557129e+00
1.306534409523010254e+00 4.598345160484313965e-01
-8.146268725395202637e-01 -1.021239280700683594e+00
-4.949235618114471436e-01 -5.922516584396362305e-01
1.543159484863281250e-01 4.407670795917510986e-01
-1.482923030853271484e-01 -2.318443298339843750e+00
-3.979953229427337646e-01 1.080486297607421875e+00
-1.780864357948303223e+00 1.508045434951782227e+00
3.094285428524017334e-01 -5.003090500831604004e-01
1.035003185272216797e+00 1.689647078514099121e+00
-4.505051765590906143e-03 1.666792392730712891e+00
1.539201736450195312e-01 -1.060253024101257324e+00
-5.726575851440429688e-01 8.356803655624389648e-02
3.999053537845611572e-01 1.989207148551940918e+00
-7.198750972747802734e-02 -9.060944914817810059e-01
-2.048712253570556641e+00 -1.081055521965026855e+00
1.762307994067668915e-02 7.822598516941070557e-02
1.931582987308502197e-01 4.096734225749969482e-01
-9.291303157806396484e-01 2.761908769607543945e-01
-5.388752818107604980e-01 4.625823199748992920e-01
-8.718891143798828125e-01 -2.711836062371730804e-02
-3.532457649707794189e-01 1.463856935501098633e+00
1.255434274673461914e+00 -7.149558067321777344e-01
8.539193272590637207e-01 5.129911899566650391e-01
5.397310256958007812e-01 5.655050277709960938e-01
5.057917237281799316e-01 2.224536538124084473e-01
-6.854816079139709473e-01 5.635589957237243652e-01
-1.507175087928771973e+00 -1.610666036605834961e+00
-1.479046583175659180e+00 4.322742819786071777e-01
-1.250254064798355103e-01 7.821183800697326660e-01
-1.598767638206481934e+00 -1.091299504041671753e-01
7.151994705200195312e-01 3.913922235369682312e-02
1.305860161781311035e+00 2.465927451848983765e-01
-1.977590918540954590e+00 1.789604313671588898e-02
-1.379302144050598145e+00 6.258027553558349609e-01
-2.584950208663940430e+00 -2.399955503642559052e-02
-1.221928745508193970e-01 -7.469954490661621094e-01
1.709308743476867676e+00 5.792269483208656311e-02
1.192980527877807617e+00 1.937293171882629395e+00
7.287133932113647461e-01 9.808937907218933105e-01
4.145922660827636719e-01 1.156563162803649902e+00
2.690545618534088135e-01 -3.662943840026855469e-02
9.732939004898071289e-01 -1.015078783035278320e+00
-5.419175624847412109e-01 -4.410248696804046631e-01
-3.136177957057952881e-01 -1.292542219161987305e-01
-7.149624228477478027e-01 -4.756216332316398621e-02
2.020743608474731445e+00 2.539190053939819336e-01
9.364385008811950684e-01 7.122363448143005371e-01
-3.176554292440414429e-02 1.016408652067184448e-01
1.343304038047790527e+00 7.132695913314819336e-01
4.038029611110687256e-01 -7.139783501625061035e-01
8.337291479110717773e-01 -9.585452079772949219e-01
4.536342620849609375e-01 1.246091961860656738e+00
-2.306508541107177734e+00 -1.286891818046569824e+00
1.798865050077438354e-01 -2.126762628555297852e+00
-1.340831369161605835e-01 -1.040768504142761230e+00
-7.647228837013244629e-01 -5.528254434466362000e-02
1.204850673675537109e+00 -9.824736118316650391e-01
4.334380030632019043e-01 -7.171905636787414551e-01
1.055369257926940918e+00 -1.453396916389465332e+00
4.651507139205932617e-01 3.713915050029754639e-01
-4.656785633414983749e-03 7.954943925142288208e-02
3.781784772872924805e-01 7.051141262054443359e-01
-1.723697423934936523e+00 -8.434810638427734375e-01
4.351435601711273193e-01 2.658872008323669434e-01
-5.870985388755798340e-01 8.268884569406509399e-02
8.853808045387268066e-01 1.824439913034439087e-01
7.863810062408447266e-01 -5.792029574513435364e-02
5.666652917861938477e-01 -7.097623348236083984e-01
-4.875054359436035156e-01 5.009599775075912476e-02
6.084084510803222656e-01 1.630868196487426758e+00
-8.472306281328201294e-02 1.084412455558776855e+00
9.477656483650207520e-01 -6.766293644905090332e-01
-5.730168223381042480e-01 -3.303174376487731934e-01
-7.939430475234985352e-01 3.752319812774658203e-01
8.790969103574752808e-02 -1.241483449935913086e+00
-3.202534615993499756e-01 -8.443778753280639648e-01
-5.513465404510498047e-01 1.988961219787597656e+00
1.900311827659606934e+00 1.695080518722534180e+00
2.808952890336513519e-02 -1.753696501255035400e-01
-1.773495912551879883e+00 -7.046414017677307129e-01
-3.946520090103149414e-01 1.886811137199401855e+00
-2.184432148933410645e-01 1.662998199462890625e-01
2.144168138504028320e+00 1.704567193984985352e+00
3.459012508392333984e-01 6.424751281738281250e-01
-2.039542496204376221e-01 6.853673458099365234e-01
-1.396879702806472778e-01 -1.180750250816345215e+00
-1.282929539680480957e+00 4.484857916831970215e-01
-5.907375216484069824e-01 8.540631532669067383e-01
-4.900680184364318848e-01 -3.594572544097900391e-01
6.663737893104553223e-01 -7.426456362009048462e-02
-2.096048295497894287e-01 1.663213223218917847e-01
1.470303773880004883e+00 -9.390866756439208984e-01
-6.013189554214477539e-01 -9.964022785425186157e-02
-9.851518273353576660e-01 -2.488459348678588867e+00
-3.313190042972564697e-01 8.435799479484558105e-01
9.874473810195922852e-01 -3.319747149944305420e-01
-8.076189756393432617e-01 8.243641853332519531e-01
2.469992451369762421e-02 -1.064148664474487305e+00
-7.601934671401977539e-01 -4.075061082839965820e-01
9.623646140098571777e-01 -1.426419466733932495e-01
1.527137905359268188e-01 -3.880237787961959839e-02
9.446058869361877441e-01 -1.582405328750610352e+00
9.871290922164916992e-01 1.145673990249633789e+00
-1.418114751577377319e-01 -2.763414680957794189e-01
-1.932137310504913330e-01 7.767809629440307617e-01
6.838752627372741699e-01 -1.324589371681213379e+00
-5.160817503929138184e-01 6.001842617988586426e-01
-4.702208340167999268e-01 -6.086435317993164062e-01
-4.619202390313148499e-02 -1.645739793777465820e+00
-4.833274185657501221e-01 -7.402943372726440430e-01
3.142810761928558350e-01 1.415553092956542969e-01
1.034817695617675781e+00 -6.264377832412719727e-01
-5.150922536849975586e-01 6.902899742126464844e-01
-4.939993619918823242e-01 1.136612653732299805e+00
-4.618400633335113525e-01 1.419979453086853027e+00
8.485189676284790039e-01 -4.789124801754951477e-02
6.685602068901062012e-01 1.042980194091796875e+00
6.899017095565795898e-01 -1.312934875488281250e+00
3.780364990234375000e-02 -1.170211434364318848e+00
-1.031855940818786621e-01 1.189473986625671387e+00
7.606944441795349121e-01 -7.463049292564392090e-01
-1.383884549140930176e+00 4.868715703487396240e-01
-1.002029657363891602e+00 3.294881805777549744e-02
-4.291959106922149658e-01 -9.817978739738464355e-01
-6.420586109161376953e-01 8.265887498855590820e-01
1.591395616531372070e+00 -1.208132952451705933e-01
-4.830206930637359619e-01 1.132979020476341248e-01
7.715086638927459717e-02 -9.228128790855407715e-01
-1.261999130249023438e+00 1.086053252220153809e+00
1.096641182899475098e+00 -6.836934685707092285e-01
6.604336202144622803e-02 -7.737990817986428738e-04
1.620604395866394043e-01 1.195958137512207031e+00
-1.306153535842895508e+00 -1.403971910476684570e+00
-1.059720158576965332e+00 3.057299852371215820e-01
4.150581359863281250e-01 -7.174144983291625977e-01
2.833967924118041992e+00 1.953474044799804688e+00
2.048681497573852539e+00 -1.088038206100463867e+00
1.621694564819335938e+00 8.512656688690185547e-01
-4.004696905612945557e-01 -6.088271737098693848e-01
-5.080953836441040039e-01 -6.184902191162109375e-01
-1.647040605545043945e+00 -1.036209821701049805e+00
-4.503057301044464111e-01 -7.296606153249740601e-02
-5.479549169540405273e-01 -1.142553210258483887e+00
-4.487521052360534668e-01 -3.045438416302204132e-02
3.830311596393585205e-01 -4.476971551775932312e-02
1.179942011833190918e+00 -3.314278125762939453e-01
6.495042443275451660e-01 9.495851397514343262e-02
-7.525874376296997070e-01 -6.472297906875610352e-01
-1.282261490821838379e+00 1.965292215347290039e+00
-9.638485312461853027e-01 -2.566794157028198242e+00
7.096128463745117188e-01 8.198426961898803711e-01
6.214459538459777832e-01 4.231858849525451660e-01
-3.388983309268951416e-01 5.179733633995056152e-01
-1.363769769668579102e+00 1.929578185081481934e-01
-6.103342771530151367e-01 1.632344573736190796e-01
1.510171651840209961e+00 2.123042941093444824e-01
-7.252011299133300781e-01 -9.527732729911804199e-01
5.216943025588989258e-01 -4.638673365116119385e-01
1.823774427175521851e-01 -3.866607546806335449e-01
-1.790676832199096680e+00 9.329313784837722778e-02
-1.915256857872009277e+00 -6.421752572059631348e-01
1.343850970268249512e+00 -1.292230844497680664e+00
7.662441134452819824e-01 6.454003453254699707e-01
3.533160686492919922e-01 -2.647488117218017578e+00
-1.457536697387695312e+00 -9.712379574775695801e-01
2.540310919284820557e-01 -1.790592074394226074e-01
1.199284434318542480e+00 -4.292171895503997803e-01
1.010284185409545898e+00 6.110401153564453125e-01
1.220838546752929688e+00 -6.076440215110778809e-01
-1.737602829933166504e+00 -1.253516227006912231e-01
-1.365814805030822754e+00 1.111746072769165039e+00
-6.227966547012329102e-01 -7.891808748245239258e-01
-1.678239256143569946e-01 1.643314599990844727e+00
2.007087945938110352e+00 -1.253101944923400879e+00
1.118869423866271973e+00 1.773277640342712402e+00
-2.071660280227661133e+00 -4.125255346298217773e-01
-9.769555926322937012e-01 -3.363388776779174805e-02
1.859497785568237305e+00 2.622146844863891602e+00
3.690525591373443604e-01 3.802972435951232910e-01
1.989803165197372437e-01 -2.360906451940536499e-01
3.034085631370544434e-01 -4.500767588615417480e-01
4.739041924476623535e-01 6.503364443778991699e-01
1.166238069534301758e+00 1.693599671125411987e-02
5.325868129730224609e-01 -6.035352349281311035e-01
-1.742597371339797974e-01 6.092063784599304199e-01
-8.032152652740478516e-01 -1.120900511741638184e+00
1.956406533718109131e-01 -7.815181016921997070e-01
-1.789878964424133301e+00 -2.615735530853271484e-01
-4.402503371238708496e-01 2.184829473495483398e+00
-4.800970852375030518e-01 -1.287173390388488770e+00
7.388824224472045898e-01 3.389474004507064819e-02
-3.122940361499786377e-01 -2.541753351688385010e-01
-1.205536127090454102e+00 -9.542103409767150879e-01
6.127656996250152588e-02 8.526104688644409180e-02
7.481252551078796387e-01 -1.635619699954986572e-01
-9.085567593574523926e-01 3.129958212375640869e-01
8.050477504730224609e-01 -1.113360404968261719e+00
4.981626570224761963e-01 -1.199955224990844727e+00
1.271131336688995361e-01 4.403660297393798828e-01
6.377718448638916016e-01 1.597887724637985229e-01
1.769797086715698242e+00 6.268176436424255371e-01
-1.873652935028076172e+00 2.325906038284301758e+00
-9.203909635543823242e-01 6.661149263381958008e-01
-4.402649104595184326e-01 -2.317956447601318359e+00
1.294582724571228027e+00 2.226731181144714355e-01
-8.483412265777587891e-01 1.648942112922668457e+00
1.600568652153015137e+00 -7.858924567699432373e-02
4.310458600521087646e-01 3.683530390262603760e-01
7.637977004051208496e-01 1.179222226142883301e+00
-4.137862026691436768e-01 5.184088349342346191e-01
-7.015367746353149414e-01 -4.323408901691436768e-01
1.414770483970642090e-01 7.110362499952316284e-02
5.633530616760253906e-01 -5.786357522010803223e-01
-1.083811640739440918e+00 -3.889259994029998779e-01
8.126105666160583496e-01 1.498118758201599121e+00
4.389608651399612427e-02 1.444323301315307617e+00
2.320289164781570435e-01 5.064983367919921875e-01
-1.278696656227111816e+00 -3.842746838927268982e-02
1.913800954818725586e+00 3.378446102142333984e-01
1.250561177730560303e-01 -7.621514797210693359e-01
-1.190559983253479004e+00 7.756073474884033203e-01
4.557199180126190186e-01 2.503303289413452148e-01
-1.361097097396850586e+00 1.801834106445312500e+00
-7.434194535017013550e-02 -1.566415578126907349e-01
-8.708454966545104980e-01 -6.410972476005554199e-01
-4.145628511905670166e-01 -6.902380585670471191e-01
-2.299561947584152222e-01 -2.172283887863159180e+00
8.768323808908462524e-02 1.093784570693969727e+00
-1.177205815911293030e-01 -2.986432313919067383e-01
-9.536206126213073730e-01 -9.247277677059173584e-02
-1.016654610633850098e+00 -7.675689645111560822e-03
-5.182208418846130371e-01 8.395425677299499512e-01
5.852266773581504822e-02 -1.668248057365417480e+00
2.129624843597412109e+00 -1.518147110939025879e+00
1.387282907962799072e-01 -1.179756879806518555e+00
-5.297411680221557617e-01 9.625157713890075684e-01
2.794382870197296143e-01 -5.718191266059875488e-01
-2.793628931045532227e+00 -7.111545205116271973e-01
5.235219597816467285e-01 -1.710550069808959961e+00
8.384853601455688477e-01 -2.698453664779663086e-01
1.230615824460983276e-01 8.757511377334594727e-01
1.513299793004989624e-01 7.393934130668640137e-01
2.731031477451324463e-01 2.731230974197387695e+00
4.320052266120910645e-01 -3.091821670532226562e-01
-9.658124297857284546e-02 1.541925072669982910e+00
-1.087447777390480042e-01 -4.189043343067169189e-01
1.438438534736633301e+00 -7.068426609039306641e-01
-1.251951456069946289e+00 3.025048494338989258e+00
1.346258997917175293e+00 8.556069731712341309e-01
3.220294117927551270e-01 4.460566341876983643e-01
1.522959232330322266e+00 1.280489921569824219e+00
-1.161604300141334534e-01 1.370536327362060547e+00
-4.809381365776062012e-01 -9.903622269630432129e-01
-1.364181280136108398e+00 8.205652236938476562e-03
-4.058601856231689453e-01 -7.110859751701354980e-01
-3.495793640613555908e-01 3.797488212585449219e-01
9.993040561676025391e-01 1.275185346603393555e+00
9.594927430152893066e-01 1.035099998116493225e-01
8.290349841117858887e-01 2.092129468917846680e+00
7.953095436096191406e-01 2.792847752571105957e-01
1.864478439092636108e-01 3.547132909297943115e-01
9.063850343227386475e-02 1.742255330085754395e+00
-1.266001224517822266e+00 3.891608119010925293e-01
3.428750634193420410e-01 -1.459063768386840820e+00
-1.493656158447265625e+00 -2.213852107524871826e-01
2.252350598573684692e-01 -7.724537700414657593e-02
9.856945276260375977e-01 1.278336405754089355e+00
2.881518900394439697e-01 8.690496087074279785e-01
-8.097057938575744629e-01 -1.429860472679138184e+00
4.590159654617309570e-01 5.309328436851501465e-01
-1.361480236053466797e+00 1.956249117851257324e+00
1.768489837646484375e+00 -9.857985377311706543e-01
-1.237075805664062500e+00 -2.301875114440917969e+00
-1.008700113743543625e-03 -8.494256734848022461e-01
-1.659392118453979492e+00 3.062905967235565186e-01
1.182044506072998047e+00 3.260269463062286377e-01
-3.894469738006591797e-01 2.854380607604980469e+00
8.243650794029235840e-01 7.983470559120178223e-01
1.889022231101989746e+00 5.934628248214721680e-01
6.965444236993789673e-02 -1.603433847427368164e+00
-4.298218190670013428e-01 5.761587619781494141e-01
3.443631529808044434e-01 -3.101605892181396484e+00
-1.458722591400146484e+00 -1.431825757026672363e+00
-6.071268916130065918e-01 -2.597378790378570557e-01
-7.190185785293579102e-01 -3.858309686183929443e-01
5.233525037765502930e-01 -8.211768269538879395e-01
-4.708689153194427490e-01 6.016423106193542480e-01
-2.825112640857696533e-01 7.692679762840270996e-01
-7.668924331665039062e-01 -9.494866728782653809e-01
1.691739819943904877e-02 8.027740567922592163e-02
7.448412775993347168e-01 1.345484972000122070e+00
1.268218904733657837e-01 -2.452071666717529297e+00
4.159761369228363037e-01 1.902535676956176758e+00
-7.346699833869934082e-01 4.465713351964950562e-02
-1.521119832992553711e+00 3.478375971317291260e-01
7.401772737503051758e-01 1.416199564933776855e+00
6.833979487419128418e-01 -1.382518261671066284e-01
9.212995171546936035e-01 5.282443761825561523e-01
-8.228386752307415009e-03 -1.449331998825073242e+00
-6.051824092864990234e-01 -1.792451143264770508e-01
1.995587050914764404e-01 -1.246194720268249512e+00
-4.145993888378143311e-01 1.455870032310485840e+00
3.316534161567687988e-01 -1.000100851058959961e+00
-6.919524669647216797e-01 -4.719907641410827637e-01
-1.289434313774108887e+00 1.076281070709228516e+00
-1.066742777824401855e+00 -1.989342689514160156e+00
2.973130345344543457e-01 4.344584047794342041e-01
3.393320366740226746e-03 -1.024014592170715332e+00
2.240476161241531372e-01 -7.554785013198852539e-01
1.367581009864807129e+00 -3.197358250617980957e-01
-9.130924344062805176e-01 1.919209361076354980e+00
-1.651486992835998535e+00 2.147725343704223633e+00
-6.604134440422058105e-01 1.135258376598358154e-01
-2.205657511949539185e-01 7.118127346038818359e-01
3.415871560573577881e-01 1.588589549064636230e+00
-3.488781750202178955e-01 -4.579195082187652588e-01
-1.232207059860229492e+00 -5.980771183967590332e-01
-2.815470099449157715e-01 5.281926319003105164e-02
4.249775111675262451e-01 4.825834333896636963e-01
4.881338775157928467e-01 1.008239388465881348e+00
-5.950041413307189941e-01 3.926331400871276855e-01
8.229668736457824707e-01 -8.860319852828979492e-01
1.480103969573974609e+00 8.391514420509338379e-01
-2.000498473644256592e-01 9.949536919593811035e-01
7.201864719390869141e-01 -1.341306567192077637e-01
-1.406799912452697754e+00 -2.360962867736816406e+00
-2.904934287071228027e-01 -1.334585398435592651e-01
-1.569334566593170166e-01 1.138344645500183105e+00
-2.505214214324951172e-01 1.670455574989318848e+00
-5.452710986137390137e-01 -2.158163309097290039e+00
-1.660797595977783203e+00 -6.637441515922546387e-01
3.657907545566558838e-01 -3.992015719413757324e-01
4.967408180236816406e-01 -2.369169235229492188e+00
-5.614708065986633301e-01 -5.949130654335021973e-01
1.268727898597717285e+00 1.290443420410156250e+00
-1.175568222999572754e+00 -7.832264155149459839e-02
-9.705761075019836426e-01 1.472369313240051270e+00
1.410856127738952637e+00 -1.314367532730102539e+00
-1.316215157508850098e+00 -1.252447724342346191e+00
-1.584410071372985840e+00 -2.544667005538940430e+00
1.371907472610473633e+00 -5.379461050033569336e-01
7.378400564193725586e-01 -8.505349159240722656e-01
3.610055148601531982e-02 1.340671062469482422e+00
9.199973940849304199e-01 -3.787555396556854248e-01
-1.559775829315185547e+00 -8.009540438652038574e-01
-7.111086845397949219e-01 -3.866667151451110840e-01
9.578314423561096191e-01 -8.225308656692504883e-01
-2.390805006027221680e+00 3.222477138042449951e-01
1.875388741493225098e+00 1.104298949241638184e+00
-5.223758816719055176e-01 -7.401803731918334961e-01
1.623565703630447388e-01 -2.369976043701171875e-01
5.099347233772277832e-01 1.670624852180480957e+00
1.592105031013488770e+00 -4.161921143531799316e-01
1.861944556236267090e+00 -1.077892780303955078e+00
8.848565220832824707e-01 -8.342104554176330566e-01
1.030074477195739746e+00 -8.680985569953918457e-01
-5.701602697372436523e-01 3.233220279216766357e-01
1.128475069999694824e+00 -1.212312698364257812e+00
2.602391004562377930e+00 -9.572362899780273438e-02
-8.114803582429885864e-02 1.258697628974914551e+00
8.691263794898986816e-01 -9.609367251396179199e-01
5.182264745235443115e-02 -3.284812867641448975e-01
-2.247206211090087891e+00 -4.478967487812042236e-01
4.234687089920043945e-01 -3.874586224555969238e-01
-2.296379208564758301e-01 -4.070934951305389404e-01
8.702965974807739258e-01 -1.055280923843383789e+00
-1.328401327133178711e+00 7.060741186141967773e-01
3.573011159896850586e-01 5.892837643623352051e-01
9.187757968902587891e-01 6.662830114364624023e-01
2.465061098337173462e-01 1.328691989183425903e-01
1.219146251678466797e-01 4.780877530574798584e-01
2.761341631412506104e-01 -5.895728468894958496e-01
5.691828131675720215e-01 -7.911050319671630859e-01
-1.989670246839523315e-01 -1.361571431159973145e+00
-5.193602442741394043e-01 7.648162543773651123e-02
3.400502502918243408e-01 1.455730438232421875e+00
-3.461014926433563232e-01 -2.633814215660095215e-01
-4.477001726627349854e-01 -7.288169264793395996e-01
-1.606623679399490356e-01 -3.206371366977691650e-01
-6.307737827301025391e-01 -7.887666225433349609e-01
1.306157588958740234e+00 -9.275763630867004395e-01
-2.627394795417785645e-01 9.314952492713928223e-01
-4.593467116355895996e-01 -9.419456720352172852e-01
-7.089186310768127441e-01 2.186075925827026367e+00
-6.493158936500549316e-01 4.521403610706329346e-01
8.520749807357788086e-01 -1.694672584533691406e+00
1.180599689483642578e+00 -2.892923831939697266e+00
-3.875778615474700928e-01 -7.124031782150268555e-01
-1.617133259773254395e+00 -3.589919805526733398e-01
5.136669427156448364e-02 6.950237154960632324e-01
1.835181474685668945e+00 -1.918036103248596191e+00
-1.392395496368408203e+00 5.404657721519470215e-01
4.350730776786804199e-01 -2.271703243255615234e+00
-1.338618993759155273e-01 -5.855730921030044556e-02
1.257447004318237305e-01 -5.525766611099243164e-01
7.448001205921173096e-02 -1.492866724729537964e-01
-5.522539615631103516e-01 -9.342008084058761597e-02
-1.028430938720703125e+00 4.044427871704101562e-01
2.142596244812011719e+00 -5.153723955154418945e-01
1.082719683647155762e+00 1.249864220619201660e+00
9.821351766586303711e-01 2.269009202718734741e-01
4.927920699119567871e-01 -5.128253102302551270e-01
3.006223440170288086e-01 7.734657824039459229e-02
6.477669477462768555e-01 -4.324244260787963867e-01
1.174048066139221191e+00 7.011352777481079102e-01
6.674330234527587891e-01 -8.035953640937805176e-01
-1.377604842185974121e+00 -4.410470724105834961e-01
1.417587399482727051e-01 1.108468174934387207e+00
5.544233322143554688e-01 1.581750273704528809e+00
-1.224787592887878418e+00 9.628858566284179688e-01
-1.578541278839111328e+00 6.715953946113586426e-01
-6.015185639262199402e-02 6.978437304496765137e-02
-1.663493633270263672e+00 -7.650561332702636719e-01
1.230643510818481445e+00 4.252126216888427734e-01
-1.638339832425117493e-02 -1.074948087334632874e-01
-1.308560490608215332e+00 6.598136425018310547e-01
-7.032525539398193359e-02 2.744829654693603516e-01
-3.450125455856323242e-01 -1.196178346872329712e-01
1.186158418655395508e+00 -1.220316052436828613e+00
2.909986078739166260e-01 -7.964225858449935913e-02
1.320036411285400391e+00 -1.519686698913574219e+00
-2.933551967144012451e-01 2.106604814529418945e+00
-1.087502762675285339e-01 6.083416342735290527e-01
7.894347310066223145e-01 7.824702858924865723e-01
-6.465863436460494995e-02 -2.302070497535169125e-04
6.830949187278747559e-01 1.063748151063919067e-01
3.503226041793823242e-01 1.210992410778999329e-01
2.984321117401123047e-01 1.344772934913635254e+00
1.461439251899719238e+00 1.056613206863403320e+00
8.155362606048583984e-01 -8.240620493888854980e-01
8.932762742042541504e-01 -3.868815600872039795e-01
-3.571768403053283691e-01 -1.156818628311157227e+00
-1.765995860099792480e+00 -2.537950754165649414e+00
9.694309532642364502e-02 -7.912065982818603516e-01
3.711955547332763672e-01 1.511795878410339355e+00
-8.914596438407897949e-01 5.247467160224914551e-01
3.517809212207794189e-01 2.491273283958435059e-01
1.190045237541198730e+00 1.410936951637268066e+00
7.980097532272338867e-01 4.941322505474090576e-01
-1.849528402090072632e-01 -1.038090229034423828e+00
-1.013041660189628601e-01 -9.271824359893798828e-01
2.348411232233047485e-01 8.861476927995681763e-02
-3.476867079734802246e-01 8.490674495697021484e-01
2.014705091714859009e-01 3.839779198169708252e-01
1.230963468551635742e+00 1.228668689727783203e+00
7.042104005813598633e-01 -5.628490820527076721e-02
-1.489720702171325684e+00 -1.519462823867797852e+00
3.258091807365417480e-01 -1.458429217338562012e+00
1.898907661437988281e+00 -4.056643322110176086e-02
-2.933650016784667969e-01 1.397810459136962891e+00
-9.166569709777832031e-01 -7.793720364570617676e-01
-4.175384938716888428e-01 1.105971813201904297e+00
2.528532147407531738e-01 -1.075401529669761658e-01
7.705280780792236328e-01 -1.130432724952697754e+00
9.964565038681030273e-01 -1.180962204933166504e+00
9.626035690307617188e-01 -1.104934692382812500e+00
-7.909473180770874023e-01 -2.160931676626205444e-01
1.948530669324100018e-03 -2.097907066345214844e-01
1.201022267341613770e+00 6.755962967872619629e-01
-1.890017747879028320e+00 1.943196505308151245e-01
1.602009534835815430e+00 -1.037178277969360352e+00
-7.486876249313354492e-01 -3.844030499458312988e-01
1.435024738311767578e-01 -8.126829564571380615e-02
1.126165390014648438e+00 4.061844199895858765e-02
-6.464217603206634521e-02 3.445625066757202148e+00
-1.112915992736816406e+00 -4.341987073421478271e-01
-1.521173119544982910e-02 5.427215099334716797e-01
1.250831633806228638e-01 -8.761705756187438965e-01
1.222259402275085449e+00 3.268164694309234619e-01
-1.048724055290222168e-01 2.476804733276367188e+00
5.769069790840148926e-01 1.473052650690078735e-01
-1.313619732856750488e+00 -6.061143279075622559e-01
6.449755430221557617e-01 -2.477135509252548218e-01
-1.407819390296936035e+00 -8.011081069707870483e-02
5.194124579429626465e-01 1.170888900756835938e+00
2.177979707717895508e+00 1.779197931289672852e+00
2.583249211311340332e-01 -2.434073686599731445e+00
-3.497500419616699219e-01 -1.338055968284606934e+00
-4.389103353023529053e-01 -5.850174427032470703e-01
1.807149171829223633e+00 -7.326241135597229004e-01
4.093967378139495850e-01 -5.840954780578613281e-01
1.061341837048530579e-01 -3.067088723182678223e-01
8.642276525497436523e-01 -1.065865874290466309e+00
-1.012993931770324707e+00 -9.939178228378295898e-01
2.908267736434936523e+00 1.448333263397216797e+00
-5.614521503448486328e-01 -9.464563131332397461e-01
-7.419731020927429199e-01 1.556225121021270752e-01
-2.584386765956878662e-01 -7.501540780067443848e-01
1.235475420951843262e+00 1.014124751091003418e+00
1.013236641883850098e+00 6.346396803855895996e-01
8.768793344497680664e-01 8.142848610877990723e-01
1.973706185817718506e-01 -6.367602348327636719e-01
-8.768263459205627441e-01 -1.550981640815734863e+00
-7.881835699081420898e-01 5.684375166893005371e-01
7.622402906417846680e-01 5.568539500236511230e-01
1.298362731933593750e+00 1.756130814552307129e+00
2.112924605607986450e-01 1.486018538475036621e+00
5.585124492645263672e-01 3.491472005844116211e-01
8.483667373657226562e-01 2.035483837127685547e+00
3.772087097167968750e-01 4.843485057353973389e-01
-3.039875999093055725e-02 1.092521905899047852e+00
-5.064011812210083008e-01 -8.441710472106933594e-01
-2.214385420083999634e-01 2.274590015411376953e+00
-7.832424044609069824e-01 -2.677831351757049561e-01
1.568452596664428711e+00 -2.835141420364379883e-01
-9.603477269411087036e-02 1.064434051513671875e+00
1.488824605941772461e+00 8.825610876083374023e-01
-2.384020388126373291e-01 5.468734502792358398e-01
-6.058019772171974182e-02 -5.304896831512451172e-01
-2.036370754241943359e+00 5.246880650520324707e-01
-6.970252990722656250e-01 -8.793152123689651489e-02
-2.743131816387176514e-01 1.292290687561035156e+00
-1.445899367332458496e+00 -3.146668374538421631e-01
1.126001477241516113e-01 -1.467917680740356445e+00
-1.716816782951354980e+00 -5.502451658248901367e-01
5.350787639617919922e-01 -1.339216351509094238e+00
1.235767602920532227e+00 -2.037056684494018555e+00
1.417145371437072754e+00 1.686755269765853882e-01
-1.142101168632507324e+00 6.069639921188354492e-01
-8.331825137138366699e-01 -4.792104065418243408e-01
2.998451292514801025e-01 7.213774323463439941e-01
-6.184468865394592285e-01 5.456625223159790039e-01
-7.691330313682556152e-01 7.933625578880310059e-02
-7.584667801856994629e-01 9.419903159141540527e-01
4.339905679225921631e-01 1.123427510261535645e+00
5.057575702667236328e-01 -1.137097716331481934e+00
-7.581821680068969727e-01 4.228341206908226013e-02
-6.900910139083862305e-01 -5.621538162231445312e-01
8.252956271171569824e-01 2.268347978591918945e+00
-1.773272752761840820e+00 -9.907275438308715820e-01
6.348614096641540527e-01 1.023848652839660645e+00
9.574744701385498047e-01 1.912956498563289642e-02
-1.070030450820922852e+00 -7.518913149833679199e-01
2.440069437026977539e+00 -1.912861704826354980e+00
3.107659816741943359e-01 -1.476263523101806641e+00
-4.782939255237579346e-01 -1.172792389988899231e-01
-6.305083036422729492e-01 -1.265464186668395996e+00
-2.948535382747650146e-01 -2.798626720905303955e-01
1.083712458610534668e+00 1.729838848114013672e-01
5.123522281646728516e-01 -9.818529486656188965e-01
1.125872135162353516e+00 2.553859949111938477e-01
-4.588965177536010742e-01 -9.283785820007324219e-01
-1.717532575130462646e-01 -6.866653561592102051e-01
-1.326882690191268921e-01 1.629574060440063477e+00
-1.545679569244384766e+00 -1.695993095636367798e-01
2.781728096306324005e-02 9.107437729835510254e-02
6.718529462814331055e-01 9.851812124252319336e-01
-7.609738707542419434e-01 -1.272611975669860840e+00
-6.267421841621398926e-01 1.371258616447448730e+00
2.359823137521743774e-01 -4.465661048889160156e-01
-1.177802085876464844e+00 1.412513732910156250e+00
-2.316661737859249115e-02 -1.109321974217891693e-02
-9.952824711799621582e-01 -2.993536293506622314e-01
7.670295834541320801e-01 -9.372107386589050293e-01
-2.330476999282836914e+00 -7.808834314346313477e-01
8.250064849853515625e-01 1.220665216445922852e+00
-6.297583878040313721e-02 1.146363854408264160e+00
1.221537828445434570e+00 -3.137266337871551514e-01
-7.234253287315368652e-01 -3.627345860004425049e-01
4.424906373023986816e-01 1.941824704408645630e-01
-4.999869465827941895e-01 -5.500510334968566895e-01
2.385174855589866638e-02 -1.520382642745971680e+00
5.293999314308166504e-01 -3.908285796642303467e-01
-1.929103612899780273e+00 3.497670218348503113e-02
-4.833625555038452148e-01 -1.226073026657104492e+00
-3.396384716033935547e-01 7.326157763600349426e-03
-5.218039825558662415e-02 1.167490005493164062e+00
1.730208158493041992e+00 2.056168794631958008e+00
-2.347231954336166382e-01 -1.345624327659606934e+00
-5.165784358978271484e-01 -6.881742477416992188e-01
4.755038022994995117e-01 -1.431633591651916504e+00
1.427735835313796997e-01 6.328914165496826172e-01
-1.048923373222351074e+00 -5.224623084068298340e-01
-1.133803009986877441e+00 -1.412827819585800171e-01
-6.456266641616821289e-01 4.101375937461853027e-01
3.267193436622619629e-01 -8.344282507896423340e-01
-4.921732246875762939e-01 6.580423116683959961e-01
5.361921191215515137e-01 1.235000014305114746e+00
-2.121415436267852783e-01 1.387345790863037109e+00
-8.248465657234191895e-01 3.544987440109252930e-01
-2.807371020317077637e-01 -2.432594597339630127e-01
-2.936637103557586670e-01 -6.286743879318237305e-01
-4.226749762892723083e-02 -2.700484991073608398e-01
1.438790440559387207e+00 3.258634731173515320e-02
-5.479734539985656738e-01 -4.936800599098205566e-01
2.881886243820190430e+00 -1.167202234268188477e+00
1.941335439682006836e+00 -1.163609266281127930e+00
-1.596655368804931641e+00 8.320564776659011841e-02
-9.222075343132019043e-01 -3.711417317390441895e-01
-9.714295268058776855e-01 1.528216600418090820e-01
7.250988483428955078e-01 -1.389525771141052246e+00
1.187442779541015625e+00 2.755823545157909393e-02
2.001054763793945312e+00 -1.246069744229316711e-01
-1.156516194343566895e+00 9.009959697723388672e-01
-1.884265691041946411e-01 -1.272623538970947266e+00
5.764585137367248535e-01 -3.559406995773315430e-01
-5.188538432121276855e-01 -3.927396237850189209e-01
1.751160144805908203e+00 1.958934813737869263e-01
1.775791764259338379e+00 -1.852261424064636230e-01
1.059513092041015625e+00 1.297831535339355469e+00
3.285580277442932129e-01 1.486907005310058594e-01
2.704370319843292236e-01 -1.181849956512451172e+00
-1.034032344818115234e+00 -4.947497546672821045e-01
-8.951197266578674316e-01 5.340191125869750977e-01
-8.866112828254699707e-01 7.963698506355285645e-01
6.588250994682312012e-01 -2.966694235801696777e-01
2.332006394863128662e-01 -1.347311854362487793e+00
-8.231000304222106934e-01 -5.394703745841979980e-01
9.215065091848373413e-02 8.539144992828369141e-01
-1.033160567283630371e+00 5.837976336479187012e-01
1.016634702682495117e+00 -7.941913008689880371e-01
3.674264550209045410e-01 4.293046593666076660e-01
2.028859138488769531e+00 -7.683921456336975098e-01
-1.226254701614379883e+00 -1.133497357368469238e-01
3.084904551506042480e-01 -4.410642385482788086e-01
-7.796989083290100098e-01 -7.565671205520629883e-01
1.514818549156188965e+00 -1.579641699790954590e+00
6.386357545852661133e-01 -4.361383616924285889e-01
-1.002298712730407715e+00 3.780289888381958008e-01
4.276036471128463745e-02 5.858650803565979004e-01
-1.368763446807861328e+00 1.116850972175598145e+00
2.769253551959991455e-01 1.058025479316711426e+00
-5.147926136851310730e-02 1.712838560342788696e-01
-2.116516381502151489e-01 -1.787608563899993896e-01
-8.498311638832092285e-01 1.166976809501647949e+00
-3.484718501567840576e-01 7.418181002140045166e-02
1.757521390914916992e+00 -6.254484057426452637e-01
2.093599885702133179e-01 1.505028486251831055e+00
-1.134608626365661621e+00 -7.111839056015014648e-01
1.340106248855590820e+00 1.510895609855651855e+00
-1.198473572731018066e+00 3.766553103923797607e-01
-2.511276900768280029e-01 -5.277335643768310547e-01
-4.769852459430694580e-01 -5.625298023223876953e-01
-1.056259632110595703e+00 2.413082122802734375e-01
1.827536970376968384e-01 6.246524453163146973e-01
-7.939775586128234863e-01 -6.748352050781250000e-01
-3.876877427101135254e-01 4.496504366397857666e-01
3.726101517677307129e-01 -1.910494685173034668e+00
2.608502805233001709e-01 1.417761087417602539e+00
6.738032102584838867e-01 1.466550707817077637e+00
-1.107747435569763184e+00 -7.443782091140747070e-01
1.018897771835327148e+00 -1.831718206405639648e+00
2.806217670440673828e-01 6.909231543540954590e-01
7.183824777603149414e-01 -5.719326138496398926e-01
-4.666337072849273682e-01 1.017654687166213989e-01
3.803370296955108643e-01 -1.962886095046997070e+00
-7.805798053741455078e-01 -1.343953162431716919e-01
-3.609391152858734131e-01 1.046273261308670044e-01
-3.258720040321350098e-01 3.189202845096588135e-01
-1.097718849778175354e-01 9.649705886840820312e-02
-1.493216753005981445e+00 5.237964987754821777e-01
7.530690431594848633e-01 -2.219216674566268921e-01
5.819101333618164062e-01 -1.936903238296508789e+00
-1.533448219299316406e+00 -1.796570271253585815e-01
-6.577823162078857422e-01 -1.231739282608032227e+00
-1.246398806571960449e+00 -1.499641895294189453e+00
-5.403968691825866699e-01 1.240989565849304199e+00
-1.621229410171508789e+00 -9.035959839820861816e-01
1.396791577339172363e+00 9.178156852722167969e-01
5.120382905006408691e-01 -8.405776023864746094e-01
-1.044520974159240723e+00 5.547724366188049316e-01
-9.492565989494323730e-01 1.045741558074951172e+00
-1.129755377769470215e+00 -2.800556182861328125e+00
1.279690504074096680e+00 2.199985533952713013e-01
3.249095380306243896e-01 1.319007396697998047e+00
-8.496796488761901855e-01 -6.987038254737854004e-01
-2.051623463630676270e-01 -7.811664342880249023e-01
6.872723698616027832e-01 7.835897207260131836e-01
-1.110873222351074219e+00 -3.106328010559082031e+00
-9.897713661193847656e-01 -6.022037863731384277e-01
-7.153372168540954590e-01 -4.674048423767089844e-01
5.514197349548339844e-01 2.654942035675048828e+00
1.058245182037353516e+00 -1.468161642551422119e-01
-8.913255929946899414e-01 1.937909871339797974e-01
1.968181371688842773e+00 -7.403607368469238281e-01
-8.665743470191955566e-01 -3.063944578170776367e-01
-5.359372496604919434e-01 -3.575081229209899902e-01
-1.239892721176147461e+00 -1.523536205291748047e+00
-8.158796429634094238e-01 1.137277126312255859e+00
2.192596346139907837e-01 4.133651852607727051e-01
6.152449175715446472e-03 -5.672794580459594727e-01
-1.703814119100570679e-01 -3.027929663658142090e-01
-1.286807060241699219e+00 -1.366282820701599121e+00
-4.625223949551582336e-02 -6.149584650993347168e-01
1.236694455146789551e+00 -8.143561482429504395e-01
1.146209955215454102e+00 -1.178733229637145996e+00
-3.667278960347175598e-02 6.718097925186157227e-01
9.242297410964965820e-01 2.697156965732574463e-01
6.285371184349060059e-01 -7.066188454627990723e-01
-8.558416366577148438e-01 9.040606021881103516e-01
-5.659265518188476562e-01 3.840969204902648926e-01
-7.815778851509094238e-01 -1.509413123130798340e-01
4.199317395687103271e-01 1.405934691429138184e+00
-8.270853161811828613e-01 1.560778021812438965e+00
-1.095226168632507324e+00 1.185505509376525879e+00
1.188054561614990234e+00 2.055619716644287109e+00
6.602651476860046387e-01 -1.107837915420532227e+00
-2.919580638408660889e-01 4.564365148544311523e-01
-3.147018849849700928e-01 -4.132899940013885498e-01
3.946205973625183105e-01 1.130474686622619629e+00
8.258382678031921387e-01 9.458276629447937012e-01
-1.544733494520187378e-01 -1.601347684860229492e+00
-5.947085469961166382e-02 -9.928666353225708008e-01
1.163425445556640625e+00 1.609459400177001953e+00
-2.941655516624450684e-01 1.081930994987487793e+00
8.866236805915832520e-01 -8.611426949501037598e-01
-2.726478278636932373e-01 9.804211258888244629e-01
-1.753333359956741333e-01 -1.227691769599914551e-01
7.414069175720214844e-01 3.539519011974334717e-01
-5.345798134803771973e-01 6.453674435615539551e-01
-2.989065885543823242e+00 1.837074160575866699e-01
-4.726978540420532227e-01 -9.588246345520019531e-01
-1.512353062629699707e+00 1.506763339042663574e+00
-9.380511641502380371e-01 -6.385062932968139648e-01
2.194686532020568848e-01 -4.392429590225219727e-01
-1.391070932149887085e-01 -1.869215629994869232e-02
1.656072139739990234e+00 1.066117882728576660e+00
-1.818918883800506592e-01 -1.237967133522033691e+00
5.142201185226440430e-01 -1.510434895753860474e-01
1.377360373735427856e-01 1.225082874298095703e+00
-7.642602920532226562e-01 9.183834791183471680e-01
4.057691097259521484e-01 2.510459721088409424e-01
1.281542032957077026e-01 -1.980288922786712646e-01
-1.478035569190979004e+00 -5.910253524780273438e-01
8.357481956481933594e-01 -2.292494177818298340e-01
-1.240394353866577148e+00 2.491923868656158447e-01
-1.141552805900573730e+00 7.821402549743652344e-01
1.081741508096456528e-02 3.816293179988861084e-01
-1.652677059173583984e+00 -3.813988864421844482e-01
1.069888472557067871e-01 -1.014991030097007751e-01
8.301469683647155762e-02 7.120090723037719727e-01
-9.005926847457885742e-01 8.906894326210021973e-01
4.765517711639404297e-01 -8.396266102790832520e-01
3.332016766071319580e-01 -1.252550601959228516e+00
-5.745509266853332520e-01 -1.905915021896362305e+00
-9.665390253067016602e-01 3.677271306514739990e-01
-5.785751342773437500e-01 1.237340569496154785e+00
8.713390231132507324e-01 -5.227578878402709961e-01
1.240007877349853516e+00 -9.057664871215820312e-01
7.680287361145019531e-01 1.622213602066040039e+00
8.158037811517715454e-02 2.028158903121948242e-01
3.302417397499084473e-01 -9.533721804618835449e-01
1.573456645011901855e+00 1.869738340377807617e+00
-1.063894867897033691e+00 -2.272576242685317993e-01
2.500613629817962646e-01 1.161847710609436035e+00
-1.142231598496437073e-01 -5.629456788301467896e-02
8.497498631477355957e-01 -8.599120378494262695e-01
-6.105663776397705078e-01 1.062934637069702148e+00
1.222182393074035645e+00 7.718911767005920410e-01
-1.279716491699218750e+00 -1.543348670005798340e+00
-6.020243763923645020e-01 3.213997781276702881e-01
-6.061569973826408386e-02 -1.170371651649475098e+00
-2.773613929748535156e+00 -2.982438914477825165e-02
-9.166153669357299805e-01 4.702746272087097168e-01
1.877792954444885254e+00 5.223742127418518066e-01
5.175695195794105530e-02 4.260155260562896729e-01
9.475129246711730957e-01 4.364280700683593750e-01
-2.053070068359375000e-01 -1.473927021026611328e+00
5.066304802894592285e-01 2.779245674610137939e-01
1.351500153541564941e+00 -8.949641585350036621e-01
-1.596110463142395020e+00 6.737225055694580078e-01
-9.970720410346984863e-01 -3.480719923973083496e-01
2.176828533411026001e-01 1.127771496772766113e+00
-1.500514745712280273e+00 -2.404831200838088989e-01
-4.854878783226013184e-01 -6.616523861885070801e-02
-9.029294848442077637e-01 6.440190076828002930e-01
7.591805458068847656e-01 -2.020269155502319336e+00
-6.739510893821716309e-01 -9.192121624946594238e-01
1.212047815322875977e+00 -1.346349358558654785e+00
-4.831593930721282959e-01 1.718623876571655273e+00
-5.684311389923095703e-01 -2.915132284164428711e+00
1.083431005477905273e+00 7.731132954359054565e-02
1.231652140617370605e+00 2.919443607330322266e+00
1.937791466712951660e+00 -5.536230206489562988e-01
-1.302997469902038574e+00 1.069601178169250488e+00
-4.561823606491088867e-01 1.363491654396057129e+00
-2.421981096267700195e+00 -8.308011293411254883e-02
1.034913882613182068e-01 1.166139319539070129e-01
-2.522038109600543976e-02 3.788713812828063965e-01
2.445569038391113281e-01 -8.915789723396301270e-01
1.434381723403930664e+00 -1.929170727729797363e+00
-5.713837146759033203e-01 -6.671661734580993652e-01
-9.203547239303588867e-02 9.548746347427368164e-01
1.848289370536804199e-01 -1.167718991637229919e-01
-2.291106581687927246e-01 -3.448553681373596191e-01
-1.076517701148986816e+00 -5.477657318115234375e-01
-3.289257884025573730e-01 5.841278284788131714e-02
2.110003471374511719e+00 7.726138234138488770e-01
-3.426548838615417480e-01 1.237006068229675293e+00
-2.497664988040924072e-01 2.239713221788406372e-01
-6.875526905059814453e-01 -4.898444116115570068e-01
3.996877968311309814e-01 6.981958150863647461e-01
5.211031809449195862e-02 2.882064878940582275e-01
5.950453504920005798e-02 1.728556275367736816e+00
2.920781075954437256e-01 -6.925867199897766113e-01
-8.442767858505249023e-01 -3.292038738727569580e-01
-1.140289157629013062e-01 -8.452204465866088867e-01
3.004419207572937012e-01 1.639518499374389648e+00
-1.074417591094970703e+00 3.212184607982635498e-01
2.892301678657531738e-01 3.519670665264129639e-01
2.098779201507568359e+00 -5.285679697990417480e-01
-1.771519303321838379e+00 9.689426422119140625e-02
3.673501908779144287e-01 4.731867611408233643e-01
5.876799821853637695e-01 1.839793324470520020e-01
-8.425887823104858398e-01 -1.697195410728454590e+00
1.087151646614074707e+00 6.801379919052124023e-01
1.161699414253234863e+00 -1.765723377466201782e-01
5.214431285858154297e-01 -2.357147932052612305e+00
-8.351162672042846680e-01 -2.262038469314575195e+00
-1.296616435050964355e+00 3.269132375717163086e-01
6.064606308937072754e-01 -4.606881737709045410e-01
-8.800807595252990723e-01 -1.476633787155151367e+00
9.829342961311340332e-01 3.409587591886520386e-02
1.168934345245361328e+00 9.025653600692749023e-01
-1.716732740402221680e+00 4.617787152528762817e-02
9.389957040548324585e-02 -1.356352448463439941e+00
-1.060332417488098145e+00 1.065405726432800293e+00
5.447612404823303223e-01 1.522364616394042969e+00
2.351505309343338013e-02 2.855879962444305420e-01
2.034321613609790802e-02 9.289091229438781738e-01
-9.238923788070678711e-01 1.147384285926818848e+00
-7.054344415664672852e-01 1.154477000236511230e+00
-1.746285796165466309e+00 7.103408575057983398e-01
-1.017595976591110229e-01 -9.663392901420593262e-01
-1.423153638839721680e+00 -7.846477627754211426e-01
6.107109189033508301e-01 2.142704576253890991e-01
-1.747081428766250610e-01 -1.756127238273620605e+00
1.425907373428344727e+00 5.127183794975280762e-01
-4.026731848716735840e-01 1.977067708969116211e+00
2.671705000102519989e-02 -2.502073943614959717e-01
-9.136287868022918701e-02 -5.283262729644775391e-01
-4.643301367759704590e-01 -1.566925495862960815e-01
-1.596413135528564453e+00 -1.532229423522949219e+00
8.562206029891967773e-01 4.322175085544586182e-01
2.411347925662994385e-01 -5.469474941492080688e-02
4.771281033754348755e-02 -8.637551665306091309e-01
-1.141897201538085938e+00 -8.292406797409057617e-01
1.314904212951660156e+00 1.247078657150268555e+00
-2.581805288791656494e-01 -1.340453863143920898e+00
-5.561836957931518555e-01 1.173104166984558105e+00
6.859942674636840820e-01 8.626111745834350586e-01
-4.102365076541900635e-01 -7.588294148445129395e-01
1.698160886764526367e+00 7.436892986297607422e-01
-3.276701644062995911e-02 1.060027360916137695e+00
3.909424878656864166e-03 -6.951659917831420898e-01
-1.882960438728332520e+00 3.045721948146820068e-01
-7.002271413803100586e-01 1.781101703643798828e+00
-2.936820983886718750e-01 5.242968797683715820e-01
1.018631577491760254e+00 -1.512955427169799805e-01
1.170576333999633789e+00 1.641115188598632812e+00
4.283039867877960205e-01 -1.070392847061157227e+00
-6.159464716911315918e-01 -1.019452571868896484e+00
3.848164975643157959e-01 2.943489551544189453e-01
-1.771504759788513184e+00 4.349344074726104736e-01
6.312361359596252441e-02 -6.894504427909851074e-01
-2.829807698726654053e-01 6.600029468536376953e-01
-1.619343608617782593e-01 8.860842585563659668e-01
5.484238862991333008e-01 4.576528966426849365e-01
9.676891565322875977e-01 -6.673583388328552246e-01
1.618318319320678711e+00 -2.644046545028686523e-01
1.354137897491455078e+00 -7.092823088169097900e-02
-3.697128891944885254e-01 -2.459738999605178833e-01
3.293827772140502930e-01 6.973733305931091309e-01
8.342204093933105469e-01 -1.098692774772644043e+00
5.674765110015869141e-01 8.283826112747192383e-01
-3.832531690597534180e+00 1.158476918935775757e-01
1.991544604301452637e+00 1.023809432983398438e+00
2.132719755172729492e+00 2.334752827882766724e-01
1.200487852096557617e+00 -1.266875743865966797e+00
-9.444983005523681641e-01 -1.793764978647232056e-01
3.120493888854980469e-01 7.173790931701660156e-01
-2.302778661251068115e-01 7.147674560546875000e-01
1.443666696548461914e+00 1.961461603641510010e-01
-8.332573175430297852e-01 -9.526836872100830078e-01
-3.636691570281982422e-01 -1.247925281524658203e+00
-9.261447191238403320e-02 6.533640027046203613e-01
1.636994779109954834e-01 1.345614075660705566e+00
-3.695373535156250000e-01 -4.714155793190002441e-01
4.779217541217803955e-01 8.509474396705627441e-01
3.688443005084991455e-01 1.062230229377746582e+00
1.763922929763793945e+00 -4.837962612509727478e-02
9.127081632614135742e-01 -1.390617370605468750e+00
-7.096118927001953125e-01 9.307976365089416504e-01
-4.243218004703521729e-01 -4.821736812591552734e-01
4.773769974708557129e-01 -1.789979487657546997e-01
4.937354028224945068e-01 5.612083077430725098e-01
-1.798655867576599121e+00 -6.078459620475769043e-01
-5.876336097717285156e-01 -3.451770842075347900e-01
-7.287773489952087402e-01 -1.495753169059753418e+00
7.350953221321105957e-01 -2.693190872669219971e-01
4.508590996265411377e-01 4.091703146696090698e-02
-6.933283060789108276e-02 2.585761547088623047e-01
4.775455594062805176e-01 -1.488918066024780273e+00
-1.293002843856811523e+00 8.795658946037292480e-01
7.306429743766784668e-02 9.967362284660339355e-01
1.023791074752807617e+00 -1.213251709938049316e+00
9.744538068771362305e-01 4.532273113727569580e-01
-9.927570819854736328e-01 -2.557562291622161865e-01
-9.585699439048767090e-01 -5.702749490737915039e-01
1.928171962499618530e-01 3.847457766532897949e-01
-8.595814108848571777e-01 1.281474709510803223e+00
1.276102066040039062e-01 6.101059317588806152e-01
-1.294253587722778320e+00 6.038413643836975098e-01
1.117246150970458984e+00 4.163925051689147949e-01
6.747081875801086426e-01 2.249874323606491089e-01
-9.556332230567932129e-01 -7.779799103736877441e-01
6.935068964958190918e-01 -4.358613193035125732e-01
-9.824548959732055664e-01 -9.062879085540771484e-01
1.259561300277709961e+00 3.462676107883453369e-01
-2.004297256469726562e+00 5.512263625860214233e-03
4.603323936462402344e-01 1.179113507270812988e+00
-1.010552048683166504e+00 -6.202586293220520020e-01
-1.454878091812133789e+00 -5.897568464279174805e-01
-6.960206627845764160e-01 5.155009627342224121e-01
7.237612605094909668e-01 -1.884682625532150269e-01
-5.821011662483215332e-01 -4.351550042629241943e-01
-1.287814497947692871e+00 1.929011106491088867e+00
-1.767895966768264771e-01 6.398148536682128906e-01
6.912683248519897461e-01 5.198960900306701660e-01
-7.546091079711914062e-01 -3.341123461723327637e-02
-8.276495337486267090e-01 -3.524166941642761230e-01
-6.002296209335327148e-01 -5.797451362013816833e-02
2.974875271320343018e-01 1.632774472236633301e+00
-1.495402574539184570e+00 -2.996994853019714355e-01
-4.144572615623474121e-01 -7.832543253898620605e-01
-1.508280873298645020e+00 -1.366431117057800293e+00
9.639950394630432129e-01 4.045804589986801147e-02
2.469316124916076660e-01 1.125130280852317810e-01
-5.349391698837280273e-01 9.171100854873657227e-01
2.065865993499755859e+00 1.017815470695495605e+00
-1.937886714935302734e+00 -5.477144718170166016e-01
-1.826569736003875732e-01 -1.237338781356811523e+00
-1.685731709003448486e-01 6.888862848281860352e-01
1.038030758500099182e-01 -6.988955140113830566e-01
-5.013832449913024902e-01 -1.714278757572174072e-01
-1.541006803512573242e+00 -3.302071988582611084e-01
-7.394251227378845215e-01 -1.510327100753784180e+00
1.783784627914428711e-01 -1.793491244316101074e-01
-5.583686828613281250e-01 -8.804127573966979980e-01
-8.791263699531555176e-01 1.549063086509704590e+00
1.537242997437715530e-02 -2.761072292923927307e-02
-4.480331838130950928e-01 1.876418828964233398e+00
-8.918796181678771973e-01 4.393163621425628662e-01
-1.030982494354248047e+00 -1.426397562026977539e+00
7.195857763290405273e-01 5.959717631340026855e-01
-1.346124053001403809e+00 -5.369861051440238953e-02
-1.082285404205322266e+00 3.181943893432617188e-01
-2.230900526046752930e+00 -1.031034350395202637e+00
2.058876603841781616e-01 -8.329556584358215332e-01
9.609210491180419922e-01 -1.223122119903564453e+00
7.828144729137420654e-02 -1.556232124567031860e-01
4.091349840164184570e-01 4.989188015460968018e-01
-1.002891302108764648e+00 6.786083430051803589e-02
-5.345580577850341797e-01 -1.405152082443237305e+00
1.891196250915527344e+00 1.359544157981872559e+00
-8.487699627876281738e-01 -1.841177225112915039e+00
1.357254028320312500e+00 1.148344039916992188e+00
-8.582409024238586426e-01 -4.748202264308929443e-01
-9.581076502799987793e-01 -3.348093032836914062e-01
-1.746262669563293457e+00 2.912493050098419189e-01
-4.571112394332885742e-01 9.602430462837219238e-01
4.171837866306304932e-01 1.665773987770080566e+00
-1.814954876899719238e+00 -4.888371825218200684e-01
3.190588653087615967e-01 8.207234740257263184e-01
2.685521543025970459e-01 5.349103808403015137e-01
-1.966385602951049805e+00 3.475550413131713867e-01
-3.839770257472991943e-01 9.996393918991088867e-01
-4.119814634323120117e-01 1.792098164558410645e+00
-7.672699093818664551e-01 -1.307977557182312012e+00
-1.315932631492614746e+00 -1.285407692193984985e-01
1.306746125221252441e+00 1.913401335477828979e-01
1.376747012138366699e+00 6.892044544219970703e-01
4.392158687114715576e-01 -4.813985526561737061e-02
1.122170925140380859e+00 2.794304609298706055e+00
-8.464081585407257080e-02 -2.434539496898651123e-01
-1.411894083023071289e+00 -1.050388097763061523e+00
1.110618233680725098e+00 2.136919945478439331e-01
5.067698955535888672e-01 2.828640341758728027e-01
-1.181416511535644531e+00 -9.001671671867370605e-01
2.102218627929687500e+00 1.331326216459274292e-01
2.242503128945827484e-02 -2.799490988254547119e-01
-6.847841143608093262e-01 -7.950332760810852051e-01
-1.733378767967224121e+00 1.185882687568664551e+00
4.465799629688262939e-01 1.130103707313537598e+00
-3.333589434623718262e-01 8.935588598251342773e-01
-1.433570027351379395e+00 -8.756160736083984375e-01
9.384111501276493073e-03 6.304294466972351074e-01
8.632985949516296387e-01 1.141964435577392578e+00
3.109254240989685059e-01 -1.064246743917465210e-01
-7.953895330429077148e-01 -1.121321320533752441e+00
8.579769134521484375e-01 -1.693324923515319824e+00
2.893585562705993652e-01 1.297916024923324585e-01
8.025770187377929688e-01 2.019282281398773193e-01
3.846955895423889160e-01 1.706616729497909546e-01
1.361344456672668457e+00 -2.574329078197479248e-01
6.673657335340976715e-03 -5.435441136360168457e-01
-1.413520574569702148e+00 2.787760019302368164e+00
-1.013744592666625977e+00 1.001903772354125977e+00
8.672234416007995605e-01 2.449631243944168091e-01
1.305688261985778809e+00 -1.061033725738525391e+00
-4.071910679340362549e-02 -1.968133449554443359e+00
6.461868882179260254e-01 9.474418759346008301e-01
-9.643430113792419434e-01 -5.544678866863250732e-02
6.487414836883544922e-01 -1.524476766586303711e+00
-4.629494845867156982e-01 -1.624577641487121582e+00
1.402337789535522461e+00 3.886773586273193359e-01
7.254555821418762207e-01 -1.389511227607727051e+00
-8.552696704864501953e-01 -1.533531069755554199e+00
1.288852095603942871e-01 2.891088128089904785e-01
-7.377328872680664062e-01 8.807763457298278809e-01
-7.662639021873474121e-01 1.458567619323730469e+00
1.772387266159057617e+00 3.296597301959991455e-01
6.587340831756591797e-01 6.428387761116027832e-01
4.017800688743591309e-01 6.623095273971557617e-01
-8.157885074615478516e-01 1.750997304916381836e+00
-7.119281589984893799e-02 -3.190559148788452148e-01
9.801297783851623535e-01 1.195666417479515076e-01
-6.124546006321907043e-02 -9.422666430473327637e-01
1.431888341903686523e+00 1.315316557884216309e-01
-1.822247058153152466e-01 3.660371005535125732e-01
-6.753576993942260742e-01 -3.209222853183746338e-01
-1.209190607070922852e+00 7.767737656831741333e-02
1.761906892061233521e-01 5.788637995719909668e-01
1.551167964935302734e+00 8.444352447986602783e-02
-2.873463928699493408e-01 -6.621134877204895020e-01
-1.396828331053256989e-02 -2.777872681617736816e-01
-7.856798768043518066e-01 4.606239795684814453e-01
5.662183761596679688e-01 1.154156923294067383e+00
-2.397178649902343750e+00 3.803840875625610352e-01
-1.024297118186950684e+00 7.994512319564819336e-01
8.700053095817565918e-01 7.007400691509246826e-02
-3.385082781314849854e-01 -9.547755867242813110e-02
1.584040522575378418e-01 -8.398545384407043457e-01
1.611609578132629395e+00 -7.980115711688995361e-02
1.632634997367858887e+00 -2.204407900571823120e-01
-2.225146591663360596e-01 1.314752995967864990e-01
6.830120682716369629e-01 -1.380276381969451904e-01
1.481845140457153320e+00 1.659257054328918457e+00
4.099877476692199707e-01 -9.331775945611298084e-04
-1.083751767873764038e-01 4.794066250324249268e-01
-1.292287468910217285e+00 3.474847674369812012e-01
-6.388451438397169113e-03 -3.764995038509368896e-01
2.267904520034790039e+00 9.991294741630554199e-01
-2.981822490692138672e-01 -7.564722895622253418e-01
-2.047673016786575317e-01 1.405016303062438965e+00
-9.434769749641418457e-01 2.028413772583007812e+00
3.931215703487396240e-01 4.133126139640808105e-01
4.638987183570861816e-01 -2.982708252966403961e-02
1.271527290344238281e+00 1.084865212440490723e+00
-1.012434005737304688e+00 -1.466724574565887451e-01
-4.965879321098327637e-01 3.638246357440948486e-01
3.396982252597808838e-01 1.273138165473937988e+00
-1.537141442298889160e+00 1.040200233459472656e+00
-7.641999125480651855e-01 -4.429165422916412354e-01
-9.090420790016651154e-03 2.530212402343750000e-01
8.895691633224487305e-01 2.015190601348876953e+00
1.228818297386169434e-01 2.831561565399169922e-01
5.790372490882873535e-01 -1.998989135026931763e-01
-2.469084024429321289e+00 -1.610110044479370117e+00
1.743698120117187500e+00 -3.877131342887878418e-01
7.723278403282165527e-01 2.267159223556518555e-01
8.466978073120117188e-01 8.503185510635375977e-01
1.804409265518188477e+00 1.464668512344360352e+00
2.913444936275482178e-01 -1.162499666213989258e+00
-4.783642590045928955e-01 1.387020349502563477e+00
-5.114508792757987976e-02 -6.013848185539245605e-01
-1.144444465637207031e+00 -1.123365402221679688e+00
-7.945832014083862305e-01 -5.694751739501953125e-01
5.494205281138420105e-02 -7.646363377571105957e-01
-1.418418884277343750e+00 -8.973153829574584961e-01
-6.996542960405349731e-02 4.944293797016143799e-01
2.187115907669067383e+00 1.161770701408386230e+00
6.346917748451232910e-01 -4.325245320796966553e-01
-1.411285400390625000e+00 1.867722392082214355e+00
-9.821573495864868164e-01 -9.580993652343750000e-01
1.774613618850708008e+00 1.516190648078918457e+00
-1.046584844589233398e+00 1.375916361808776855e+00
-2.321988642215728760e-01 8.947616219520568848e-01
-1.195360347628593445e-01 7.854304909706115723e-01
-5.617773532867431641e-01 -4.788385033607482910e-01
-7.523331046104431152e-01 -4.768685400485992432e-01
7.134581804275512695e-01 -1.950626850128173828e+00
-6.031076312065124512e-01 -7.942026853561401367e-01
2.361558005213737488e-02 -7.165514230728149414e-01
9.313072562217712402e-01 1.127531379461288452e-01
2.154434323310852051e-01 -1.284179687500000000e+00
2.229104042053222656e+00 8.249357342720031738e-01
4.553866684436798096e-01 5.599141120910644531e-01
2.120917588472366333e-01 1.186125159263610840e+00
2.881997525691986084e-01 1.699830889701843262e+00
2.432499408721923828e+00 2.585121691226959229e-01
1.333013176918029785e+00 1.264944821596145630e-01
-1.577052772045135498e-01 5.783246755599975586e-01
1.223328351974487305e+00 7.917650341987609863e-01
5.074418187141418457e-01 4.391697347164154053e-01
-8.357943892478942871e-01 -6.900646686553955078e-01
4.646506905555725098e-01 9.826740026473999023e-01
4.135990440845489502e-01 -5.239112377166748047e-01
1.342285424470901489e-01 -1.124569654464721680e+00
1.309407591819763184e+00 -7.285541296005249023e-02
1.122709989547729492e+00 -2.453478276729583740e-01
2.722645699977874756e-01 -4.285879433155059814e-01
8.239985108375549316e-01 -1.398988008499145508e+00
-6.815629601478576660e-01 8.538435697555541992e-01
1.567829012870788574e+00 -5.997704267501831055e-01
2.398440241813659668e-01 2.104300260543823242e+00
-7.700114250183105469e-01 -1.513043642044067383e+00
-4.035717546939849854e-01 -4.424778223037719727e-01
-1.265407443046569824e+00 1.484071493148803711e+00
-2.043316662311553955e-01 -1.188594222068786621e+00
1.406578868627548218e-01 6.466820836067199707e-01
-2.307007163763046265e-01 3.957928717136383057e-01
-1.358441114425659180e-01 2.491820603609085083e-01
-3.809734880924224854e-01 -1.632828712463378906e+00
-3.257536590099334717e-01 2.110002040863037109e+00
-5.582384467124938965e-01 3.878994286060333252e-01
-2.276814222335815430e+00 3.730678260326385498e-01
2.061154842376708984e-01 -1.015970706939697266e+00
-5.998516678810119629e-01 1.779766678810119629e-01
-1.143309235572814941e+00 1.339462041854858398e+00
-9.967521429061889648e-01 -6.021904945373535156e-01
8.778835535049438477e-01 7.318398952484130859e-01
2.738145291805267334e-01 1.718836665153503418e+00
1.345031142234802246e+00 -1.265310406684875488e+00
4.511741399765014648e-01 6.597211360931396484e-01
-6.524525284767150879e-01 -8.879274725914001465e-01
-1.080374121665954590e+00 1.424518346786499023e+00
-1.121325373649597168e+00 3.918372392654418945e-01
-4.903684258460998535e-01 -2.890629470348358154e-01
-2.046340554952621460e-01 -1.949448138475418091e-01
1.668276309967041016e+00 6.741279959678649902e-01
1.170810461044311523e+00 2.161409705877304077e-02
-9.156265258789062500e-01 2.184667140245437622e-01
1.255632400512695312e+00 -8.077448010444641113e-01
2.061985015869140625e+00 3.048802316188812256e-01
-1.461078286170959473e+00 -2.026601582765579224e-01
3.146770969033241272e-02 2.910449504852294922e-01
4.191838204860687256e-01 -8.154667019844055176e-01
-6.950612664222717285e-01 8.987486362457275391e-01
-7.634765505790710449e-01 -1.966310590505599976e-01
-3.633078634738922119e-01 -1.553060889244079590e+00
-8.605437278747558594e-01 -4.004061520099639893e-01
1.680984973907470703e+00 -1.121308878064155579e-01
-5.451535582542419434e-01 5.253366231918334961e-01
6.945744156837463379e-01 7.305220961570739746e-01
1.603793859481811523e+00 7.152358293533325195e-01
1.903688073158264160e+00 -1.119783997535705566e+00
-2.211786985397338867e+00 -5.754631757736206055e-01
4.319401681423187256e-01 8.337973356246948242e-01
3.153077960014343262e-01 1.336192965507507324e+00
5.864706635475158691e-01 2.103221118450164795e-01
-6.552600860595703125e-02 6.110420823097229004e-01
6.648997068405151367e-01 -2.499617040157318115e-01
5.851041674613952637e-01 1.277411580085754395e+00
8.801257610321044922e-01 5.200220942497253418e-01
-1.025596976280212402e+00 1.762714385986328125e+00
-2.815762519836425781e+00 -2.837527990341186523e-01
-6.867133378982543945e-01 1.024281382560729980e+00
1.730846047401428223e+00 -3.246894180774688721e-01
3.143851161003112793e-01 -6.691343337297439575e-02
-6.546841263771057129e-01 1.033513188362121582e+00
-2.141842126846313477e+00 7.724379897117614746e-01
-6.358500719070434570e-01 2.520127594470977783e-01
9.832903742790222168e-01 2.725284099578857422e-01
7.202309370040893555e-01 8.769089579582214355e-01
-1.667010307312011719e+00 -2.222671985626220703e+00
-1.084798097610473633e+00 6.124010086059570312e-01
-5.785004496574401855e-01 -7.257409095764160156e-01
1.864532947540283203e+00 -8.439115881919860840e-01
1.395574688911437988e+00 -4.016047418117523193e-01
-4.760215282440185547e-01 6.024074554443359375e-01
-1.389539837837219238e-01 -5.199072957038879395e-01
-4.297706186771392822e-01 -9.330264925956726074e-01
-3.255579173564910889e-01 9.303890466690063477e-01
-2.840443551540374756e-01 8.463886380195617676e-01
1.856537535786628723e-02 -1.675551652908325195e+00
-1.943743467330932617e+00 9.865526109933853149e-02
-6.744462847709655762e-01 -1.889293074607849121e+00
-1.842443585395812988e+00 1.322771906852722168e-01
-7.928702831268310547e-01 1.229709386825561523e+00
7.773400843143463135e-02 1.803610682487487793e+00
-3.388381898403167725e-01 -4.669682085514068604e-01
-4.018764495849609375e-01 -1.310972332954406738e+00
3.079218976199626923e-02 -5.921895503997802734e-01
-1.177118062973022461e+00 1.740944027900695801e+00
-2.960818707942962646e-01 -3.473694622516632080e-01
-4.967126846313476562e-01 -1.301006555557250977e+00
1.309855699539184570e+00 -2.666304111480712891e-01
1.969787329435348511e-01 -6.992143392562866211e-01
1.139564394950866699e+00 1.911749392747879028e-01
-9.462441317737102509e-03 3.546078801155090332e-01
-4.238294064998626709e-01 1.071175575256347656e+00
2.712479114532470703e+00 -1.935283839702606201e-01
1.750261545181274414e+00 -1.117131486535072327e-01
-8.220173120498657227e-01 7.975156307220458984e-01
-7.685240507125854492e-01 1.537565708160400391e+00
-1.777112007141113281e+00 -1.064612150192260742e+00
1.050782322883605957e+00 1.384103059768676758e+00
-1.502709746360778809e+00 -1.086543798446655273e+00
2.149570465087890625e+00 -9.262224435806274414e-01
-8.617974519729614258e-01 -1.328564062714576721e-02
9.761217236518859863e-01 -7.730520516633987427e-02
-2.168846368789672852e+00 1.213675856590270996e+00
-1.808585882186889648e+00 1.942571550607681274e-01
6.679531335830688477e-01 -1.158869862556457520e+00
-7.162472605705261230e-01 -1.027101278305053711e+00
-1.478528261184692383e+00 4.580837488174438477e-02
-1.069406494498252869e-01 3.530853688716888428e-01
3.301672339439392090e-01 -5.309102535247802734e-01
3.632983937859535217e-02 2.467269659042358398e+00
-1.654738783836364746e-01 -3.069077730178833008e-01
1.418853282928466797e+00 -4.566229581832885742e-01
-1.597607851028442383e+00 7.735506892204284668e-01
-6.360014081001281738e-01 -2.509534955024719238e-01
7.005379796028137207e-01 1.438787341117858887e+00
-1.068449735641479492e+00 -1.663424223661422729e-01
5.176115632057189941e-01 -7.325262427330017090e-01
3.358533680438995361e-01 -7.603669166564941406e-01
5.660215392708778381e-02 -1.503857016563415527e+00
-4.485261142253875732e-01 5.257315635681152344e-01
2.619018256664276123e-01 7.167068123817443848e-01
-6.965403556823730469e-01 8.436497449874877930e-01
1.924942016601562500e+00 -3.405316174030303955e-01
-4.329349696636199951e-01 1.308390378952026367e+00
4.293099343776702881e-01 7.122802734375000000e-02
-1.401846647262573242e+00 5.611289739608764648e-01
1.151316523551940918e+00 6.988578438758850098e-01
-5.897563099861145020e-01 -1.646090000867843628e-01
-4.930961430072784424e-01 5.040853619575500488e-01
1.377194821834564209e-01 2.750797569751739502e-01
4.682971239089965820e-01 -7.029951810836791992e-01
-1.796051710844039917e-01 8.973854184150695801e-01
5.169386044144630432e-02 -5.315346121788024902e-01
4.069326221942901611e-01 4.082213044166564941e-01
-4.960733652114868164e-01 -9.290968179702758789e-01
-1.992855966091156006e-01 4.682500362396240234e-01
1.086371541023254395e+00 -4.891649782657623291e-01
-8.609210699796676636e-02 6.073502302169799805e-01
2.278345525264739990e-01 -6.186387538909912109e-01
1.130889773368835449e+00 -1.207877397537231445e-01
1.604674458503723145e+00 8.605138957500457764e-02
2.812545895576477051e-01 8.700139075517654419e-02
-2.570661008358001709e-01 2.218026161193847656e+00
1.240154504776000977e+00 -6.573424935340881348e-01
1.848445177078247070e+00 -1.196615815162658691e+00
-4.539023935794830322e-01 1.424447894096374512e+00
2.269195318222045898e+00 1.310483574867248535e+00
-3.178943395614624023e-01 -3.773656487464904785e-01
2.260444164276123047e+00 -3.309515118598937988e-01
-7.194162011146545410e-01 1.219906687736511230e+00
1.435631513595581055e+00 -3.139826953411102295e-01
8.979019522666931152e-01 6.358874440193176270e-01
-8.475749492645263672e-01 -9.313177317380905151e-02
-3.935959339141845703e-01 -2.484050951898097992e-02
-3.632628321647644043e-01 -6.941221952438354492e-01
-9.816297292709350586e-01 -5.556102097034454346e-02
-1.046909809112548828e+00 -1.615255773067474365e-01
-5.717736482620239258e-01 -1.556088089942932129e+00
-9.632699489593505859e-01 -4.366423487663269043e-01
-8.548072539269924164e-03 4.459971562027931213e-02
-3.537367880344390869e-01 1.575223356485366821e-01
-1.156707286834716797e+00 1.815564274787902832e+00
-2.092121601104736328e+00 -6.517352461814880371e-01
1.142649292945861816e+00 -7.538284063339233398e-01
-1.466317415237426758e+00 8.023621141910552979e-02
-6.316997408866882324e-01 -7.410086393356323242e-01
1.806397914886474609e+00 9.378061294555664062e-01
-3.845278620719909668e-01 6.585013866424560547e-01
7.616772055625915527e-01 -6.450856328010559082e-01
-3.630789756774902344e+00 -2.186370372772216797e+00
2.644010782241821289e-01 -5.598823428153991699e-01
1.453697085380554199e+00 -2.962888479232788086e-01
-4.702155888080596924e-01 -1.499106526374816895e+00
2.296847581863403320e+00 1.649484395980834961e+00
1.317906618118286133e+00 7.556464672088623047e-01
1.247156143188476562e+00 7.881364822387695312e-01
1.549322962760925293e+00 -6.088662147521972656e-01
-2.702630996704101562e+00 -6.108700037002563477e-01
1.189766049385070801e+00 -4.802001118659973145e-01
2.253626346588134766e+00 1.171757340431213379e+00
8.793008327484130859e-01 -7.796709537506103516e-01
-7.809803634881973267e-02 -3.723330795764923096e-01
3.637733161449432373e-01 1.256319165229797363e+00
-1.220834031701087952e-01 1.012087762355804443e-01
4.712128937244415283e-01 6.840168237686157227e-01
5.099198222160339355e-01 -7.801733613014221191e-01
6.629142165184020996e-01 6.556671857833862305e-01
5.846553668379783630e-02 7.882350087165832520e-01
-1.085788846015930176e+00 1.051951408386230469e+00
-3.893171846866607666e-01 1.475445389747619629e+00
-1.708655804395675659e-01 -2.088385343551635742e+00
7.963455319404602051e-01 4.962165355682373047e-01
6.029451489448547363e-01 -5.226418375968933105e-01
1.036097884178161621e+00 5.318379998207092285e-01
-3.147918581962585449e-01 2.101830020546913147e-02
-5.454729869961738586e-02 -8.116031885147094727e-01
-2.610658407211303711e-01 -6.925831437110900879e-01
1.552257061004638672e+00 -2.308708190917968750e+00
-2.195838451385498047e+00 3.202538192272186279e-01
7.727215290069580078e-01 -1.666641533374786377e-01
-1.184930652379989624e-02 -1.128474399447441101e-01
-6.838181614875793457e-01 -1.251385807991027832e+00
-7.595364004373550415e-02 3.789231479167938232e-01
6.201399564743041992e-01 -8.987566083669662476e-02
1.209662675857543945e+00 8.767158389091491699e-01
1.831273555755615234e+00 -6.159215569496154785e-01
-6.072822213172912598e-01 -2.059737443923950195e+00
1.528914093971252441e+00 3.378683924674987793e-01
1.915358453989028931e-01 1.635226756334304810e-01
6.710167527198791504e-01 -4.096096158027648926e-01
-5.302253961563110352e-01 2.532861530780792236e-01
-1.990000009536743164e-01 6.101416945457458496e-01
-1.439136147499084473e+00 1.662067294120788574e+00
3.555752038955688477e-01 -1.811995744705200195e+00
4.645653665065765381e-01 -5.480050444602966309e-01
-1.059623956680297852e+00 1.740064769983291626e-01
3.821605145931243896e-01 -1.957815885543823242e-01
-1.513236314058303833e-01 6.255779862403869629e-01
-6.219039559364318848e-01 -1.087321400642395020e+00
-1.325207829475402832e+00 3.772250413894653320e-01
-5.841507390141487122e-02 -1.476615190505981445e+00
-9.860185384750366211e-01 1.486575007438659668e+00
1.471320688724517822e-01 -1.366032361984252930e+00
-6.708536148071289062e-01 9.521092176437377930e-01
1.474945783615112305e+00 -1.475629687309265137e+00
-8.660301566123962402e-01 1.278135895729064941e+00
3.525968790054321289e-01 -7.500791549682617188e-02
4.058742523193359375e-01 5.351168513298034668e-01
-6.878392398357391357e-02 -6.154842972755432129e-01
2.695809602737426758e-01 -3.160229325294494629e-02
-1.275694608688354492e+00 -6.372569799423217773e-01
-7.615531682968139648e-01 -4.670298099517822266e-01
-1.202832341194152832e+00 -2.458776473999023438e+00
-4.898880720138549805e-01 -1.593702912330627441e+00
9.481480121612548828e-01 -4.264816343784332275e-01
-1.482703924179077148e+00 -4.504456520080566406e-01
8.889638781547546387e-01 -1.152554750442504883e+00
2.948010154068470001e-02 -5.199353098869323730e-01
-1.653799861669540405e-01 -2.773252725601196289e-01
-2.446564733982086182e-01 -1.988023042678833008e+00
-1.266395926475524902e+00 -3.072216808795928955e-01
8.398252725601196289e-01 -4.688802659511566162e-01
2.265858352184295654e-01 3.418681919574737549e-01
5.933657884597778320e-01 1.917343020439147949e+00
-4.786550104618072510e-01 -5.782403424382209778e-02
-1.723939418792724609e+00 -9.909027814865112305e-01
1.955199837684631348e+00 -6.532658636569976807e-02
1.463011652231216431e-01 1.135720014572143555e+00
-2.688539922237396240e-01 -9.126741886138916016e-01
6.866339445114135742e-01 1.564414978027343750e+00
1.013214111328125000e+00 -1.148649454116821289e+00
-7.915613055229187012e-01 -3.213580846786499023e-01
5.456286668777465820e-01 -1.267126798629760742e+00
5.779818296432495117e-01 -2.104124240577220917e-02
-1.380106061697006226e-01 9.937097132205963135e-02
-1.628448516130447388e-01 1.897760629653930664e-01
-1.257194519042968750e+00 2.570548653602600098e-01
-1.062580823898315430e+00 -6.325800418853759766e-01
-6.293240189552307129e-01 -1.676796793937683105e+00
6.724022030830383301e-01 1.988852858543395996e+00
8.156912922859191895e-01 -1.468272566795349121e+00
1.663032174110412598e+00 -1.454459547996520996e+00
-2.314604073762893677e-01 5.549997091293334961e-01
3.245032429695129395e-01 1.493680238723754883e+00
5.853366255760192871e-01 7.599589824676513672e-01
-1.013613820075988770e+00 -1.391968846321105957e+00
8.856539726257324219e-01 9.161636829376220703e-01
4.850791096687316895e-01 -1.035638332366943359e+00
1.620996594429016113e-01 -3.456400930881500244e-01
7.718657851219177246e-01 1.673818565905094147e-02
6.803566813468933105e-01 -1.298332363367080688e-01
9.731336683034896851e-02 7.956935167312622070e-01
-2.160737276077270508e+00 -5.694004893302917480e-01
-2.002260208129882812e+00 -1.230424523353576660e+00
8.770406246185302734e-01 -2.092149972915649414e+00
1.593722820281982422e+00 2.563725471496582031e+00
-1.267850846052169800e-01 2.314254492521286011e-01
7.924410104751586914e-01 -3.076462149620056152e-01
6.760215759277343750e-01 2.680576324462890625e+00
-8.707768917083740234e-01 3.610567003488540649e-02
1.098975539207458496e+00 -2.800213098526000977e-01
5.310931205749511719e-01 5.320438146591186523e-01
-1.585302114486694336e+00 2.422040700912475586e+00
4.772303700447082520e-01 5.956750512123107910e-01
2.792662978172302246e-01 2.393292933702468872e-01
4.738202393054962158e-01 3.105557896196842194e-02
-1.489359736442565918e-01 -3.652037978172302246e-01
-1.815638661384582520e+00 1.112940669059753418e+00
1.171606898307800293e+00 -1.717949032783508301e+00
-1.002734184265136719e+00 1.280538797378540039e+00
1.213092803955078125e+00 1.211032494902610779e-01
-1.274369835853576660e+00 8.845642209053039551e-01
-7.556604743003845215e-01 2.024698734283447266e+00
1.821829438209533691e+00 1.586380481719970703e+00
8.655191063880920410e-01 -2.765482664108276367e-01
-1.946751475334167480e-01 -3.429529443383216858e-02
-5.655248165130615234e-01 4.397763907909393311e-01
