-3.246722817420959473e-01 1.024401545524597168e+00
5.222567915916442871e-01 -1.038601994514465332e+00
-2.870668172836303711e-01 -1.969619870185852051e+00
3.505729436874389648e-01 4.746039509773254395e-01
-1.075096130371093750e+00 1.265116691589355469e+00
-5.641659498214721680e-01 -2.141668319702148438e+00
7.763251066207885742e-01 6.588522195816040039e-01
1.082337379455566406e+00 1.443041801452636719e+00
-8.986307382583618164e-01 7.041160762310028076e-02
7.245564460754394531e-01 1.528041124343872070e+00
-1.715369522571563721e-01 1.677800178527832031e+00
1.377784013748168945e+00 -3.314335048198699951e-01
-2.044563531875610352e+00 -6.600567102432250977e-01
1.725009381771087646e-01 -6.677493453025817871e-02
-5.905410051345825195e-01 4.316903948783874512e-01
1.333031296730041504e+00 -2.026458680629730225e-01
-2.364716380834579468e-01 1.075166225433349609e+00
-3.364487290382385254e-01 -7.123046517372131348e-01
1.411565780639648438e+00 5.704329013824462891e-01
9.530730843544006348e-01 1.202589273452758789e+00
-1.128671690821647644e-01 2.856030762195587158e-01
-4.796930551528930664e-01 1.016637608408927917e-01
-5.613051652908325195e-01 -2.101230859756469727e+00
-1.118047952651977539e+00 -1.202382087707519531e+00
8.743306994438171387e-02 1.956463098526000977e+00
2.257382124662399292e-01 -1.369149833917617798e-01
-5.572130680084228516e-01 1.311914920806884766e-01
9.539589285850524902e-02 1.350673079490661621e+00
-1.092877864837646484e+00 7.576757669448852539e-01
2.024601221084594727e+00 -5.170638561248779297e-01
1.099010705947875977e+00 1.810984373092651367e+00
-2.391561031341552734e+00 3.739487528800964355e-01
9.030088782310485840e-01 -2.052679192274808884e-03
-1.012184977531433105e+00 4.683856070041656494e-01
-8.971450924873352051e-01 -8.649801015853881836e-01
-1.133228614926338196e-01 8.871328830718994141e-01
-6.351060271263122559e-01 -1.294679403305053711e+00
2.974847890436649323e-02 -7.500118017196655273e-01
5.052557587623596191e-01 5.784546732902526855e-01
-8.624396324157714844e-01 8.078376650810241699e-01
5.532702207565307617e-01 -1.387846767902374268e-01
-9.032249450683593750e-01 9.232121109962463379e-01
-5.740504264831542969e-01 6.030821800231933594e-01
1.315437436103820801e+00 1.289318442344665527e+00
1.135264039039611816e-01 -6.329345703125000000e-01
1.152483105659484863e+00 6.173828840255737305e-01
3.642997741699218750e-01 -9.380841255187988281e-01
-1.153378039598464966e-01 -2.297622203826904297e+00
1.731819510459899902e+00 -1.031726077198982239e-01
-9.132916927337646484e-01 -2.041388988494873047e+00
1.413125991821289062e+00 9.714143723249435425e-02
-1.036596179008483887e+00 -1.616000413894653320e+00
1.070014715194702148e+00 -1.232841849327087402e+00
-1.378498673439025879e-01 -1.567579746246337891e+00
-5.813650488853454590e-01 2.636485397815704346e-01
-5.213887095451354980e-01 6.114795207977294922e-01
8.928740024566650391e-01 -1.246151685714721680e+00
-1.794608354568481445e+00 1.294458866119384766e+00
9.226803183555603027e-01 1.393000125885009766e+00
6.570914983749389648e-01 1.575008511543273926e+00
1.366616487503051758e-01 4.666984975337982178e-01
4.928860366344451904e-01 -2.255114018917083740e-01
-1.599863022565841675e-01 -1.989925205707550049e-01
4.179354608058929443e-01 -3.097739256918430328e-02
-7.263666391372680664e-01 -6.172066330909729004e-01
-5.940300226211547852e-01 -1.033856034278869629e+00
-2.058631479740142822e-01 -2.950450181961059570e-01
-1.845479965209960938e+00 -4.034748300909996033e-03
-2.363215982913970947e-01 -1.236149549484252930e+00
-6.331255435943603516e-01 1.908847928047180176e+00
1.714584529399871826e-01 5.727913975715637207e-01
-3.477343022823333740e-01 -1.767067909240722656e-01
1.247569099068641663e-01 -1.009240597486495972e-01
8.129306435585021973e-01 -2.123069912195205688e-01
-1.013579070568084717e-01 -6.313006579875946045e-02
9.738888740539550781e-01 -2.935135364532470703e-01
-3.515039980411529541e-01 -3.880133330821990967e-01
1.897532343864440918e-01 -1.056513428688049316e+00
3.869766294956207275e-01 1.187355667352676392e-01
-1.150788739323616028e-01 -5.450412631034851074e-01
-1.139629244804382324e+00 9.141771197319030762e-01
-2.450807690620422363e-01 9.493972063064575195e-01
1.127033829689025879e+00 5.160392522811889648e-01
-5.451377034187316895e-01 -4.315501451492309570e-01
-3.613922595977783203e-01 3.173459470272064209e-01
-3.181688487529754639e-01 1.270144134759902954e-01
-1.706261873245239258e+00 2.690800428390502930e+00
8.008055686950683594e-01 -8.106631226837635040e-03
1.598773479461669922e+00 -1.122125506401062012e+00
-2.659049630165100098e-01 1.629236578941345215e+00
-6.368963718414306641e-01 1.209729433059692383e+00
1.186351180076599121e+00 1.223860621452331543e+00
-1.836673378944396973e+00 -4.797264337539672852e-01
1.170279622077941895e+00 1.861602813005447388e-01
3.926710486412048340e-01 -1.668631792068481445e+00
-1.255729794502258301e+00 4.531359076499938965e-01
-6.108954548835754395e-01 9.060787558555603027e-01
5.487836003303527832e-01 -1.098503619432449341e-01
2.273026257753372192e-01 -1.881949782371520996e+00
5.679458975791931152e-01 -1.134473443031311035e+00
-1.139166831970214844e+00 1.140102595090866089e-01
1.201000690460205078e+00 -9.984206557273864746e-01
-6.395200490951538086e-01 6.774646639823913574e-01
2.464001476764678955e-01 -3.150158524513244629e-01
1.599313616752624512e+00 -1.516250133514404297e+00
4.685643911361694336e-01 1.110067293047904968e-01
1.029834866523742676e+00 -2.253489196300506592e-01
-3.289699554443359375e-01 1.911537528038024902e+00
-5.255192518234252930e-02 -7.219294309616088867e-01
-4.264363646507263184e-02 -2.194169014692306519e-01
-8.725302815437316895e-01 8.928121328353881836e-01
-2.790634632110595703e-01 1.108487248420715332e+00
1.713991403579711914e+00 4.419120252132415771e-01
1.488432884216308594e+00 -1.045625567436218262e+00
2.430666424334049225e-02 -1.379027605056762695e+00
-4.613071978092193604e-01 -5.864782333374023438e-01
4.683674573898315430e-01 -4.089756011962890625e-01
-7.679861187934875488e-01 -2.868362665176391602e-01
-1.808605045080184937e-01 6.001762151718139648e-01
3.618251979351043701e-01 1.750095725059509277e+00
1.057767152786254883e+00 3.836565613746643066e-01
-5.327391624450683594e-01 -7.351991534233093262e-01
5.850830078125000000e-01 -2.677155137062072754e-01
2.930037677288055420e-01 -3.726656138896942139e-01
1.410394668579101562e+00 1.653848886489868164e-01
-4.694528281688690186e-01 -4.533144235610961914e-01
-5.392596125602722168e-01 8.070095628499984741e-02
1.203545928001403809e-01 -1.865357905626296997e-01
-1.781657636165618896e-01 1.271743774414062500e+00
-6.227171421051025391e-01 -2.245272159576416016e+00
-4.707745462656021118e-02 4.493820667266845703e-01
-3.657066524028778076e-01 1.576459705829620361e-01
1.076046228408813477e-01 1.152027368545532227e+00
-1.948510169982910156e+00 7.125044465065002441e-01
5.723589658737182617e-02 1.170733928680419922e+00
9.985938072204589844e-01 -2.311242073774337769e-01
3.087108433246612549e-01 -2.982094883918762207e-01
-4.227366447448730469e-01 1.616306304931640625e+00
1.406106352806091309e+00 -7.770138382911682129e-01
-1.534000873565673828e+00 -2.100715935230255127e-01
-2.049159705638885498e-01 1.716150045394897461e+00
-6.761997938156127930e-01 -8.258328437805175781e-01
-6.583791375160217285e-01 -5.238007381558418274e-02
-5.159365534782409668e-01 3.323529958724975586e-01
-2.357055991888046265e-01 9.538950771093368530e-02
3.296296596527099609e-01 -9.033297896385192871e-01
8.443795442581176758e-01 -5.494532734155654907e-02
4.459485411643981934e-01 2.759572982788085938e+00
5.865722149610519409e-02 -3.910184204578399658e-01
8.149007707834243774e-02 -2.453455924987792969e-01
1.374675512313842773e+00 6.811299324035644531e-01
-5.995647907257080078e-01 -4.091281816363334656e-02
1.755156278610229492e+00 1.153296113014221191e+00
-1.555671930313110352e+00 7.371960878372192383e-01
-1.160910248756408691e+00 -1.427876830101013184e+00
7.009856104850769043e-01 5.083303451538085938e-01
-1.896980255842208862e-01 -2.185680717229843140e-02
1.152427196502685547e-01 5.874749422073364258e-01
-5.026063323020935059e-01 -2.991092801094055176e-01
-1.009288191795349121e+00 3.140545785427093506e-01
-1.050405621528625488e+00 -1.849741697311401367e+00
-5.310072302818298340e-01 1.002504155039787292e-01
-4.570306837558746338e-01 -8.415786623954772949e-01
-1.224291682243347168e+00 -9.050471782684326172e-01
4.814352691173553467e-01 8.791449069976806641e-01
-8.312276601791381836e-01 -1.108850359916687012e+00
6.640572845935821533e-02 -3.970817923545837402e-01
8.782693743705749512e-01 3.550229668617248535e-01
-8.852981925010681152e-01 -7.611150741577148438e-01
-1.067359000444412231e-01 -5.065410211682319641e-02
4.106518924236297607e-01 1.013858914375305176e+00
-9.582354426383972168e-01 2.381524443626403809e-02
1.604848623275756836e+00 5.545768141746520996e-01
-9.331430196762084961e-01 -1.330268979072570801e+00
-9.294246435165405273e-01 2.347910106182098389e-01
8.360662460327148438e-01 -6.914933919906616211e-01
6.378526687622070312e-01 -4.402677714824676514e-01
2.790984213352203369e-01 8.228424191474914551e-02
1.027265906333923340e+00 1.187745451927185059e+00
1.444552898406982422e+00 9.822424054145812988e-01
-2.929812371730804443e-01 -1.047312736511230469e+00
-5.371299386024475098e-01 -2.254564613103866577e-01
-7.882954478263854980e-01 7.966859340667724609e-01
1.252938628196716309e+00 3.214595913887023926e-01
-1.138234883546829224e-01 6.247556209564208984e-01
2.025264203548431396e-01 1.070866346359252930e+00
4.589614570140838623e-01 7.355928421020507812e-02
2.235901355743408203e-01 8.783518075942993164e-01
-8.931167125701904297e-01 -8.259267807006835938e-01
-5.081347748637199402e-02 2.250093221664428711e+00
-8.303005695343017578e-01 -1.424051880836486816e+00
-3.221312165260314941e-01 2.742758095264434814e-01
1.344658017158508301e+00 -1.485880136489868164e+00
6.576672196388244629e-01 -1.973096877336502075e-01
6.177617311477661133e-01 -4.126613959670066833e-02
-9.443908929824829102e-01 2.078930616378784180e+00
-5.263321995735168457e-01 -8.708249777555465698e-02
-4.454929828643798828e-01 3.954485431313514709e-02
-1.533849954605102539e+00 -6.446288824081420898e-01
1.340174436569213867e+00 -5.476675629615783691e-01
-1.848977327346801758e+00 -3.956966698169708252e-01
1.302600979804992676e+00 6.548368930816650391e-01
6.195466518402099609e-01 -1.939191699028015137e+00
1.382464885711669922e+00 -1.064245343208312988e+00
-4.650726914405822754e-01 6.540089249610900879e-01
-3.429668247699737549e-01 5.406087636947631836e-02
3.253922462463378906e-01 2.799474000930786133e+00
-9.615850448608398438e-01 5.012241005897521973e-01
1.002396643161773682e-01 -3.632465898990631104e-01
-5.298852548003196716e-02 -7.435978651046752930e-01
2.121932990849018097e-02 1.200367927551269531e+00
3.332872986793518066e-01 -1.377164423465728760e-01
-4.374033510684967041e-01 1.145513355731964111e-01
-8.586058616638183594e-01 -3.265618681907653809e-01
-2.843010053038597107e-02 -1.137143135070800781e+00
-5.375145673751831055e-01 -1.458683848381042480e+00
2.159021377563476562e+00 2.511105835437774658e-01
-1.686946302652359009e-02 5.665683746337890625e-01
-7.570576071739196777e-01 -3.621481359004974365e-01
9.929893612861633301e-01 7.446622848510742188e-01
-1.875853061676025391e+00 1.864394903182983398e+00
-3.059546947479248047e-01 5.940835475921630859e-01
-6.089812517166137695e-01 1.181579828262329102e+00
-7.275997996330261230e-01 3.189126849174499512e-01
-2.594128549098968506e-01 -9.288609772920608521e-02
-3.771638572216033936e-01 1.487029194831848145e+00
-1.257766187191009521e-01 1.466209292411804199e+00
-6.505792737007141113e-01 -1.575968861579895020e-01
2.881338000297546387e-01 -1.843406111001968384e-01
-1.080292105674743652e+00 -1.308371424674987793e+00
1.728124260902404785e+00 -5.568732619285583496e-01
6.381364166736602783e-02 9.914093017578125000e-01
1.062811970710754395e+00 -5.559039115905761719e-01
-1.237968802452087402e+00 -7.715836167335510254e-01
1.184376105666160583e-01 5.879980325698852539e-01
-8.902294933795928955e-02 1.808446884155273438e+00
6.782645583152770996e-01 -3.054570257663726807e-01
1.584478855133056641e+00 -8.108465075492858887e-01
1.418035507202148438e+00 1.032597064971923828e+00
-5.280136466026306152e-01 1.297428458929061890e-01
1.291622877120971680e+00 5.504638552665710449e-01
-2.500687241554260254e-01 -4.956819415092468262e-01
1.319945931434631348e+00 9.920881390571594238e-01
-6.414175629615783691e-01 -3.574321568012237549e-01
-7.102859020233154297e-01 3.729852437973022461e-01
1.224440455436706543e+00 -1.213895082473754883e+00
-8.622338771820068359e-01 -7.153378725051879883e-01
7.284793257713317871e-02 8.452711701393127441e-01
8.920350670814514160e-01 -3.316310346126556396e-01
-9.647443145513534546e-02 3.838170170783996582e-01
3.109925985336303711e-01 3.989145159721374512e-01
-1.136778950691223145e+00 2.562566518783569336e+00
-4.483493864536285400e-01 -3.243615031242370605e-01
1.262094020843505859e+00 4.725618753582239151e-03
-1.285073757171630859e+00 9.792122244834899902e-01
-1.549525838345289230e-02 -6.073951721191406250e-01
8.200935274362564087e-02 -8.154714703559875488e-01
-4.590694010257720947e-01 4.046519398689270020e-01
-1.481029629707336426e+00 -6.377387642860412598e-01
-3.834773302078247070e-01 5.111383199691772461e-01
-3.651746511459350586e-01 2.287348508834838867e-01
8.323309421539306641e-01 6.425315141677856445e-01
6.443747282028198242e-01 -1.307079434394836426e+00
-1.043740510940551758e+00 1.198117658495903015e-01
-2.528314888477325439e-01 1.181221127510070801e+00
4.493841230869293213e-01 7.280557751655578613e-01
1.482024788856506348e-01 -2.089272499084472656e+00
1.405396342277526855e+00 1.495829701423645020e+00
1.820698976516723633e+00 -4.965416342020034790e-02
1.087073326110839844e+00 -1.583015084266662598e+00
5.169435739517211914e-01 3.366515338420867920e-01
8.829768300056457520e-01 -7.324376702308654785e-01
-9.036073088645935059e-01 -1.089756846427917480e+00
-8.598535060882568359e-01 1.111609458923339844e+00
-6.937232017517089844e-01 -1.032029017806053162e-01
2.231023460626602173e-01 -1.094694733619689941e+00
-7.079924345016479492e-01 -9.453606605529785156e-01
4.055117368698120117e-01 -9.016254544258117676e-01
-1.444941282272338867e+00 -8.514246344566345215e-01
9.491625428199768066e-01 -6.346335411071777344e-01
-5.745353102684020996e-01 4.185303747653961182e-01
-2.283114194869995117e+00 2.120859384536743164e+00
-6.166618466377258301e-01 -1.081100702285766602e+00
-3.969977796077728271e-01 9.028801918029785156e-01
8.575358986854553223e-01 -1.937675833702087402e+00
1.547411978244781494e-01 1.001956820487976074e+00
3.598823845386505127e-01 5.113575458526611328e-01
1.369524188339710236e-02 -5.451208353042602539e-01
2.259646177291870117e+00 1.036548614501953125e+00
3.393198251724243164e-01 8.834927082061767578e-01
2.574748098850250244e-01 1.153592944145202637e+00
8.393144607543945312e-01 -2.666097283363342285e-01
8.821323513984680176e-01 8.040708303451538086e-01
1.501730799674987793e+00 1.320320367813110352e+00
1.282595843076705933e-01 -7.679498791694641113e-01
6.473576277494430542e-02 1.049018979072570801e+00
-5.125807523727416992e-01 6.218586564064025879e-01
-5.834737420082092285e-01 -6.805484890937805176e-01
1.002672687172889709e-02 -8.537734746932983398e-01
-8.618368208408355713e-02 -5.544044971466064453e-01
-4.218643307685852051e-01 3.852655589580535889e-01
1.343663215637207031e+00 -8.750297427177429199e-01
-1.069365262985229492e+00 5.574421286582946777e-01
1.700946807861328125e+00 8.332995176315307617e-01
4.213694632053375244e-01 2.713473141193389893e-01
-1.749903798103332520e+00 1.403980731964111328e+00
4.464337229728698730e-02 1.567005395889282227e+00
-1.146514534950256348e+00 -8.991894721984863281e-01
1.918391942977905273e+00 2.042742490768432617e+00
1.020179510116577148e+00 6.067509651184082031e-01
-1.428620517253875732e-01 4.365389794111251831e-02
3.259152173995971680e-01 -7.079397439956665039e-01
-1.181502699851989746e+00 -1.530465841293334961e+00
1.219610691070556641e+00 -3.952602148056030273e-01
-1.490273714065551758e+00 2.659314870834350586e-01
8.522595167160034180e-01 -1.678664922714233398e+00
2.232782840728759766e-01 2.124811708927154541e-01
-7.032321095466613770e-01 3.946419358253479004e-01
6.124132275581359863e-01 6.736379265785217285e-01
-6.148352101445198059e-02 -1.154949307441711426e+00
7.059642076492309570e-01 3.003864586353302002e-01
-1.920882701873779297e+00 1.245835065841674805e+00
7.922854423522949219e-01 1.162609577178955078e+00
1.121723130345344543e-01 -2.485695600509643555e+00
-1.272706985473632812e+00 -1.598424315452575684e+00
-1.985075712203979492e+00 -6.076808571815490723e-01
-1.213474497199058533e-01 5.612991452217102051e-01
-2.223115414381027222e-01 1.693829059600830078e+00
-1.756189018487930298e-01 -9.073542952537536621e-01
8.143286705017089844e-01 -2.016132116317749023e+00
-6.042003631591796875e-01 -2.110576778650283813e-01
-7.604263424873352051e-01 2.453477233648300171e-01
1.497660756111145020e+00 1.844818592071533203e-01
-1.440011739730834961e+00 -5.900986194610595703e-01
-1.568443417549133301e+00 7.572588324546813965e-01
-4.243572801351547241e-02 -2.124249637126922607e-01
1.851253628730773926e+00 1.336473464965820312e+00
1.309702754020690918e+00 7.526363730430603027e-01
-2.704083025455474854e-01 -1.725774526596069336e+00
-2.367130041122436523e+00 2.945490598678588867e+00
-7.086445093154907227e-01 1.315699964761734009e-01
-6.466976404190063477e-01 -3.355123698711395264e-01
2.794019281864166260e-01 8.438477665185928345e-02
3.926337659358978271e-01 -2.465714454650878906e+00
5.537851452827453613e-01 3.765543401241302490e-01
1.615721732378005981e-01 -5.526918172836303711e-01
-1.233564540743827820e-01 -5.052734538912773132e-02
-6.077946424484252930e-01 -5.255764722824096680e-01
-4.176449477672576904e-01 -1.065288662910461426e+00
-1.875021576881408691e+00 -3.789344429969787598e-01
1.202174305915832520e+00 -6.817022711038589478e-02
1.132086992263793945e+00 7.377521991729736328e-01
-1.861157059669494629e+00 -1.929566502571105957e+00
-1.578504681587219238e+00 -1.881226778030395508e+00
2.137550413608551025e-01 -7.901376485824584961e-01
-2.073823928833007812e+00 1.807747602462768555e+00
-4.614874720573425293e-01 6.135639548301696777e-02
-2.800970673561096191e-01 6.460784673690795898e-01
-5.769634246826171875e-01 -1.266942739486694336e+00
5.451403260231018066e-01 -1.362556368112564087e-01
1.665546059608459473e+00 -1.852032780647277832e+00
-5.184134840965270996e-02 -1.662502050399780273e+00
-3.426840901374816895e-01 3.059940934181213379e-01
-4.232417345046997070e-01 1.478175044059753418e+00
-1.452783346176147461e-01 4.945844113826751709e-01
-5.838935971260070801e-01 1.011742129921913147e-01
-1.683383807539939880e-02 -9.679517149925231934e-01
4.798059463500976562e-01 7.347082495689392090e-01
8.745064586400985718e-02 6.317597031593322754e-01
-2.369788438081741333e-01 -7.677603363990783691e-01
-2.255866378545761108e-01 6.245144009590148926e-01
-5.163471698760986328e-01 1.087548255920410156e+00
-7.281172871589660645e-01 -8.557205200195312500e-01
4.953457117080688477e-01 -1.902544260025024414e+00
3.019701540470123291e-01 -2.152905702590942383e+00
-5.182952806353569031e-02 -7.634876370429992676e-01
-1.569262862205505371e+00 -2.723329365253448486e-01
5.406742095947265625e-01 -2.906033694744110107e-01
1.754741907119750977e+00 -1.622125506401062012e+00
-6.174296140670776367e-01 -1.511542439460754395e+00
-1.777210593223571777e+00 -5.255720615386962891e-01
-3.364224731922149658e-01 -9.063413739204406738e-01
3.783609271049499512e-01 6.566342711448669434e-01
-8.846996426582336426e-01 7.720597982406616211e-01
-1.638894200325012207e+00 4.318202137947082520e-01
9.265735149383544922e-01 1.862503588199615479e-01
3.876879811286926270e-01 -2.610040307044982910e-01
-1.271806240081787109e+00 5.939801931381225586e-01
4.729285836219787598e-02 -4.372270107269287109e-01
5.135459899902343750e-01 6.533305048942565918e-01
-1.410871028900146484e+00 2.107723474502563477e+00
1.853964090347290039e+00 7.836777567863464355e-01
-5.133800208568572998e-02 1.399147033691406250e+00
1.764386415481567383e+00 8.719543814659118652e-01
2.916873693466186523e-01 1.055053234100341797e+00
7.122585177421569824e-01 3.769739568233489990e-01
4.795618057250976562e-01 -9.583753347396850586e-01
2.028680890798568726e-01 -3.316963016986846924e-01
-1.162504434585571289e+00 1.155433535575866699e+00
-2.876812696456909180e+00 -1.597823381423950195e+00
-3.778400421142578125e-01 3.917428851127624512e-01
6.008216738700866699e-01 -1.044556736946105957e+00
-2.093472182750701904e-01 -7.211688160896301270e-01
-2.248909473419189453e-01 4.769209027290344238e-01
-9.939204901456832886e-02 -3.193235695362091064e-01
2.867302298545837402e-01 -6.486532092094421387e-01
-1.598208248615264893e-01 -1.695582866668701172e-01
-1.082569956779479980e-01 -4.686676561832427979e-01
6.474199295043945312e-01 -6.377198100090026855e-01
2.050819635391235352e+00 6.549018621444702148e-01
-2.053909063339233398e+00 -2.092041254043579102e+00
5.136814117431640625e-01 -9.404077529907226562e-01
5.070266723632812500e-01 9.283800721168518066e-01
-1.543155431747436523e+00 7.222917675971984863e-01
-1.459357857704162598e+00 1.202273368835449219e+00
-3.061646819114685059e-01 6.268236041069030762e-01
-3.075836598873138428e-01 -5.025526136159896851e-02
-2.613538689911365509e-02 -7.311900854110717773e-01
-3.794767856597900391e-01 -1.071474432945251465e+00
-1.523871541023254395e+00 5.869194865226745605e-01
-1.044357419013977051e+00 -3.787862658500671387e-01
1.052679061889648438e+00 5.911166071891784668e-01
1.894307136535644531e-01 -3.190224170684814453e-01
-8.341826200485229492e-01 -2.319457530975341797e-01
-7.815663218498229980e-01 -1.186639547348022461e+00
6.564345359802246094e-01 -9.999238252639770508e-01
-3.588209748268127441e-01 -6.605567932128906250e-01
-4.209342300891876221e-01 1.052943348884582520e+00
-1.952772736549377441e+00 -5.771937370300292969e-01
-5.013235658407211304e-02 -1.784736216068267822e-01
-1.140166282653808594e+00 -6.999875307083129883e-01
5.573434010148048401e-02 5.396388769149780273e-01
1.089933991432189941e+00 9.021698832511901855e-01
-5.507342219352722168e-01 7.992262244224548340e-01
-1.359997987747192383e-01 1.123726293444633484e-01
-6.504333615303039551e-01 -6.905289292335510254e-01
5.257439017295837402e-01 -1.042878508567810059e+00
-1.227364540100097656e+00 2.393157482147216797e+00
1.173825860023498535e+00 9.202520251274108887e-01
-1.186379432678222656e+00 -4.546398818492889404e-01
-2.506638467311859131e-01 4.578623920679092407e-02
-8.242002129554748535e-01 -1.232562422752380371e+00
-8.102552890777587891e-01 -8.329717516899108887e-01
1.560246467590332031e+00 1.214106529951095581e-01
-6.697884798049926758e-01 1.322906970977783203e+00
-4.998386800289154053e-01 -4.480031728744506836e-01
-1.382411956787109375e+00 -7.359013557434082031e-01
-2.179993242025375366e-01 8.656201958656311035e-01
-1.071618348360061646e-01 4.044913649559020996e-01
1.619691610336303711e+00 1.997871845960617065e-01
4.207457900047302246e-01 6.126434206962585449e-01
-1.057117938995361328e+00 -1.251489818096160889e-01
1.119816303253173828e+00 5.669093132019042969e-01
3.912643194198608398e-01 -1.073930263519287109e-01
5.857906341552734375e-01 1.859392523765563965e+00
-4.163721203804016113e-01 3.950417339801788330e-01
-1.189934849739074707e+00 9.208282828330993652e-01
-2.662995755672454834e-01 -7.312148213386535645e-01
-1.221804738044738770e+00 -6.245058178901672363e-01
9.258169531822204590e-01 -1.116310119628906250e+00
2.268769294023513794e-01 5.199736952781677246e-01
1.295674741268157959e-01 1.466669201850891113e+00
1.607626304030418396e-02 1.962960004806518555e+00
-4.920264706015586853e-02 -1.531646609306335449e+00
4.858972430229187012e-01 -4.983861446380615234e-01
-1.558552384376525879e+00 1.406683325767517090e+00
1.574220508337020874e-01 3.169578313827514648e-01
-7.073805332183837891e-01 -1.308525443077087402e+00
-1.942228972911834717e-01 -3.251014947891235352e-01
6.200080513954162598e-01 1.931058168411254883e-01
2.058764100074768066e-01 -3.675299882888793945e-01
6.587518453598022461e-01 -7.276123166084289551e-01
-4.663363993167877197e-01 8.487277477979660034e-02
4.078242927789688110e-02 4.426796138286590576e-01
-3.026261627674102783e-01 -1.478314280509948730e+00
-5.936281681060791016e-01 2.811592578887939453e+00
-1.328640341758728027e+00 1.161981463432312012e+00
6.847550868988037109e-01 3.391217887401580811e-01
1.382877945899963379e+00 -8.620049953460693359e-01
8.940905332565307617e-01 -9.441561102867126465e-01
1.369092345237731934e+00 1.686431765556335449e+00
-8.302024602890014648e-01 -1.147998213768005371e+00
-1.129752993583679199e+00 -1.022636890411376953e+00
-7.236569523811340332e-01 3.086581528186798096e-01
-1.087463021278381348e+00 -1.130007430911064148e-01
-2.715126872062683105e-01 -3.183878064155578613e-01
-5.288003087043762207e-01 4.213817715644836426e-01
3.878859877586364746e-01 9.454788565635681152e-01
1.690011143684387207e+00 -2.502930164337158203e-01
-6.531220674514770508e-01 4.819403588771820068e-01
1.056610941886901855e+00 4.265492856502532959e-01
-1.440137863159179688e+00 -8.381190299987792969e-01
-6.810387969017028809e-01 1.766154915094375610e-01
3.543814718723297119e-01 -4.472966194152832031e-01
1.936237365007400513e-01 2.653571367263793945e+00
4.141608178615570068e-01 -1.550189405679702759e-01
8.108143210411071777e-01 1.048095583915710449e+00
-1.022899866104125977e+00 -1.168367862701416016e+00
-1.124298930168151855e+00 -1.445904970169067383e+00
-4.754864871501922607e-01 -1.204259693622589111e-01
4.735416769981384277e-01 -8.869401216506958008e-01
-2.533776760101318359e-01 1.973912268877029419e-01
-3.483601510524749756e-01 -2.104491591453552246e-01
3.426456153392791748e-01 -1.156037688255310059e+00
2.169471830129623413e-01 1.589502334594726562e+00
1.085004925727844238e+00 2.620244920253753662e-01
-7.207059264183044434e-01 -8.094357252120971680e-01
-2.980035245418548584e-01 -3.263789787888526917e-02
6.484308242797851562e-01 -4.055215418338775635e-01
5.095424652099609375e-01 -9.121057987213134766e-01
1.628335237503051758e+00 -6.753875017166137695e-01
1.033602714538574219e+00 -3.793672621250152588e-01
-1.305197358131408691e+00 3.477921187877655029e-01
1.279235601425170898e+00 -3.449935019016265869e-01
-1.304123163223266602e+00 8.635328151285648346e-03
-9.973772615194320679e-02 -2.484080314636230469e+00
2.144131958484649658e-01 -1.141684889793395996e+00
7.702121734619140625e-01 -7.056211233139038086e-01
-1.227861523628234863e+00 -3.062328398227691650e-01
-7.057650685310363770e-01 7.973939925432205200e-02
-3.866513073444366455e-01 1.066096782684326172e+00
-1.248458981513977051e+00 2.608569264411926270e-01
-9.699293971061706543e-01 -1.638932824134826660e+00
7.724630832672119141e-01 -5.951083898544311523e-01
-3.006852269172668457e-01 -2.250257432460784912e-01
-4.527636766433715820e-01 6.449544429779052734e-01
-2.130066752433776855e-01 5.454356595873832703e-02
-3.910402655601501465e-01 7.618245482444763184e-01
-4.610018134117126465e-01 -4.069753885269165039e-01
1.269898191094398499e-02 1.371396660804748535e+00
-6.354880928993225098e-01 1.464294195175170898e-01
-4.065858125686645508e-01 1.023128628730773926e+00
-3.653985261917114258e-01 -3.869121670722961426e-01
1.441898226737976074e+00 -6.699624657630920410e-01
-6.544392108917236328e-01 3.888843953609466553e-01
5.749053359031677246e-01 9.793491363525390625e-01
-1.184853792190551758e+00 1.531156778335571289e+00
1.299742221832275391e+00 7.865948081016540527e-01
1.118681430816650391e+00 -9.983959794044494629e-02
-5.932323932647705078e-01 1.430722475051879883e+00
4.698349535465240479e-01 -3.597022593021392822e-02
2.415292263031005859e-01 -7.170455157756805420e-02
-2.609685361385345459e-01 -8.441879414021968842e-03
-2.455867230892181396e-01 -3.362405300140380859e-01
1.402851194143295288e-01 3.013820350170135498e-01
-1.795932888984680176e+00 4.362273514270782471e-01
2.359651803970336914e+00 2.964997291564941406e-01
8.541960269212722778e-02 -6.501598954200744629e-01
-1.010698676109313965e+00 -2.731358110904693604e-01
3.470965921878814697e-01 -5.550512075424194336e-01
-4.567835330963134766e-01 -1.089301705360412598e+00
-1.266098499298095703e+00 8.336414098739624023e-01
2.565462112426757812e+00 -7.576640248298645020e-01
-1.060621023178100586e+00 -6.028896570205688477e-01
1.106026768684387207e+00 -3.985193669795989990e-01
-1.144122257828712463e-01 1.188613414764404297e+00
-7.478194236755371094e-01 -5.350038409233093262e-01
3.407309651374816895e-01 4.511635750532150269e-02
1.315390110015869141e+00 1.181455731391906738e+00
-6.735141277313232422e-01 -3.573201894760131836e-01
1.763291716575622559e+00 1.972291946411132812e+00
-1.463350176811218262e+00 5.749571695923805237e-02
1.152528643608093262e+00 1.293860822916030884e-01
-1.225382447242736816e+00 -6.695715785026550293e-01
9.042214751243591309e-01 -7.126492261886596680e-01
9.418864846229553223e-01 3.166433274745941162e-01
1.191355824470520020e+00 1.322979807853698730e+00
6.252549290657043457e-01 3.079478442668914795e-02
-1.029255509376525879e+00 -1.206515431404113770e+00
-4.682666659355163574e-01 7.637597620487213135e-02
-1.134382367134094238e+00 -3.878813385963439941e-01
1.404616117477416992e+00 -4.565507173538208008e-01
-6.177847981452941895e-01 2.672220347449183464e-03
1.707069277763366699e-01 -2.227950394153594971e-01
1.308264017105102539e+00 3.265483081340789795e-01
-6.500130891799926758e-01 -1.714129567146301270e+00
-2.220169782638549805e+00 -1.274818301200866699e+00
5.582811832427978516e-01 1.633673548698425293e+00
7.829318642616271973e-01 5.637435913085937500e-01
-5.672265216708183289e-02 -1.705882430076599121e+00
-8.758082985877990723e-01 5.002422332763671875e-01
1.629685401916503906e+00 3.071265518665313721e-01
-7.550140619277954102e-01 -2.384119033813476562e+00
-1.403560042381286621e+00 -1.160088062286376953e+00
-7.450807094573974609e-01 4.231210052967071533e-02
-5.850647762417793274e-02 -3.036579489707946777e-01
1.611657142639160156e+00 1.467078924179077148e+00
-3.273575305938720703e-01 1.420212239027023315e-01
-5.062995553016662598e-01 -4.293110072612762451e-01
-3.013543486595153809e-01 1.507766127586364746e+00
1.820346117019653320e+00 3.079020380973815918e-01
7.395178675651550293e-01 1.841531246900558472e-01
6.766113042831420898e-01 -3.682042658329010010e-01
1.438656210899353027e+00 -1.439459443092346191e+00
-3.925830125808715820e-01 -5.122114419937133789e-01
-9.559819698333740234e-01 1.061589717864990234e-01
-1.648952007293701172e+00 -9.988220334053039551e-01
-1.554024219512939453e+00 -1.237016439437866211e+00
-1.089910864830017090e+00 -2.407487630844116211e+00
1.437608242034912109e+00 1.560394406318664551e+00
8.115482330322265625e-01 3.275187611579895020e-01
2.366982400417327881e-01 8.726015090942382812e-01
-6.698983311653137207e-01 4.749068915843963623e-01
-2.787358760833740234e-01 -1.160825863480567932e-01
-1.643699035048484802e-02 -6.778894066810607910e-01
1.034303903579711914e+00 2.044987380504608154e-01
-6.137490272521972656e-01 8.621411323547363281e-01
2.575832128524780273e+00 8.766257166862487793e-01
-1.017112612724304199e+00 6.002518534660339355e-01
1.275183200836181641e+00 -4.130630195140838623e-01
6.603218317031860352e-01 6.506850719451904297e-01
-7.315027117729187012e-01 7.052530646324157715e-01
7.104066014289855957e-01 8.670619130134582520e-01
-4.278469979763031006e-01 9.375864267349243164e-01
-2.101299524307250977e+00 6.862141489982604980e-01
-8.974225074052810669e-02 2.160801589488983154e-01
1.570055246353149414e+00 -6.985402107238769531e-01
1.497016072273254395e+00 -8.270591497421264648e-01
1.114508032798767090e+00 -9.134718775749206543e-01
-1.114248275756835938e+00 9.337729811668395996e-01
1.053722620010375977e+00 -7.040759921073913574e-01
1.310657709836959839e-01 7.151261568069458008e-01
1.251774787902832031e+00 3.024056255817413330e-01
-8.005917072296142578e-02 8.616718053817749023e-01
-8.985882997512817383e-01 -4.674042463302612305e-01
1.151941537857055664e+00 2.032044343650341034e-02
8.092552423477172852e-01 -1.931854128837585449e+00
4.879166781902313232e-01 -1.380684077739715576e-01
-4.910085350275039673e-02 1.120898723602294922e+00
7.636365294456481934e-01 -9.775149226188659668e-01
1.849035859107971191e+00 1.476064443588256836e+00
-7.052938342094421387e-01 5.232231020927429199e-01
-1.500706374645233154e-01 -8.859690427780151367e-01
-1.572513580322265625e-01 2.474471181631088257e-01
-1.452943801879882812e+00 -8.133754134178161621e-01
8.738451600074768066e-01 -9.310848116874694824e-01
1.518230795860290527e+00 4.048469662666320801e-01
-8.386938273906707764e-02 -7.673412561416625977e-01
-1.321107029914855957e+00 -1.041512012481689453e+00
-2.006465196609497070e-01 5.529155135154724121e-01
1.562664866447448730e+00 8.627229183912277222e-02
-1.257560729980468750e+00 -8.551808595657348633e-01
2.817869186401367188e+00 5.070185065269470215e-01
-1.701725423336029053e-01 3.952173292636871338e-01
2.583200633525848389e-01 1.114199385046958923e-01
7.823333740234375000e-01 7.973981499671936035e-01
-1.220233559608459473e+00 1.478963941335678101e-01
1.141595005989074707e+00 -1.126050949096679688e+00
8.133367300033569336e-01 -8.984900712966918945e-01
7.423269096761941910e-03 -9.541443586349487305e-01
-7.847288250923156738e-01 3.131492733955383301e-01
-2.197264134883880615e-01 1.460023164749145508e+00
-6.840465068817138672e-01 4.142310023307800293e-01
3.837253153324127197e-01 5.984227061271667480e-01
-4.172167181968688965e-01 -1.095102429389953613e+00
-1.412016987800598145e+00 1.199939846992492676e-01
1.839532494544982910e+00 -5.892323851585388184e-01
-1.711087465286254883e+00 8.080419152975082397e-02
7.609466910362243652e-01 -1.096502065658569336e+00
8.526276946067810059e-01 1.577944278717041016e+00
1.628576517105102539e+00 4.326573014259338379e-02
-3.847479522228240967e-01 7.861128449440002441e-01
-1.957539081573486328e+00 -1.038772344589233398e+00
-1.219598889350891113e+00 3.348773345351219177e-02
-6.666653156280517578e-01 3.750529885292053223e-01
-1.323953628540039062e+00 3.893712162971496582e-01
1.175278067588806152e+00 1.009603977203369141e+00
5.831780433654785156e-01 -5.247842147946357727e-02
-2.683423757553100586e+00 1.229823589324951172e+00
-9.885344505310058594e-01 3.934905827045440674e-01
1.259087085723876953e+00 6.567322611808776855e-01
-7.956376671791076660e-01 -1.907749056816101074e+00
8.994840979576110840e-01 -7.997802495956420898e-01
9.307317137718200684e-01 -1.140362694859504700e-01
-1.662546038627624512e+00 3.919984698295593262e-01
7.759251594543457031e-01 9.277787804603576660e-01
-3.173628449440002441e-02 3.046097466722130775e-03
5.774279236793518066e-01 -1.350250601768493652e+00
-1.278178691864013672e-01 -1.527225375175476074e+00
2.600967884063720703e+00 -1.347462087869644165e-01
1.271231889724731445e+00 5.642282962799072266e-01
-6.730965375900268555e-01 1.981863617897033691e+00
5.642988085746765137e-01 7.212983965873718262e-01
-8.631654381752014160e-01 1.460912227630615234e+00
1.146219596266746521e-01 -8.834178447723388672e-01
-9.846937060356140137e-01 -7.587807178497314453e-01
-1.164217889308929443e-01 -1.081265807151794434e+00
-9.115811586380004883e-01 2.095714956521987915e-01
-7.222490906715393066e-01 8.046820759773254395e-01
-1.173158407211303711e+00 1.976226449012756348e+00
-1.368378758430480957e+00 -1.455716133117675781e+00
-9.415133595466613770e-01 1.964964270591735840e+00
-8.296265602111816406e-01 -1.941324830055236816e+00
-1.539177894592285156e+00 7.722554802894592285e-01
1.627753138542175293e+00 1.095813736319541931e-01
-1.159616470336914062e+00 -8.303349614143371582e-01
-7.259763479232788086e-01 -7.675429582595825195e-01
6.440275907516479492e-01 -1.668980121612548828e-01
-3.335042297840118408e-01 3.139316802844405174e-03
-1.278229832649230957e+00 -2.412937432527542114e-01
3.686953336000442505e-02 1.271329045295715332e+00
1.635413289070129395e+00 1.508526783436536789e-02
-2.067702054977416992e+00 5.451693534851074219e-01
-1.264674305915832520e+00 -1.328858613967895508e+00
-5.038371682167053223e-01 9.862890243530273438e-01
-2.715729773044586182e-01 5.884025692939758301e-01
-6.231002211570739746e-01 -8.533712476491928101e-02
1.333822458982467651e-01 -3.245899677276611328e-01
-8.482790589332580566e-01 -3.564050197601318359e-01
-1.681529283523559570e+00 1.469817876815795898e+00
-8.509351611137390137e-01 -2.570539474487304688e+00
1.057416558265686035e+00 1.307902693748474121e+00
-2.846863307058811188e-02 8.155960440635681152e-01
-2.568378746509552002e-01 1.327522754669189453e+00
-1.947277039289474487e-01 -2.666161060333251953e-01
8.086000680923461914e-01 -1.166390538215637207e+00
-1.272638797760009766e+00 -3.176817670464515686e-02
1.082719683647155762e+00 -8.277400135993957520e-01
-5.043318271636962891e-01 4.368493258953094482e-01
-5.198416113853454590e-01 5.930904746055603027e-01
1.711015254259109497e-01 -1.131945013999938965e+00
-1.709484159946441650e-01 -4.469893276691436768e-01
-8.653443455696105957e-01 -1.464259624481201172e-01
-9.928215742111206055e-01 -1.245739102363586426e+00
6.779704689979553223e-01 -2.657430469989776611e-01
1.298354566097259521e-01 -8.343911767005920410e-01
-7.021642923355102539e-01 -1.517848134040832520e+00
3.882886767387390137e-01 -6.070321798324584961e-02
-1.070804953575134277e+00 -2.836244106292724609e-01
-3.177631273865699768e-02 -5.875768065452575684e-01
-1.247407197952270508e-01 -7.850889563560485840e-01
-1.329461038112640381e-01 1.193123102188110352e+00
1.295280605554580688e-01 6.623057723045349121e-01
-7.314812391996383667e-02 -1.427916526794433594e+00
-2.454736948013305664e+00 8.697143793106079102e-01
1.351053357124328613e+00 1.041369318962097168e+00
1.505952477455139160e+00 -3.190154731273651123e-01
-4.477610290050506592e-01 1.600425094366073608e-01
-1.209557652473449707e+00 8.308677375316619873e-02
1.288643598556518555e+00 -7.450339198112487793e-02
-2.527184039354324341e-02 6.873348355293273926e-01
-9.910476803779602051e-01 -5.775161981582641602e-01
-1.713584661483764648e-01 -3.341208696365356445e-01
-1.334556639194488525e-01 1.871872067451477051e+00
2.360234260559082031e+00 4.320036172866821289e-01
7.588946819305419922e-01 5.265330672264099121e-01
-3.561887145042419434e-01 1.119258880615234375e+00
6.135395765304565430e-01 4.974177572876214981e-03
-2.812270522117614746e-01 -7.605976462364196777e-01
-5.449370741844177246e-01 1.002510547637939453e+00
-2.278525233268737793e-01 2.397844195365905762e-01
-8.691578507423400879e-01 1.147469520568847656e+00
1.964907944202423096e-01 -8.816297650337219238e-01
1.052770495414733887e+00 -1.155353069305419922e+00
1.159791231155395508e+00 1.202211715281009674e-02
6.919022202491760254e-01 1.888326883316040039e+00
-3.241684734821319580e-01 -2.727702856063842773e-01
-5.667336583137512207e-01 -1.162629127502441406e+00
-6.935030221939086914e-01 1.267836809158325195e+00
4.407674968242645264e-01 -1.204331740736961365e-01
2.506780326366424561e-01 5.411319136619567871e-01
-1.123916864395141602e+00 -2.418897449970245361e-01
-3.891931772232055664e-01 2.695946395397186279e-01
-1.621604442596435547e+00 9.384616613388061523e-01
-7.497189640998840332e-01 1.820494174957275391e+00
1.118897914886474609e+00 -1.681894063949584961e+00
-2.630277574062347412e-01 -4.629873633384704590e-01
1.876748055219650269e-01 -3.269260004162788391e-02
1.148029565811157227e+00 1.088671684265136719e+00
1.704736590385437012e+00 -1.970879137516021729e-01
2.554778456687927246e-01 -1.264271497726440430e+00
4.389038980007171631e-01 5.101345777511596680e-01
9.422528147697448730e-01 -9.221213459968566895e-01
1.097429156303405762e+00 3.676189482212066650e-01
-1.128333061933517456e-01 4.746005237102508545e-01
-9.314850568771362305e-01 -1.319218754768371582e+00
9.356533885002136230e-01 6.090472452342510223e-03
1.932036131620407104e-02 1.568499803543090820e+00
-8.830721974372863770e-01 -5.318916440010070801e-01
-2.769927084445953369e-01 9.602066874504089355e-02
-1.669549643993377686e-01 -5.453269481658935547e-01
7.659108042716979980e-01 4.237853884696960449e-01
-2.676206529140472412e-01 1.140958309173583984e+00
-8.984588980674743652e-01 1.290018558502197266e+00
1.022726655006408691e+00 2.579565048217773438e-01
-5.210807919502258301e-01 -7.986735701560974121e-01
-1.221669390797615051e-01 1.687650978565216064e-01
1.519718408584594727e+00 5.247690081596374512e-01
-7.441601157188415527e-01 -1.208927512168884277e+00
1.201509833335876465e+00 4.428493380546569824e-01
8.300706148147583008e-01 7.244939208030700684e-01
-1.383341073989868164e+00 -4.811365902423858643e-01
-5.156545042991638184e-01 -2.682422161102294922e+00
-1.958891391754150391e+00 1.206580877304077148e+00
4.153066873550415039e-01 6.475116014480590820e-01
-1.239542439579963684e-01 4.151295423507690430e-01
-4.538986980915069580e-01 -1.177266716957092285e+00
8.204206228256225586e-01 -1.130115985870361328e+00
-9.623733162879943848e-01 -7.535506486892700195e-01
4.450134336948394775e-01 -1.735707044601440430e+00
8.953497409820556641e-01 1.556732654571533203e+00
1.048818469047546387e+00 -2.274771034717559814e-01
1.419757008552551270e+00 -4.130841791629791260e-01
4.074143767356872559e-01 7.622889876365661621e-01
-3.296422362327575684e-01 -6.258553266525268555e-01
-1.029510021209716797e+00 -8.042804896831512451e-02
-9.117704033851623535e-01 -1.520315170288085938e+00
1.935337185859680176e-01 -1.369923800230026245e-01
1.681121885776519775e-01 1.524627208709716797e+00
5.621223524212837219e-02 -5.732725188136100769e-02
1.114108681678771973e+00 1.590812087059020996e+00
-5.303545594215393066e-01 -1.042705178260803223e+00
1.562899053096771240e-01 4.073260128498077393e-01
-1.945278644561767578e+00 1.106901764869689941e+00
-6.304035186767578125e-01 8.712036609649658203e-01
-5.661832690238952637e-01 4.225400090217590332e-01
-1.607153415679931641e+00 -7.570762038230895996e-01
-2.777652442455291748e-01 -1.686827421188354492e+00
-7.608499526977539062e-01 -6.637613475322723389e-02
-8.506275415420532227e-01 -1.573628664016723633e+00
-6.089922785758972168e-01 1.346695065498352051e+00
4.090499579906463623e-01 -1.059819817543029785e+00
-1.590150147676467896e-01 -1.114683389663696289e+00
7.331641316413879395e-01 -1.394802927970886230e+00
-8.455982804298400879e-01 -6.309749484062194824e-01
-7.146049737930297852e-01 -9.430007934570312500e-01
8.046166300773620605e-01 5.056868195533752441e-01
-1.278211951255798340e+00 1.020760536193847656e-01
3.288010358810424805e-01 -3.749798238277435303e-01
-6.934503912925720215e-01 -1.891664028167724609e+00
-3.127087056636810303e-01 -3.567191660404205322e-01
-1.765725463628768921e-01 -1.108325242996215820e+00
2.013500481843948364e-01 8.042676448822021484e-01
1.403049588203430176e+00 -1.894356966018676758e+00
-6.716967225074768066e-01 -4.696261882781982422e-01
1.711876630783081055e+00 9.312223792076110840e-01
6.304556727409362793e-01 -1.384177803993225098e+00
-2.807818949222564697e-01 7.729914784431457520e-01
5.712513327598571777e-01 -6.732746213674545288e-02
1.341345310211181641e+00 7.868693470954895020e-01
5.528693795204162598e-01 -4.667030572891235352e-01
9.021992236375808716e-02 -1.092490792274475098e+00
5.044144988059997559e-01 -9.526498317718505859e-01
1.638967752456665039e+00 2.924214005470275879e-01
-1.775044798851013184e+00 1.305557370185852051e+00
6.079640984535217285e-01 2.216106414794921875e+00
1.108073353767395020e+00 5.734668374061584473e-01
-8.397535681724548340e-01 -1.770758509635925293e+00
1.574504017829895020e+00 8.036223649978637695e-01
-5.847303271293640137e-01 -1.514336317777633667e-01
-4.411901533603668213e-02 -6.381780505180358887e-01
-1.167957782745361328e+00 1.416903018951416016e+00
-3.793335556983947754e-01 -1.214128583669662476e-01
-6.403384208679199219e-01 4.347395598888397217e-01
6.722453832626342773e-01 -2.249127328395843506e-01
6.423138380050659180e-01 4.698690772056579590e-01
7.064463496208190918e-01 9.701820611953735352e-01
7.635242342948913574e-01 1.073563992977142334e-01
-4.968437552452087402e-01 -2.350005865097045898e+00
4.468524456024169922e-01 2.285573959350585938e+00
-1.024247050285339355e+00 9.048413485288619995e-02
-2.505613803863525391e+00 2.017134428024291992e+00
-4.160590469837188721e-01 2.482300698757171631e-01
1.843463927507400513e-01 -2.156762033700942993e-01
-6.110246106982231140e-02 7.559584975242614746e-01
-6.149316430091857910e-01 5.406225472688674927e-02
-6.326453089714050293e-01 -5.598651766777038574e-01
2.694186568260192871e-01 -2.031768798828125000e+00
1.025799870491027832e+00 -9.572438001632690430e-01
-3.346473276615142822e-01 1.467234492301940918e-01
6.008887290954589844e-01 7.652508020401000977e-01
1.602990150451660156e+00 -4.793964326381683350e-02
-7.971622049808502197e-02 1.239759251475334167e-01
-5.639603137969970703e-01 1.124329447746276855e+00
8.658775687217712402e-02 1.597775936126708984e+00
3.012217879295349121e-01 -7.043250799179077148e-01
3.343005776405334473e-01 -7.976288795471191406e-01
1.583032488822937012e+00 -6.887622475624084473e-01
4.094679951667785645e-01 -1.338368207216262817e-01
-2.075080871582031250e+00 4.463292956352233887e-01
-6.998419016599655151e-02 -3.679937869310379028e-02
5.234628915786743164e-01 2.057644844055175781e+00
3.280579447746276855e-01 3.678006529808044434e-01
2.988714575767517090e-01 -1.727465391159057617e-01
-3.960409760475158691e-01 6.307980418205261230e-02
-1.150991320610046387e+00 -1.061169058084487915e-01
1.123388767242431641e+00 -6.616671085357666016e-01
-1.205468893051147461e+00 -1.121677637100219727e+00
6.577908992767333984e-01 -1.188759922981262207e+00
1.291970014572143555e+00 -2.909955680370330811e-01
-7.965948581695556641e-01 -1.099279522895812988e+00
2.948866039514541626e-02 1.785621404647827148e+00
-1.060183525085449219e+00 -1.700328290462493896e-01
-9.070329666137695312e-01 -5.824392437934875488e-01
4.725784659385681152e-01 1.032698154449462891e+00
9.237571954727172852e-01 1.059560894966125488e+00
-7.037057876586914062e-01 -2.921606600284576416e-01
-5.182062387466430664e-01 -6.067719683051109314e-02
-8.114719986915588379e-01 -2.294353544712066650e-01
-8.474318385124206543e-01 -2.258223444223403931e-01
4.643995761871337891e-01 5.567067861557006836e-01
4.928515851497650146e-01 9.898644685745239258e-01
-1.774812340736389160e+00 -1.031110167503356934e+00
-6.649495363235473633e-01 8.809340596199035645e-01
1.182277202606201172e-01 -4.491660296916961670e-01
6.928756237030029297e-01 1.986685752868652344e+00
-3.939673006534576416e-01 -5.543282032012939453e-01
-3.954061567783355713e-01 1.151146054267883301e+00
-6.975218057632446289e-01 1.845201402902603149e-01
-7.149392366409301758e-01 4.185460209846496582e-01
3.023289144039154053e-01 4.318095371127128601e-02
1.022521615028381348e+00 -1.274864554405212402e+00
3.014795780181884766e-01 -1.897151768207550049e-01
-7.103648185729980469e-01 -8.339058607816696167e-03
-3.746816217899322510e-01 -7.153874635696411133e-01
1.160909608006477356e-01 -3.683333098888397217e-01
-6.856632828712463379e-01 -2.420000433921813965e-01
-5.847019553184509277e-01 -1.164702296257019043e+00
3.668199777603149414e-01 1.714628696441650391e+00
-6.563420891761779785e-01 1.593620777130126953e-01
-9.064137935638427734e-01 -2.855716645717620850e-01
9.250135421752929688e-01 4.517717063426971436e-01
-1.459011137485504150e-01 1.447664737701416016e+00
-1.654417753219604492e+00 -1.042431712150573730e+00
-9.261822104454040527e-01 1.042438205331563950e-03
1.783980369567871094e+00 -2.968612611293792725e-01
-1.047963380813598633e+00 -4.057048261165618896e-01
9.072617292404174805e-01 1.448443382978439331e-01
4.033810198307037354e-01 7.716272026300430298e-02
-1.457687616348266602e+00 -7.969601154327392578e-01
1.208297967910766602e+00 1.007635354995727539e+00
8.158441781997680664e-01 -5.025862455368041992e-01
-4.696539044380187988e-02 1.091458797454833984e-01
1.874911546707153320e+00 1.661039233207702637e+00
6.243618205189704895e-02 7.622512578964233398e-01
-2.349432706832885742e+00 -7.922226786613464355e-01
-5.440258421003818512e-03 -5.743215680122375488e-01
-3.188925385475158691e-01 3.578263521194458008e-02
1.100916624069213867e+00 1.842478364706039429e-01
5.454396605491638184e-01 -1.780833244323730469e+00
1.184751391410827637e+00 3.191092014312744141e-01
2.160583138465881348e-01 1.108129620552062988e+00
-9.883524775505065918e-01 1.432217955589294434e+00
-2.209266424179077148e+00 -5.052637457847595215e-01
-6.591618806123733521e-02 2.860245406627655029e-01
-4.326762259006500244e-01 6.206020116806030273e-01
6.425879001617431641e-01 1.524518132209777832e+00
-1.407034754753112793e+00 1.709300994873046875e+00
1.347324371337890625e+00 -8.398705720901489258e-01
-1.891897439956665039e+00 -1.636095792055130005e-01
1.650452986359596252e-02 6.333591938018798828e-01
1.492201089859008789e-01 1.463634014129638672e+00
-4.463032260537147522e-02 -7.305319905281066895e-01
1.713123917579650879e+00 -5.808438733220100403e-02
6.372944116592407227e-01 -9.941952675580978394e-02
-8.118646591901779175e-02 1.794834434986114502e-01
1.876463413238525391e+00 -1.763783216476440430e+00
-6.408333182334899902e-01 1.313132524490356445e+00
-3.395136818289756775e-02 3.733636438846588135e-01
-1.161075115203857422e+00 4.849732220172882080e-01
3.636230230331420898e-01 1.311076581478118896e-01
-4.469706714153289795e-01 -8.862325549125671387e-01
1.627462655305862427e-01 -7.260473817586898804e-02
-1.351314067840576172e+00 -2.622426748275756836e-01
1.046702563762664795e-01 6.127861142158508301e-01
-1.465522408485412598e+00 -8.936425447463989258e-01
5.940371155738830566e-01 1.263874173164367676e+00
2.690898180007934570e-01 7.526271790266036987e-02
-1.209037542343139648e+00 -2.181998640298843384e-01
-9.665840864181518555e-01 7.360473275184631348e-01
6.345286965370178223e-01 -8.290620446205139160e-01
-2.460683435201644897e-01 6.701586246490478516e-01
2.834601998329162598e-01 1.088730573654174805e+00
5.296279191970825195e-01 -1.281273603439331055e+00
-8.739324808120727539e-01 -8.374918699264526367e-01
6.648230552673339844e-01 8.602178096771240234e-01
-4.342509806156158447e-01 -6.276164054870605469e-01
-3.189218640327453613e-01 -8.798449635505676270e-01
1.419684529304504395e+00 -1.101800426840782166e-01
-5.469834804534912109e-01 3.955254554748535156e-01
7.636418342590332031e-01 -6.491681337356567383e-01
-1.284908652305603027e-01 -1.241535782814025879e+00
1.337324976921081543e+00 8.118197321891784668e-01
4.283723533153533936e-01 2.716952562332153320e-01
1.552317738533020020e+00 4.535582065582275391e-01
6.008862257003784180e-01 -2.174950987100601196e-01
6.396139860153198242e-01 1.571939945220947266e+00
-4.983977675437927246e-01 1.841927766799926758e+00
2.718851089477539062e+00 -4.627693593502044678e-01
9.894383139908313751e-03 1.823698580265045166e-01
-1.459889769554138184e+00 -2.133602499961853027e-01
1.384277701377868652e+00 -2.838648080825805664e+00
-1.070853471755981445e+00 -3.484111130237579346e-01
-1.704100251197814941e+00 -6.445668935775756836e-01
1.132504940032958984e+00 1.140386343002319336e+00
1.881702184677124023e+00 -4.970221519470214844e-01
-5.148082971572875977e-01 7.248414158821105957e-01
-1.504514098167419434e+00 7.488914728164672852e-01
5.851600170135498047e-01 2.982416450977325439e-01
-8.134394884109497070e-01 4.309813380241394043e-01
-1.093633770942687988e+00 -3.844380006194114685e-02
2.731905460357666016e+00 -2.869603633880615234e-01
9.694293141365051270e-01 -8.397365212440490723e-01
2.599209308624267578e+00 6.816511750221252441e-01
2.157709360122680664e+00 3.026695251464843750e-01
6.700770258903503418e-01 6.021353602409362793e-01
-6.942756474018096924e-02 1.707756072282791138e-01
-5.181454494595527649e-02 1.299423724412918091e-01
1.625681668519973755e-02 -1.490050077438354492e+00
-4.274050593376159668e-01 -1.011644601821899414e+00
6.852039694786071777e-01 1.142834186553955078e+00
3.314965963363647461e-02 1.931708753108978271e-01
-5.418105423450469971e-02 1.779728293418884277e+00
6.341331005096435547e-01 -1.811736106872558594e+00
4.903214275836944580e-01 8.163955211639404297e-01
-1.156169295310974121e+00 4.847913980484008789e-01
-1.634186208248138428e-01 -3.904797732830047607e-01
-3.502449989318847656e-01 4.407449960708618164e-01
-1.660256147384643555e+00 -9.601539373397827148e-02
1.845746517181396484e+00 1.776002049446105957e+00
3.928352892398834229e-01 1.292402148246765137e+00
5.013157725334167480e-01 1.340744137763977051e+00
-4.351862668991088867e-01 2.905542552471160889e-01
1.999232769012451172e+00 7.960734963417053223e-01
9.173080325126647949e-01 -2.027092501521110535e-02
-9.811945557594299316e-01 7.636218070983886719e-01
-1.073249243199825287e-02 1.054672837257385254e+00
-9.319566488265991211e-01 -1.549914240837097168e+00
3.461799025535583496e-01 1.851085722446441650e-01
-1.542434453964233398e+00 9.095863103866577148e-01
-5.949046015739440918e-01 8.073990046977996826e-02
-1.824146509170532227e+00 -1.046833157539367676e+00
1.087129592895507812e+00 -1.607897400856018066e+00
5.983846187591552734e-01 3.745467364788055420e-01
9.402982145547866821e-02 -2.163991928100585938e+00
-4.487857222557067871e-01 1.227798223495483398e+00
-5.391288995742797852e-01 2.139943122863769531e+00
-1.539325267076492310e-01 1.537957787513732910e+00
-2.021655321121215820e+00 1.284082531929016113e-01
8.652209639549255371e-01 -2.529552876949310303e-01
-2.747288346290588379e-01 -4.260484874248504639e-01
-8.985370993614196777e-01 1.454856634140014648e+00
-1.029494047164916992e+00 -4.954165965318679810e-02
-2.456285655498504639e-01 -7.851967215538024902e-01
-1.193172931671142578e+00 -5.967503786087036133e-02
3.034254908561706543e-01 -9.681695699691772461e-01
2.878801524639129639e-01 -5.785391926765441895e-01
1.954243898391723633e+00 4.319278895854949951e-02
-3.661586642265319824e-01 1.431634068489074707e+00
4.516954347491264343e-02 -5.551065206527709961e-01
1.066425163298845291e-02 -1.415200114250183105e+00
-2.851346135139465332e-01 -2.861803770065307617e+00
-1.915055513381958008e-01 6.051166057586669922e-01
1.222602486610412598e+00 -1.124249577522277832e+00
7.697909474372863770e-01 -9.027040004730224609e-01
-5.091448426246643066e-01 -7.883942127227783203e-01
-1.912509948015213013e-01 -2.169016361236572266e+00
4.487261921167373657e-02 9.955807328224182129e-01
-2.559338510036468506e-01 2.112185508012771606e-01
1.397949457168579102e+00 5.979865789413452148e-01
-9.084361195564270020e-01 -2.193085402250289917e-01
-2.958666086196899414e+00 -4.000594913959503174e-01
1.092122569680213928e-01 4.526973962783813477e-01
5.005510449409484863e-01 1.974883913993835449e+00
-3.236537054181098938e-02 8.500642776489257812e-01
4.219467341899871826e-01 6.305565237998962402e-01
1.375014483928680420e-01 4.864535033702850342e-01
1.055452466011047363e+00 6.079321503639221191e-01
-3.317610323429107666e-01 8.081048727035522461e-03
-1.445496082305908203e-01 1.334754228591918945e+00
-1.881999373435974121e+00 8.150677680969238281e-01
-1.915145874023437500e+00 6.418206095695495605e-01
8.443928360939025879e-01 -7.693020105361938477e-01
9.084244817495346069e-02 4.237523674964904785e-01
-1.342327117919921875e+00 -6.498231887817382812e-01
-7.267484068870544434e-01 1.360897421836853027e+00
-6.967052817344665527e-01 1.580877304077148438e+00
-1.642102360725402832e+00 -1.002707257866859436e-01
7.218878865242004395e-01 -1.888937830924987793e+00
1.729190468788146973e+00 4.875147342681884766e-01
7.404889464378356934e-01 6.422215104103088379e-01
-1.407407879829406738e+00 -1.807039976119995117e-01
-3.607500493526458740e-01 -2.219088226556777954e-01
-1.229613065719604492e+00 8.819518238306045532e-02
1.272829055786132812e+00 8.495627045631408691e-01
-1.403660416603088379e+00 -1.122986227273941040e-01
-1.823139041662216187e-01 7.724552750587463379e-01
4.271771013736724854e-01 1.304442644119262695e+00
-3.979834318161010742e-01 -6.751623749732971191e-02
6.490884423255920410e-01 -9.764994978904724121e-01
-1.156393170356750488e+00 -6.473020911216735840e-01
-1.287980198860168457e+00 -1.666949838399887085e-01
-8.539472222328186035e-01 -9.128248095512390137e-01
1.881616190075874329e-02 -2.704377472400665283e-01
-1.386670947074890137e+00 -1.406914234161376953e+00
-2.416049875319004059e-02 9.471091628074645996e-01
-6.434587296098470688e-03 1.818196773529052734e-01
3.399025797843933105e-01 -5.980671048164367676e-01
-9.210095405578613281e-01 -2.228204011917114258e+00
8.276502490043640137e-01 1.273421406745910645e+00
1.244485601782798767e-01 -7.813318073749542236e-02
-1.163455128669738770e+00 9.728149175643920898e-01
4.694228768348693848e-01 1.021195173263549805e+00
2.517766356468200684e-01 -4.825998842716217041e-02
-6.213959455490112305e-01 1.033107042312622070e+00
-4.726156592369079590e-01 4.427256286144256592e-01
-8.331737518310546875e-01 1.620693325996398926e+00
-4.612493813037872314e-01 -2.790032625198364258e-01
6.038148403167724609e-01 1.342912673950195312e+00
-1.634859442710876465e+00 1.101290941238403320e+00
3.914387226104736328e-01 4.023515284061431885e-01
-5.551559925079345703e-01 -1.403262495994567871e+00
1.350797772407531738e+00 9.507456421852111816e-01
-1.255301572382450104e-02 -1.625374406576156616e-01
7.843965291976928711e-02 4.455351233482360840e-01
-1.315857529640197754e+00 8.028136491775512695e-01
5.315046906471252441e-01 -8.596780896186828613e-01
-9.460579156875610352e-01 -2.819278538227081299e-01
-5.558702349662780762e-01 1.159595251083374023e+00
7.992998361587524414e-01 4.803913831710815430e-01
-1.571342468261718750e+00 -2.017349302768707275e-01
2.769772112369537354e-01 -1.824397087097167969e+00
-4.933672249317169189e-01 -2.844618260860443115e-01
-1.124006628990173340e+00 -2.480260729789733887e-01
-4.461809098720550537e-01 -6.265318393707275391e-02
-2.114504814147949219e+00 -2.229554802179336548e-01
1.005598306655883789e-01 2.312242835760116577e-01
-8.434078097343444824e-01 2.057265341281890869e-01
-2.201343774795532227e-01 1.005487889051437378e-01
-7.618873715400695801e-01 -1.164441823959350586e+00
-5.542488098144531250e-01 2.984238564968109131e-01
2.204322338104248047e+00 3.091387152671813965e-01
-2.228747606277465820e+00 -6.843212246894836426e-02
7.678794264793395996e-01 -8.755852580070495605e-01
-1.202500820159912109e+00 6.807593703269958496e-01
3.745287954807281494e-01 7.786244153976440430e-01
-1.452385038137435913e-01 -1.229278922080993652e+00
-6.551906466484069824e-01 5.943427085876464844e-01
-8.336589336395263672e-01 1.739415049552917480e+00
-3.948509097099304199e-01 1.834797412157058716e-01
-5.723199844360351562e-01 -7.888857722282409668e-01
6.573143601417541504e-02 -1.409357786178588867e+00
-6.034689545631408691e-01 1.141803264617919922e+00
-3.843253552913665771e-01 -6.175141334533691406e-01
-1.779895067214965820e+00 -1.654016077518463135e-01
-5.503251031041145325e-02 -3.340820968151092529e-01
2.069932594895362854e-02 -5.938631296157836914e-01
-7.658889889717102051e-02 4.053685441613197327e-02
2.119429409503936768e-01 -5.173100829124450684e-01
4.845594465732574463e-01 -7.540769875049591064e-02
7.012482285499572754e-01 2.549026012420654297e-01
-5.658074021339416504e-01 -5.701500773429870605e-01
-1.839658617973327637e+00 1.482217907905578613e+00
-1.122252106666564941e+00 -5.523219704627990723e-01
4.910959899425506592e-01 -5.830130577087402344e-01
-2.064010143280029297e+00 -1.002351522445678711e+00
-5.710614323616027832e-01 4.123096466064453125e-01
-7.318871021270751953e-01 -2.189714908599853516e-01
6.695865839719772339e-02 -1.016765356063842773e+00
9.386479109525680542e-02 -2.951488494873046875e-01
3.694548606872558594e-01 -1.521513342857360840e+00
-9.423187971115112305e-01 -1.005151748657226562e+00
-3.171504437923431396e-01 9.532097578048706055e-01
1.594738811254501343e-01 -4.126957654953002930e-01
-3.676956892013549805e-01 1.094443053007125854e-01
1.804785609245300293e+00 5.238061398267745972e-02
-8.790285587310791016e-01 4.786029458045959473e-01
-9.498448967933654785e-01 2.701798975467681885e-01
-3.844320476055145264e-01 2.215372085571289062e+00
-3.989150524139404297e-01 7.588996291160583496e-01
8.881262540817260742e-01 -1.244937896728515625e+00
-1.132456898689270020e+00 -1.246701598167419434e+00
-6.668719649314880371e-01 6.007859706878662109e-01
-6.269505023956298828e-01 4.118088781833648682e-01
-8.619775176048278809e-01 -4.235601723194122314e-01
-6.649807095527648926e-01 -2.229557275772094727e+00
1.152038499712944031e-01 -1.178422689437866211e+00
-1.334959745407104492e+00 8.314848542213439941e-01
3.038169145584106445e-01 1.218746781349182129e+00
-1.346891760826110840e+00 6.262524724006652832e-01
2.515636086463928223e-01 1.135171890258789062e+00
5.122443437576293945e-01 -2.956328094005584717e-01
-7.978054881095886230e-01 5.239288508892059326e-02
-1.792400926351547241e-01 -1.244731068611145020e+00
7.871476411819458008e-01 1.276794552803039551e+00
-4.349335730075836182e-01 1.093013882637023926e+00
8.092937469482421875e-01 -6.794760823249816895e-01
-3.851723372936248779e-01 1.588129043579101562e+00
5.425615310668945312e-01 -4.889299571514129639e-01
6.189047098159790039e-01 8.976821303367614746e-01
1.349160432815551758e+00 3.210606276988983154e-01
-1.565850615501403809e+00 1.015182495117187500e+00
-6.027731895446777344e-01 -1.168926954269409180e-01
1.451933026313781738e+00 1.891394108533859253e-01
-5.876105427742004395e-01 -6.952903866767883301e-01
4.948917031288146973e-01 -1.903112649917602539e+00
1.656840205192565918e+00 -6.745112538337707520e-01
-1.339449405670166016e+00 9.772344827651977539e-01
-1.159067273139953613e+00 1.072415709495544434e+00
-5.749119520187377930e-01 3.242416679859161377e-01
-1.247469663619995117e+00 -4.239886105060577393e-01
-1.606365323066711426e+00 -1.297264456748962402e+00
1.435498356819152832e+00 -2.146662712097167969e+00
1.342024922370910645e+00 -2.178348153829574585e-01
6.537557244300842285e-01 -1.114886045455932617e+00
2.445794939994812012e-01 9.001676440238952637e-01
-3.002894878387451172e+00 -2.031401246786117554e-01
-1.122707843780517578e+00 -1.589467763900756836e+00
-8.730873465538024902e-01 9.647256135940551758e-02
8.437365293502807617e-02 3.916331529617309570e-01
-4.213034212589263916e-01 8.993896842002868652e-01
1.489693671464920044e-01 -1.215929090976715088e-01
-3.533121347427368164e-01 4.253802001476287842e-01
2.510320842266082764e-01 1.259920597076416016e+00
1.106629133224487305e+00 -1.216322258114814758e-01
5.555441379547119141e-01 -5.639671683311462402e-01
1.221962928771972656e+00 5.193451046943664551e-01
1.481742382049560547e+00 -1.542469263076782227e-01
-6.600064039230346680e-01 6.177686452865600586e-01
1.131086111068725586e+00 -1.192099452018737793e+00
1.275825500488281250e+00 9.207159280776977539e-01
-1.646020263433456421e-02 1.518166899681091309e+00
-7.951872348785400391e-01 6.461811661720275879e-01
-6.914038658142089844e-01 -1.818328052759170532e-01
-3.219437301158905029e-01 1.370767802000045776e-01
-1.001268267631530762e+00 7.884913682937622070e-01
1.047585725784301758e+00 -2.729019224643707275e-01
1.365637063980102539e+00 1.578112483024597168e+00
6.676793098449707031e-01 1.485964953899383545e-01
-2.069197297096252441e-01 9.553281068801879883e-01
7.347739338874816895e-01 -1.364687323570251465e+00
-3.111002743244171143e-01 3.379929065704345703e-01
1.366596817970275879e+00 -2.906304001808166504e-01
-5.677573680877685547e-01 1.225173234939575195e+00
-3.242155015468597412e-01 2.595053017139434814e-01
1.892239451408386230e-01 5.527774691581726074e-01
-7.716944217681884766e-01 -1.300009340047836304e-01
1.102274537086486816e+00 -2.485965192317962646e-01
7.865133285522460938e-01 2.953331232070922852e+00
7.356318831443786621e-01 -3.580072522163391113e-01
-4.868361353874206543e-01 -7.605232000350952148e-01
3.527677804231643677e-02 -5.768766999244689941e-01
-5.640444755554199219e-01 -5.063861608505249023e-01
3.773486316204071045e-01 2.202894687652587891e+00
1.167667388916015625e+00 1.258124947547912598e+00
3.397499024868011475e-01 -1.463909745216369629e-01
-2.063820600509643555e+00 3.014371916651725769e-02
-1.363233476877212524e-01 -2.607326805591583252e-01
3.511404693126678467e-01 -1.608948707580566406e+00
-2.194886468350887299e-02 -9.934528470039367676e-01
1.000247955322265625e+00 2.914995253086090088e-01
9.405879378318786621e-01 -1.276427865028381348e+00
9.028800725936889648e-01 -1.534267812967300415e-01
-1.064252734184265137e+00 -1.736095905303955078e+00
1.061284661293029785e+00 -7.107688188552856445e-01
1.844559669494628906e+00 1.092568874359130859e+00
1.387391090393066406e-01 -9.399672746658325195e-01
-7.079240083694458008e-01 1.853589534759521484e+00
-7.948772311210632324e-01 6.250486373901367188e-01
4.615810886025428772e-02 -1.044577956199645996e+00
-2.595769464969635010e-01 1.499969720840454102e+00
5.993372797966003418e-01 5.264333486557006836e-01
1.153836727142333984e+00 -1.560400247573852539e+00
2.091100931167602539e+00 -4.699826836585998535e-01
-2.464725017547607422e+00 -1.143320202827453613e+00
4.104574620723724365e-01 -1.244712114334106445e+00
1.991051912307739258e+00 -6.024161577224731445e-01
1.881673336029052734e-01 -1.403472125530242920e-01
7.779372334480285645e-01 -2.073288440704345703e+00
1.095790266990661621e+00 3.632393777370452881e-01
-1.412401437759399414e+00 5.050727725028991699e-01
3.102202713489532471e-01 -9.734814614057540894e-02
5.064178705215454102e-01 -1.818481922149658203e+00
-9.230788350105285645e-01 -2.526284456253051758e+00
2.230311632156372070e+00 -1.026067733764648438e+00
-3.307509899139404297e+00 5.899994969367980957e-01
-1.420962810516357422e+00 4.294717013835906982e-01
1.269365072250366211e+00 1.407414078712463379e+00
2.574284076690673828e-01 4.912827908992767334e-02
-1.393249392509460449e+00 9.329694509506225586e-02
-7.333043962717056274e-02 3.304718732833862305e-01
5.179725289344787598e-01 -7.768097519874572754e-01
9.594524651765823364e-02 -1.391544844955205917e-02
2.150834798812866211e+00 5.150463581085205078e-01
-9.354925155639648438e-01 1.163493394851684570e+00
3.209276795387268066e-01 -1.575848937034606934e+00
1.516524910926818848e+00 1.204101562500000000e+00
-5.985422730445861816e-01 2.236143499612808228e-01
3.110830783843994141e-01 6.841707825660705566e-01
1.973795592784881592e-01 -9.187291264533996582e-01
-1.242034792900085449e+00 -1.465771317481994629e+00
-7.560909986495971680e-01 -9.363121390342712402e-01
5.874768495559692383e-01 2.138893365859985352e+00
3.248608410358428955e-01 -8.883538246154785156e-01
-2.953165769577026367e-01 1.241763591766357422e+00
1.012895584106445312e+00 -5.254800245165824890e-02
-4.894801378250122070e-01 -1.372088313102722168e+00
1.000932455062866211e+00 -1.976652026176452637e+00
7.049661278724670410e-01 -1.154560685157775879e+00
-7.317331433296203613e-01 6.535726189613342285e-01
1.445726990699768066e+00 -1.310255408287048340e+00
1.165091753005981445e+00 4.935099482536315918e-01
-5.956295728683471680e-01 -1.069553852081298828e+00
-6.091398596763610840e-01 6.219392642378807068e-02
1.284847140312194824e+00 1.532276034355163574e+00
1.337139487266540527e+00 2.365430116653442383e+00
1.006309166550636292e-01 1.836244344711303711e+00
-8.155635595321655273e-01 4.526190161705017090e-01
8.692298084497451782e-02 -8.995285630226135254e-01
-1.980087012052536011e-01 2.315116405487060547e+00
-4.972380697727203369e-01 5.738338232040405273e-01
6.783987879753112793e-01 -3.247555494308471680e-01
-1.196011826395988464e-01 -1.365561842918395996e+00
7.203562855720520020e-01 3.258102238178253174e-01
-1.058347702026367188e+00 -4.753594398498535156e-01
8.833175897598266602e-01 6.434430480003356934e-01
1.051244735717773438e+00 -5.845107436180114746e-01
-9.085446000099182129e-01 -3.197566866874694824e-01
-6.716611236333847046e-02 1.164922490715980530e-02
8.365801572799682617e-01 -5.485582351684570312e-01
6.841457486152648926e-01 -5.238312855362892151e-02
-1.120721548795700073e-01 1.212092638015747070e+00
-6.308556199073791504e-01 -6.425797939300537109e-01
2.245187044143676758e+00 -7.170261740684509277e-01
-1.081103205680847168e+00 -8.770778179168701172e-01
-7.838478684425354004e-02 2.981879748404026031e-02
7.533357739448547363e-01 -1.094477176666259766e+00
-2.881179749965667725e-02 6.391404867172241211e-01
1.214731693267822266e+00 -5.557742714881896973e-01
-1.089195489883422852e+00 6.828488111495971680e-01
8.440291285514831543e-01 5.048699676990509033e-02
-7.058603167533874512e-01 9.344131350517272949e-01
1.940002799034118652e+00 1.083943605422973633e+00
2.640631675720214844e+00 -1.630471497774124146e-01
2.407320022583007812e+00 -1.321405410766601562e+00
-1.008123397827148438e+00 -2.867027521133422852e-01
-4.263038039207458496e-01 -6.174390763044357300e-02
3.500703573226928711e-01 1.623176783323287964e-01
-6.385208964347839355e-01 -5.181025266647338867e-01
1.720255255699157715e+00 -1.594569325447082520e+00
1.576619893312454224e-01 6.057012677192687988e-01
1.795618832111358643e-01 -4.779975116252899170e-01
-7.975282669067382812e-01 -2.602357566356658936e-01
-1.385896801948547363e+00 -1.004533648490905762e+00
2.452412843704223633e-01 5.589882731437683105e-01
-2.696069478988647461e-01 1.166170239448547363e+00
8.287966251373291016e-01 1.062184453010559082e+00
5.739704370498657227e-01 -3.085865080356597900e-01
8.618692755699157715e-01 -2.679574728012084961e+00
2.310481369495391846e-01 -8.292867541313171387e-01
-1.009799242019653320e+00 -5.016342997550964355e-01
5.371639132499694824e-01 1.029089450836181641e+00
1.795758157968521118e-01 -2.423035353422164917e-01
-1.201890945434570312e+00 -1.035722903907299042e-02
-2.083595275878906250e+00 5.791046023368835449e-01
-1.006847620010375977e+00 -6.155680748634040356e-04
-7.235245704650878906e-01 -1.978686004877090454e-01
-1.354546993970870972e-01 3.924020100384950638e-03
-1.939145922660827637e-01 -2.095120102167129517e-01
1.463968157768249512e-01 -1.800473183393478394e-01
9.481937289237976074e-01 8.441955447196960449e-01
-8.002190589904785156e-01 -1.633242130279541016e+00
-7.867577672004699707e-01 1.906083673238754272e-01
6.708409786224365234e-01 -1.356286644935607910e+00
-3.155827522277832031e-01 -4.444012343883514404e-01
-1.578210115432739258e+00 -1.183674693107604980e+00
-1.046641096472740173e-01 1.387141227722167969e+00
-7.135124206542968750e-01 -1.304982423782348633e+00
1.128943085670471191e+00 9.770460128784179688e-01
-3.376823425292968750e+00 -7.314091920852661133e-01
6.205191612243652344e-01 8.687734603881835938e-01
6.220642328262329102e-01 -8.192556351423263550e-02
-9.279787540435791016e-01 -1.063426971435546875e+00
2.372370243072509766e+00 -1.902022123336791992e+00
-9.067572355270385742e-01 2.009371966123580933e-01
-1.245967522263526917e-01 -9.235795140266418457e-01
8.840131014585494995e-02 -5.467761754989624023e-01
1.725968122482299805e+00 3.787546455860137939e-01
-5.579552054405212402e-01 1.298001527786254883e+00
-4.029494896531105042e-02 4.608151316642761230e-01
1.258646726608276367e+00 -3.621774613857269287e-01
4.595994949340820312e-01 3.114308118820190430e-01
5.527389645576477051e-01 1.210514783859252930e+00
-4.517917055636644363e-03 -9.528220891952514648e-01
2.498497962951660156e-01 -6.824071407318115234e-01
1.315966129302978516e+00 3.368332386016845703e-01
9.722149968147277832e-01 -3.992758393287658691e-01
-5.877718329429626465e-01 -8.291177749633789062e-01
-6.900522708892822266e-01 -3.583855330944061279e-01
9.688438773155212402e-01 -3.043649196624755859e-01
1.278388500213623047e-01 -1.292854249477386475e-01
-1.174881815910339355e+00 1.108552701771259308e-02
1.071355104446411133e+00 -5.492938160896301270e-01
-9.239670634269714355e-02 9.584205746650695801e-01
1.574146032333374023e+00 1.386673003435134888e-01
-6.154282391071319580e-02 -5.341225266456604004e-01
-6.943943500518798828e-01 4.148693978786468506e-01
1.557168960571289062e+00 -6.691244244575500488e-01
4.051451086997985840e-01 -7.233952283859252930e-01
1.246292233467102051e+00 8.413658738136291504e-01
-2.206714391708374023e+00 -3.417918086051940918e-01
-4.958969652652740479e-01 6.371940970420837402e-01
-1.202972769737243652e+00 -3.978717029094696045e-01
-1.180472731590270996e+00 3.925337269902229309e-02
-2.379368990659713745e-01 5.268809795379638672e-01
-1.223795413970947266e+00 5.772714018821716309e-01
-1.177546739578247070e+00 -1.647522687911987305e+00
-2.940745651721954346e-01 1.513808488845825195e+00
-1.037651658058166504e+00 9.191109240055084229e-02
6.077207922935485840e-01 -7.755974531173706055e-01
-1.142578244209289551e+00 -5.870312079787254333e-02
-4.038379490375518799e-01 2.047963440418243408e-01
-2.491130977869033813e-01 -2.356497943401336670e-01
7.190103530883789062e-01 2.771419286727905273e-01
-1.370466351509094238e+00 -3.990740478038787842e-01
-5.126709118485450745e-02 -5.954653024673461914e-01
-7.727485150098800659e-03 -1.197591900825500488e+00
4.900963008403778076e-01 1.258327066898345947e-01
1.726854443550109863e+00 -6.297103166580200195e-01
-1.024095058441162109e+00 -3.140652477741241455e-01
-1.396070122718811035e+00 -4.142634570598602295e-01
-1.705532193183898926e+00 2.477553784847259521e-01
-1.277206301689147949e+00 -1.061283469200134277e+00
-1.173162460327148438e+00 6.680569648742675781e-01
1.372549772262573242e+00 -1.520828008651733398e+00
1.827653408050537109e+00 -1.115767717361450195e+00
-1.472084641456604004e+00 -6.453666090965270996e-01
-4.226026237010955811e-01 -2.317371219396591187e-01
-5.710468888282775879e-01 -8.336527347564697266e-01
2.076673746109008789e+00 -1.352255940437316895e+00
4.902460053563117981e-02 -2.015804797410964966e-01
-1.377391576766967773e+00 1.785144209861755371e-01
1.331882178783416748e-01 -1.322965502738952637e+00
-4.333352744579315186e-01 -8.686150312423706055e-01
1.402514457702636719e+00 -9.625876694917678833e-02
8.481554388999938965e-01 1.907612942159175873e-02
-1.654309272766113281e+00 -1.478949069976806641e+00
9.499139785766601562e-01 2.326900720596313477e+00
-5.381149649620056152e-01 7.766930460929870605e-01
1.899839401245117188e+00 8.608013391494750977e-01
-6.961522251367568970e-02 -9.393606781959533691e-01
7.373748421669006348e-01 -1.561128020286560059e+00
-1.347684383392333984e+00 -4.776176810264587402e-02
6.512916088104248047e-01 -4.567053914070129395e-01
-9.895216822624206543e-01 7.684996724128723145e-01
9.696655273437500000e-01 1.834765821695327759e-02
-3.399164974689483643e-01 2.440480887889862061e-01
-1.223740935325622559e+00 -3.357772529125213623e-01
-2.895461022853851318e-01 -3.137656450271606445e-01
-8.595744371414184570e-01 1.032735109329223633e-01
3.409810662269592285e-01 3.505707681179046631e-01
-4.731003940105438232e-01 1.168704509735107422e+00
8.192717283964157104e-02 5.407249331474304199e-01
-1.210597395896911621e+00 7.996851205825805664e-01
-5.697709973901510239e-03 1.309689044952392578e+00
5.901935696601867676e-01 -2.806558907032012939e-01
1.399556636810302734e+00 -8.702214360237121582e-01
1.206562995910644531e+00 -2.630800604820251465e-01
1.503045111894607544e-01 5.810463801026344299e-02
7.471526861190795898e-01 -7.714604735374450684e-01
-1.330835938453674316e+00 8.097681999206542969e-01
-7.512852549552917480e-01 3.941241502761840820e-01
-9.891585707664489746e-01 2.378392517566680908e-01
-7.057626247406005859e-01 -1.374610811471939087e-01
1.137805223464965820e+00 7.994025945663452148e-01
-6.660398840904235840e-01 -6.815250515937805176e-01
9.301709532737731934e-01 -1.991998076438903809e+00
1.559623003005981445e+00 9.142459928989410400e-02
1.725676655769348145e-01 1.176287680864334106e-01
-3.869279623031616211e-01 -2.199249714612960815e-01
-2.764442861080169678e-01 8.935352414846420288e-02
-6.971403360366821289e-01 6.189350783824920654e-02
1.094083309173583984e+00 -6.034211814403533936e-02
-3.887598961591720581e-02 -3.772270679473876953e-01
4.368774294853210449e-01 -3.930027484893798828e-01
7.280753254890441895e-01 -4.228009879589080811e-01
-1.255096077919006348e+00 -2.654786407947540283e-01
-9.141576290130615234e-01 3.125827908515930176e-01
8.526995182037353516e-01 -4.533846378326416016e-01
3.805493712425231934e-01 -1.463732242584228516e+00
-5.045089721679687500e-01 1.134725332260131836e+00
-1.376765608787536621e+00 1.022904753684997559e+00
1.317554563283920288e-01 1.814856290817260742e+00
1.850221157073974609e-01 5.363445878028869629e-01
-7.743235826492309570e-01 -2.816637754440307617e-01
6.427015066146850586e-01 6.647514700889587402e-01
-8.615702390670776367e-01 -1.755461096763610840e+00
7.946877479553222656e-01 6.997963190078735352e-01
1.195674180984497070e+00 7.492448687553405762e-01
-8.697001934051513672e-01 -1.889857292175292969e+00
-3.382327258586883545e-01 2.066848240792751312e-02
-2.491356879472732544e-01 1.420889645814895630e-01
-7.205626964569091797e-01 3.028495311737060547e-01
-1.126404330134391785e-01 -1.042959213256835938e+00
1.926360130310058594e-01 4.119611978530883789e-01
8.185538649559020996e-01 -5.490679144859313965e-01
-1.135014176368713379e+00 -2.659662961959838867e-01
4.613901376724243164e-01 3.820715546607971191e-01
1.094407558441162109e+00 -1.739244580268859863e+00
1.190695285797119141e+00 -8.395167440176010132e-02
