-9.283073969809522152e-01 8.877558321536268560e-01 4.381793071111869109e-01
-1.679943154601163391e+00 4.858305288979790637e-01 4.121914629210849945e-01
-2.032674774769435810e+00 1.106323300758737249e-01 1.083047744341122831e+00
-8.010395725966051872e-01 6.489550958267331637e-01 2.041693966701690066e-01
-2.232331160335023768e-01 4.809800947583409148e-01 1.900330408955040740e-01
-1.791122579132375048e+00 4.410086008278168990e-01 -7.503431044585935628e-02
-4.370345232296939803e-02 -1.267700336139473138e-01 -2.100416450284256498e-01
-8.393100594456930352e-01 -2.036243216715902526e-01 2.041226398905268968e-01
-1.042402028333776931e+00 3.775339340410363564e-01 -3.350457301742482824e-02
-1.671069904033334774e+00 2.654592121077867795e-01 3.255701786476201121e-01
-7.555684872919744555e-01 -8.327277794013235868e-01 3.762956974662319820e-01
3.496541557744845541e-01 9.331876622262667009e-01 4.416630550940223721e-01
-8.568290190792116068e-01 7.156108309942629253e-01 -1.027523990634661849e-01
-9.336525120573321290e-01 4.666589270723899285e-01 -1.625510434084553868e-01
-5.680370519105085725e-01 2.944783290926486496e-01 6.986055882947617146e-02
-6.476283064277046364e-01 7.026876949128623151e-01 -2.671477629749907656e-02
-3.270802673210248535e-01 2.671900254571770716e-01 8.665381513645765976e-02
-7.406864385980728160e-01 -1.576050552222957035e-01 2.164420505525213312e-01
-4.410532130290551467e-01 -6.117947981907728705e-02 -2.187714209353873451e-01
-2.527188223637376607e-01 8.058326200946572815e-01 3.803889416819057345e-01
-6.951361390207297930e-01 -8.394031791672713905e-02 1.446922592847901257e-01
-1.456014426902568770e+00 -5.264734403615146663e-01 9.513618330867266160e-01
3.290380839742534924e-01 -8.969600653721598871e-01 -3.599324712979501406e-01
-7.312712885889838775e-03 -5.840969221976124448e-01 7.580905226964032573e-02
-6.356057354030086870e-01 1.690230670871871177e-01 -4.109432640882669796e-01
-8.457798876395786758e-01 -3.498269534927205271e-01 7.832343715815772711e-01
-4.579673664072634320e-01 7.242203773330878613e-01 -7.662433315404640899e-01
-2.456036535317757119e-01 7.368122933922465201e-01 -1.260096517367338409e+00
-1.870466589276894576e-01 -6.423863851949698778e-02 -6.471272438795010462e-01
-7.556858516459286079e-01 -4.129271843433704459e-01 -2.161025182454431315e-01
2.939601152030245634e-01 6.091450683520803766e-01 -6.690486124253585132e-01
-9.122988108970473409e-01 -1.092313929897769764e+00 3.338742294807349742e-01
9.062539041117496919e-02 -1.735920339814311097e-01 -1.730399264721964037e-01
-6.425870315055028925e-01 4.831268146285010445e-01 5.272572304354324751e-02
-6.907546105318221885e-01 -3.504205790704372214e-01 4.513937479167193789e-01
-5.869721372072066456e-01 -5.996931582916612546e-01 9.472594825104235783e-01
-9.599988848511971026e-03 3.562408572934026574e-01 -4.558478306364903421e-02
9.999165161865201934e-02 -9.135130269349195364e-02 4.215341195211269598e-01
5.367879130078306860e-01 -8.234194612397622848e-01 -6.688479800743523107e-01
-4.907419831046141434e-01 -5.501048294615044076e-01 1.860592442194993756e-01
2.541435245132942500e-01 -6.347201994929795310e-01 5.407288359633237729e-01
-1.030824019959649812e-01 -1.735066993471537922e-01 5.205317376331404233e-01
5.807257963087740782e-01 5.585060678043130000e-02 2.939790294744799026e-01
6.086021464244998347e-01 -4.348904381284281195e-02 4.039409594215502552e-02
-1.314391086257069352e+00 -1.076778855471275526e-01 6.084017930622091092e-02
1.414217679378625858e+00 1.528792258931695180e-01 -9.547711876402915632e-01
-3.652570774864337122e-01 -1.484375340190952630e-01 1.214449607120622776e+00
-7.294195901358929701e-02 -4.502595891125339977e-01 -5.058715087969312130e-01
-4.156882394978643758e-01 -4.615821823241236244e-01 5.031534019249581657e-01
3.173682105682349985e-01 1.887908741705617011e-01 1.325216368185093918e+00
-1.650039733580607182e-01 -2.644608165064208927e-01 3.798707874769602921e-01
-1.356279866328142236e-01 2.066247726861062117e-01 -5.619789102153768257e-01
5.348541402437376746e-01 -6.085033736640921287e-01 5.131256603967978558e-01
5.037085335125698338e-01 -1.213846240134089038e+00 2.707416496090839786e-01
1.265205389256937707e+00 -1.120571152448841812e-01 6.091784492875420565e-01
1.840529578003075040e+00 -1.030574187035631528e+00 -4.182028088080769757e-01
8.498269325522205264e-01 -7.093417725271100593e-02 4.692904127775961443e-01
1.159578911162119530e+00 -1.153563047777320383e-01 -2.604795787128795226e-01
1.803559528501337716e+00 6.528111804295243514e-01 -2.426199997405089348e-01
1.672828254221385480e+00 8.181973224989655957e-01 8.900073348999305578e-01
8.201780282179682580e-01 -4.252218319817944181e-01 -2.144689148409156462e-03
8.979511992648518959e-01 1.041484304787606563e-01 4.923209063636756477e-01
3.533980550064711457e-01 -7.179936262628933141e-01 1.845330056608011082e-01
1.033778489694568314e+00 -4.824030246280581330e-02 2.758472211943215346e-01
1.144772103047168255e+00 1.448702329944391021e-01 1.378920402059666817e+00
3.699503909472191543e-01 -5.599438866283165672e-02 6.034749371870782308e-01
2.826038852655073097e-02 -5.154286713998063041e-01 -6.882891870298770698e-01
1.427358833937630855e+00 -7.437335430324816532e-02 -5.821448816127446912e-01
1.915453573539628529e+00 3.493040518032069358e-02 -2.204506453932673082e-01
1.761383325351787654e+00 -4.856658686326731367e-01 2.821110401998543904e-01
2.700337051948913825e+00 2.572656874727776155e-01 -1.302959434984344300e-01
1.200051533672884307e+00 -5.611262001083121564e-01 -5.958813074989345315e-01
1.347639927378832647e+00 -5.319055499862476027e-02 -3.489239363368285690e-02
5.674407649215119642e-01 5.596798805431169033e-01 5.763656082995661789e-01
1.073102102075085273e+00 -5.969321554396370688e-01 -3.200488035652463981e-01
1.531860776443185745e+00 -3.760091150470930565e-01 1.204172182894819587e-01
2.116271654478320219e+00 5.369145380521777033e-01 4.539941615122376484e-01
1.464303977039021598e+00 8.137051773432892876e-01 -3.621358267298547262e-01
1.007867571582177213e+00 -4.857666760596036082e-01 6.127978572357461323e-02
1.248121829509195591e+00 -3.940788014615829171e-01 1.766259623359494602e-01
2.373168295978001829e+00 3.175274025376618736e-01 5.722405368318199681e-01
1.380811221472438843e+00 4.740235706707215946e-01 -3.755630831833531302e-01
1.321640004166779514e+00 1.852737628154955130e-01 -2.491308523813691791e-02
1.755337104121839298e+00 -1.601214898520247898e-01 6.545604920407345206e-01
1.693718279760426215e+00 4.302290071268211613e-01 2.414214804977087708e-02
2.049084917657260085e+00 2.041215890970576041e-01 -2.086019279042257424e-01
2.035555620155130807e+00 2.302248614759369871e-01 -4.302455480663622267e-01
1.911081260827001360e+00 -1.370889779646480566e-01 -2.220604827877865617e-01
1.961619669403681820e+00 4.635078167417651107e-01 8.533315515565705889e-01
1.212457620557921834e+00 -4.833541929563310302e-01 8.614349782421888702e-02
1.516220955502634249e+00 3.395983635891135499e-01 -6.070839890444461595e-01
1.099844885153696827e+00 4.305114666187472294e-01 6.824199045392433938e-01
1.428779621301676350e+00 -1.225017893842548083e-01 7.226621096916916454e-01
1.996923506323582176e+00 7.564712550390126911e-01 3.222888575344193263e-01
1.207387693155141495e+00 -1.864338628845526973e-03 -2.971873277403264679e-01
2.285377758580204421e+00 -8.587785526834222638e-02 4.997725171333176064e-01
2.561090715206182367e+00 5.121237502391844110e-02 -7.560141774410916726e-01
2.368433291367320059e+00 1.039723334558691342e-01 -4.077090226265036588e-01
1.661523621974343001e+00 -1.291517715009117551e-01 -7.111336749050314876e-02
2.935521354930362925e+00 6.811505427179914696e-01 3.039928460064905136e-01
2.666303765752179089e+00 6.788225505179915631e-01 2.049392187424123879e-01
3.769039973084107320e+00 1.282123708602867618e+00 -3.156171078682400433e-01
3.021900877991902767e+00 5.555700594154289185e-01 5.848204219461325959e-01
2.561614821986806678e+00 4.222463121671882758e-01 6.205663060579684476e-02
2.680036526658436724e+00 -5.909750140922351985e-02 -6.646222636764274050e-01
-8.522947894541959002e-01 -3.832200882121471475e-01 -6.211861842371542153e-01
-6.128755043518815393e-01 -7.134761504234393703e-02 4.000898753495898963e-01
-4.930583691291671733e-01 7.569821229386263228e-01 -7.057066489921240970e-01
-7.305668999237040495e-01 -8.536206806585044937e-01 -9.147376243258196205e-01
-1.038801417090700951e+00 -3.502439487885874447e-01 -2.828184256314536515e-01
-2.113671172693898370e-01 3.920197024871255875e-01 -3.428328293163060425e-01
-1.151209868976332373e+00 -1.683793318076028112e-01 7.394879138283322328e-03
-1.459227117292177800e+00 -1.572261186936431576e+00 5.712222499330443792e-01
-1.319584515060725938e+00 -8.096563674015225809e-01 1.166679182423665084e+00
-1.060421389349202048e+00 -5.931314739883160048e-01 -9.396399862584474405e-02
-7.727387261018497933e-01 -9.155922239249398853e-01 -2.019668276735673007e-01
-1.482253092234910419e+00 -1.831464196254526167e+00 6.697874587707584870e-02
-1.094225905285743483e+00 -1.902175040558414520e-01 4.237312458931493664e-01
-1.349514347998835850e+00 -6.782626265488325146e-01 1.089141201921701052e+00
-9.505346945914395773e-01 -1.061730315387978907e+00 -7.550686757739643040e-01
-1.061827680562642762e+00 -3.029068219128713269e-01 2.781188800822305685e-01
-1.157663006809797279e+00 -7.467379861399947583e-01 -2.619071796780481631e-01
1.066063679932134772e-01 1.911667347470690781e-01 -6.300038368352003371e-01
-9.801902808456576244e-01 -6.112213789826950183e-01 -4.088746903678482925e-01
-1.857149890522077129e+00 -1.083286647434707595e+00 -5.816706425025522931e-01
-9.870854835819949935e-01 -1.204267888503894657e+00 7.303864835570048619e-01
-2.023854276530287599e+00 -5.223599702825968416e-01 2.555338614974847489e-01
-4.342482434866207219e-01 -1.247863302502882021e+00 8.664004016159590482e-02
-9.458796625674654734e-01 -1.361117034608543719e+00 -4.150881750307033324e-01
-1.165148038223529525e+00 -6.242401700710921153e-01 -5.396243170149370716e-01
-6.187044273643457770e-02 -1.192045951183959396e+00 1.457046892977425623e+00
-1.069400051602989343e+00 -1.667438464298219403e+00 4.943623009326647555e-01
2.779167963674106234e-01 -5.387014711087220187e-01 -2.780947402781710487e-01
-9.416622946649274573e-01 -2.069560183201454517e+00 -1.555180891721584246e-01
-7.044181980786201613e-01 -9.623330186546392717e-01 -4.886156534802781892e-01
-1.065041968300046493e+00 -1.282854498041389402e+00 2.520410356457972734e-01
-7.106628164810475656e-01 -1.014516400726610756e+00 1.353892416781731223e-01
-7.009052845054093428e-01 -1.675035905216677889e+00 3.210820621593550306e-01
-1.066452792815536788e-01 -1.016092282058630891e+00 4.111553531508743697e-02
-8.053003028693740406e-01 -8.603414426318980457e-01 -2.277668675214407912e-01
-9.007940781932572971e-01 -1.485910710187227535e+00 7.576691642590754894e-02
-9.411667552460282193e-01 -2.571701201615076648e+00 -2.646433783770674730e-01
-2.595455647290312862e-01 -6.480242568843228579e-01 -7.060461702579929888e-01
3.960348941563950897e-01 -7.239598513060377938e-01 -6.084049037473580057e-01
-7.631628102898829757e-01 -1.210382121342133521e+00 -8.926230420233301210e-02
-5.169201670990114517e-01 -1.233099006696934508e+00 3.687258326732590352e-01
-1.809099540097680037e-01 -1.855976789326528653e+00 -9.683087880707847983e-01
-6.577669193258951497e-01 -2.014306235764224073e+00 -5.566924957146076602e-01
-1.125939089663485548e+00 -1.640775243822520935e+00 -5.535870531644455639e-01
-7.806582691663862539e-01 -1.574538644331219261e+00 -4.153442458126072601e-01
3.597001375563118608e-01 -1.611102462994418838e+00 -3.641738669264121264e-01
-3.091867130293107779e-01 -2.310594527389334907e+00 -2.666527682336394256e-01
-1.935193074839740845e-01 -2.625918470929026860e+00 -1.987655795913498835e-01
-1.135143802202771779e+00 -1.921778004079795377e+00 -5.715607391492176781e-01
-5.543871922576174560e-01 -2.466845539372882534e+00 5.083360204687285000e-01
-6.068416199699657732e-01 -1.427566483147745924e+00 3.147837919406032414e-02
-1.695081601449981878e+00 -1.821185505475261035e+00 3.882452747755869571e-01
-5.540904372942802025e-01 -1.683353632517737619e+00 3.082701576300970747e-01
-8.857287878210414744e-01 -2.066020756819888504e+00 -4.846703603601943966e-01
-4.716977139603512059e-01 -3.430728491477409214e+00 4.807617498039076787e-01
-2.258732708172436210e-01 -2.183103296568618568e+00 -5.152765754814949695e-01
7.404305047870927969e-02 -1.721544089408526768e+00 1.286590242673539608e+00
-9.328184857822244824e-01 -1.751810766561144872e+00 -2.683747997430850907e-01
-1.974483273442372011e-01 -2.630420726844445500e+00 3.857149511340774578e-02
-1.573026854850271494e+00 -2.587024443822388164e+00 -1.716333983125513732e-02
-1.448277826679710500e+00 -3.324396163375795826e-02 -4.727063423985761181e-01
-1.560949892061522126e+00 -1.039478409627928146e+00 -2.062513666267039303e-01
-8.936878913270598357e-01 -1.054455591749418719e+00 -1.243095899007527066e-01
-1.142407073864885270e+00 6.423794504961604090e-01 4.564007950707735239e-01
-2.145409394620726218e+00 3.733130625679080827e-01 -6.340075977970602850e-01
-7.106242744730354444e-01 8.271297169561100948e-02 9.177978173724001820e-01
-1.629366864582578733e+00 -1.523383222946164961e-01 -4.837315218571118236e-01
-7.977824906776288527e-01 -5.860679485096638441e-02 -9.333544233349894137e-02
-1.235014075665021860e+00 -6.186501316757694324e-01 9.150027350225788947e-01
-1.930726829450632342e+00 5.532001467092727554e-01 8.905439792658199627e-01
-1.374673964307904006e+00 8.708627922378096020e-01 -1.476822164442397334e-01
-1.623817030954700202e+00 4.164311713769706658e-01 -6.793211520828806860e-01
-5.606310364454905049e-01 1.243878240646444588e+00 1.054365520286973112e-01
-1.902983038994981779e+00 -7.726497658960597148e-01 2.197305210945982024e-01
-1.982508593906275429e+00 -4.928008839085177839e-01 7.890142348001478734e-01
-9.277142342623261317e-01 3.198782320616349595e-01 -2.192925737202617575e-01
-2.190281663451517868e+00 -1.019251578371822120e+00 -7.931025661812995953e-01
-1.879676335488283501e+00 5.641354784881642548e-01 -1.689799785646458330e-01
-7.902826320457752018e-01 1.324553322688962087e+00 -3.814056005972516483e-01
-9.880148555411908395e-01 6.945948756148087044e-01 -2.495488341410381228e-01
-2.156844544214773673e+00 1.760513820578985811e-01 1.422640840250739336e+00
-1.448390684873235523e+00 1.896013672690674556e-01 -2.110056815598404523e-01
-1.958815571414177503e+00 -5.550471699604606624e-01 -2.451080493471571586e-01
-2.111776701737681616e+00 -5.450464919136975839e-01 8.895320890275085213e-02
-1.386980083598852387e+00 -3.727412003552993958e-01 1.521442306875863404e-01
-1.702908657148698657e+00 -5.838233397080406367e-02 3.811664777180944763e-01
-1.967178689403943137e+00 -2.431895159455448041e-01 1.900736732454460232e-01
-1.833645650844171193e+00 1.240762572529738872e-01 7.029120436863067756e-02
-2.134815595357370199e+00 -7.288050097294825058e-02 -3.976855713642646339e-01
-9.871945944763907965e-01 2.300630182295593795e-01 1.743931507347004292e-02
-2.628597485590025595e+00 2.681332657151427323e-01 -1.604445119509901319e-01
-1.743659469245428140e+00 -2.911237659768068156e-02 8.993626119347105652e-01
-1.109439906442678536e+00 -2.639958010754968609e-01 1.108309638935462693e-01
-1.559402541311327495e+00 -3.803197056685432842e-01 -2.179914995054865190e-01
-1.519439691410589655e+00 -7.347043062571840810e-01 6.588191944947327516e-02
-1.153540703204431139e+00 9.624625656922837225e-01 -1.400433206696592714e-01
-1.365316412377701516e+00 3.939825772592427389e-01 4.319020171402427333e-01
-2.024148660027623947e+00 1.599424324428838085e-01 1.355674855178292670e+00
-2.416620583905918274e+00 4.407846071037412883e-01 -4.474581985964380948e-01
-2.198373798863272999e+00 3.592512574227808009e-01 1.070492453898348392e-02
-2.672158270824992243e+00 2.472803643609815805e-01 -1.371031456218855693e+00
-1.078551725807987305e+00 7.970012196931427484e-01 2.126176169486644896e-01
-1.516477733475392498e+00 -2.406417264438993620e-01 -5.680763721911252784e-01
-2.143972120065026576e+00 -2.464441702107675047e-01 1.204589430482309487e+00
-1.054050769387881115e+00 3.548383004664522611e-01 -3.538646243504515732e-01
-1.813805834288592989e+00 -3.822135073003435357e-01 -3.040327154528478237e-01
-1.583426265595815341e+00 9.260595025439928296e-01 5.344184615343565703e-01
-1.896286877474828936e+00 5.034076785469855375e-01 -5.014278792389527117e-01
-1.665478031012796123e+00 6.212350141288973671e-01 4.043679656850335813e-01
-2.534299898997665057e+00 -3.761082430577768476e-01 2.405383995637446273e-02
-1.848123168899380442e+00 -1.029540383777041435e-01 7.610706427861283485e-01
-1.539215630373873323e+00 -4.290803082908287158e-03 -3.966570474207709585e-01
-1.608955834982511934e+00 7.517843294075159388e-01 3.541198601378574007e-01
-2.547492487943799899e-01 4.005308948405564839e-01 2.554831269988185327e-01
-2.350767005567236279e+00 1.371522457352182256e-01 -2.419470534168803241e-02
-1.255619112686412464e+00 5.967228346856007226e-01 -5.148177770697801581e-01
-3.011100595955688242e+00 -5.204099805907776988e-01 -4.375260601916916570e-01
-2.832911999543815451e+00 2.245989610039255957e-01 9.798723780886785251e-02
-2.949007886972459858e+00 7.322908327833746456e-02 3.555796157209347164e-01
-2.424645678906297785e+00 5.243065978007312999e-01 1.818450468495481920e-01
-2.826355312546274590e+00 7.945322886320300704e-01 2.299241450463148650e-01
-2.936930493455522040e+00 -3.895767145600120829e-01 -5.711376937565344480e-01
-2.213230923871821521e+00 -1.350888866476994687e-01 -3.781404222450497343e-01
-2.815965279546400080e+00 5.703912626266390840e-01 -1.054230738434369652e+00
-1.564643703874077918e+00 2.188279902491156170e-01 -7.827999051008728282e-01
-3.125499575461723190e+00 7.427354418818482573e-01 5.598904233854660323e-02
-2.929017700305186267e+00 -1.956848508149919008e-01 4.427204121886456623e-01
-2.558790989503416657e+00 3.750330588044045732e-01 -3.042420310947543949e-01
-2.599326882140297723e+00 -6.364798159264162258e-02 -4.784799951202665103e-01
-2.593195672435668175e+00 -3.165475680381814039e-01 5.957306504878921022e-02
-2.825909803465719516e+00 4.422828376858689015e-01 4.474135202152799140e-01
-2.384681214495213197e+00 4.471247183824877403e-01 -1.057806390675584268e-01
-2.387770605511823963e+00 8.669576316111947678e-01 -1.200358758119993569e-01
-2.929959798086065437e+00 -5.384696272227517122e-01 1.493066837212927468e-02
-2.865630744986253475e+00 6.750682103441548731e-01 -5.541081499958535606e-01
-2.059517113255168841e+00 -1.509551386806311235e-01 1.925502678447465754e-01
-3.469122957931243256e+00 8.987236890313137216e-01 4.233633806018478607e-01
-2.389534287777055344e+00 6.753226980968712878e-02 -7.960961674136359800e-01
-2.908363742851266753e+00 1.243605273185791837e+00 4.242420531890040980e-01
-2.113293644850366526e+00 1.367388033822734883e+00 3.000654256336052206e-01
-2.083637771312672360e+00 4.842441507197847717e-01 1.682647488271230840e-01
-1.509264428387494972e+00 -7.475980960557086774e-02 -5.206683570830345636e-02
-3.235797717672860507e+00 -8.996130293124132704e-02 7.223673777797541551e-02
-3.225846112615711636e+00 1.022986010741184337e+00 -3.462672253512857345e-01
-3.108284711025604885e+00 8.434934586094716691e-02 7.781373361265749855e-01
-1.951169702960956043e+00 -1.879197689875358457e-01 2.257647626804538676e-01
-2.504299171287915460e+00 3.904028097402023056e-01 4.980868289316208730e-01
-2.454315643719013451e+00 7.718431848721750699e-01 -9.730655764502592620e-01
-3.238929592518461575e+00 5.209876603780465576e-01 3.102106145529134884e-02
-1.294560805571436601e+00 1.198291624043356096e+00 -1.576730838813062696e-01
-2.131991917622782395e+00 6.476750967947908499e-02 5.474225478615465379e-01
-2.296873602090118371e+00 -3.974095930173147107e-01 -1.363535050165134987e-01
-2.667229674120236815e+00 6.276500492465328929e-01 -8.870383663795801121e-01
-2.281284319740334521e+00 1.118340064827546776e+00 -2.441360596707826264e-02
-3.335907367623084596e+00 8.232103503474947903e-01 1.734567123458357063e-01
-3.262488434948557003e+00 -1.531867856717070153e-01 6.747450822457737307e-02
-2.432586013570763317e+00 -1.743179176604521888e-02 6.967799828409889651e-01
-2.884277280204151417e+00 4.366890607687606840e-01 5.097386564441966916e-01
-2.737807958897874094e+00 3.862300974425345035e-01 -3.343954894927469446e-01
-2.458786310120285812e+00 8.740607444260224158e-04 -8.751151081220684969e-01
-3.235303777907467815e+00 1.264286101028172862e-02 4.836972618133537072e-01
-2.476257201427163324e+00 -3.052655148868416157e-01 1.120607573530962159e-01
-3.173815132222018498e+00 5.142884650848290537e-03 3.802574777780087789e-02
-2.801553656000629111e+00 -9.470074493076756361e-02 7.641317401209241078e-02
-3.762098167871327892e+00 9.230939659897189342e-01 1.704141011105058390e-01
-3.988583473872338914e+00 2.101702399329106741e-01 -6.713429371969248383e-02
-3.296599176170341927e+00 -1.554820606747958356e-01 -3.106200800999192602e-01
-2.925583479459927361e+00 -8.030117441682476098e-01 2.788823478154596747e-01
-2.542660689623646775e+00 1.734435209664909328e-01 -7.127029876344835868e-01
-2.911500183989820023e+00 7.559350290978263942e-01 7.490884664879502441e-01
-3.787707298796769706e+00 3.042433016143339386e-01 -4.640401823287187977e-01
-3.566279697465653431e+00 -9.621213817199687490e-01 -5.073973258002183462e-01
-3.347915805234491504e+00 5.762943312888738623e-01 2.401714834520739528e-01
-2.539767234116275585e+00 -3.333829745046903992e-02 3.812929872070705550e-02
-3.544377115899455699e+00 1.886566912265623119e-01 1.514377836643271413e-01
-3.675312739265811590e+00 -3.464166366192009128e-02 2.932082971743805722e-01
-3.398252641823217512e+00 -4.858249462742770808e-01 4.225488039475781554e-01
-3.302479346605751598e+00 2.250114043248082618e-01 2.871273644939342090e-02
-4.191735753757434679e+00 6.013545283473745728e-01 -9.039239574651726505e-02
-2.956166985463410057e+00 1.160732268352765217e+00 -6.814582650863343360e-01
-4.053390428722726924e+00 -1.329366415919188416e-01 2.272476092250756974e-01
-2.880122339656141062e+00 -3.608221437845519075e-01 -7.532759062006946227e-01
-3.678606582557486959e+00 -7.797709285392177003e-01 1.823516470897872110e-01
-2.378073616407337720e+00 2.870455069790944780e-01 -2.756658774786380772e-01
-2.981756100536995024e+00 9.191004996234606109e-03 -1.778470806600054577e-01
-3.447334741852286832e+00 7.378075065220477402e-01 -3.396165194281103306e-01
-2.861920194815849250e+00 4.141839575231630044e-01 -8.965427623029452731e-01
-2.937455759098722030e+00 9.449275422124414625e-01 6.571072529007432328e-01
-2.638616879651137115e+00 1.474759695701291839e+00 2.894398337558560380e-03
-3.747284455305575079e+00 5.841738648691424673e-01 2.754913477436590208e-01
-3.775982609549645375e+00 6.722771928921230655e-01 -2.606623241640769750e-01
-2.968248237201820849e+00 3.726371081381511519e-01 1.830590970862526479e-01
-2.051043807261216489e+00 1.127399737848936434e+00 1.844667362937542909e-01
-2.556263203508742254e+00 7.691595700025590787e-01 -1.085866964337071749e+00
-3.661152345936548702e+00 5.618503535657827230e-01 7.382145090201090998e-01
