-1.204741971309400750e+00 8.381871812666830124e-01 4.945347484930949222e-01
-1.660114900322198661e+00 4.336146996695042777e-01 3.477932508566626835e-01
-1.740365891881945792e+00 4.148174296159908708e-02 1.136985198965415611e+00
-7.817751437506090806e-01 6.627078223495967979e-01 2.297031793440888758e-01
3.683258319248775697e-02 3.529688755030510605e-01 2.196664689424333017e-01
-1.791805078303082110e+00 4.274625768988992713e-01 -2.308948809214666775e-01
-1.416256049226117253e-01 -2.077721958952951087e-01 -1.719470224707388417e-01
-7.922315152446834929e-01 -9.818083997063006829e-03 2.752138913307442536e-01
-8.996586123164368454e-01 3.432471734640054617e-01 7.271012488442726851e-02
-1.732260633004764738e+00 3.217947382098320652e-01 4.045202319489489828e-01
-6.520606335827870970e-01 -8.219536576822991103e-01 2.980028087547741400e-01
3.635558399683796460e-01 9.619971110699538919e-01 3.986537039451316100e-01
-8.304076835666218681e-01 6.977480021583705172e-01 -1.794288200177040216e-01
-1.163096715441855666e+00 5.718997014585677219e-01 -8.305028004125450392e-02
-6.957915220073221940e-01 3.646029064907988504e-01 2.928797960771234443e-02
-5.980506985564255640e-01 6.362267151136548060e-01 -6.093160110280686215e-02
-3.130331546222971939e-01 2.241861289274166835e-01 6.626243681334284541e-02
-5.387273999372568234e-01 -5.362331208468271854e-02 1.398506895283926077e-01
-4.609807669103260230e-01 -2.543460653051535236e-02 -2.479491211115265881e-01
-4.176358014789748330e-01 8.355988232302312690e-01 4.456599913804884516e-01
-8.636509877863047802e-01 -2.382558049982400616e-01 1.613342907225856215e-01
-1.449092469574320585e+00 -5.437573404111698538e-01 9.556225234685323811e-01
1.503002969089176077e-01 -7.464177119963706364e-01 -3.696731034098719726e-01
-1.219351174173797930e-01 -3.073651905236078341e-01 -3.479995046629462407e-02
-7.846043196714762580e-01 1.474794701592909152e-01 -5.900421874709292913e-01
-7.364244362065894833e-01 -5.301901713201128130e-01 8.522514575832843553e-01
-2.407409412471830934e-01 6.839183860868519593e-01 -7.829612648423703858e-01
-4.144277917112371146e-01 6.934954204363187324e-01 -1.166912463780382270e+00
-1.191775822163414628e-01 1.167243600379352236e-01 -6.569669430582227854e-01
-7.166898545483407768e-01 -3.617606155384948119e-01 -2.113117392565604935e-01
2.086344690608060159e-01 6.319684551324233901e-01 -7.194729067859749749e-01
-1.025192901705599402e+00 -1.116733265716626011e+00 4.776658557472187039e-01
9.064829567863970372e-02 -2.686439623702682744e-01 -1.123856221873700406e-01
-7.063114696022746442e-01 4.819808557581903297e-01 -4.907710484793309513e-02
-9.100587254046107466e-01 -1.092091370976497888e-01 4.587833329819389627e-01
-5.813986941453072044e-01 -6.380726754562737746e-01 9.171340575396845773e-01
1.066163014645820639e-01 1.613459276398570563e-01 -3.519297737956032096e-02
1.131621488795302582e-01 -8.352060909407760247e-02 3.972951235287768834e-01
6.238553884743744948e-01 -1.012922501068555636e+00 -7.742790169986859539e-01
-5.700358553340463263e-01 -4.419302725115533681e-01 2.110756478261399116e-01
1.075028628954720206e-01 -5.814137975402102754e-01 5.201586286170305495e-01
-5.974751726771834054e-02 -2.784983366098217061e-01 5.078462190799262199e-01
3.798954384197341105e-01 -1.625263896012264786e-01 2.734908754866902658e-01
6.077433453696797772e-01 -1.695167326151473391e-02 -1.563283911535519669e-02
-1.146100385810403077e+00 -1.268980842934055164e-01 9.093457604757394785e-02
1.424151710766168533e+00 1.481538484533327649e-01 -8.579003180100378545e-01
-3.367684028456215117e-02 -1.446108394349895077e-01 1.107358058253906430e+00
-2.954857429001151448e-01 -5.587046506337197682e-01 -4.613373634499630116e-01
-6.149102307489502373e-01 -6.105527218736753747e-01 3.557771103943670465e-01
2.955029362750875577e-01 1.855009524109539343e-01 1.444729233365866339e+00
-8.163222117082484519e-02 -2.140883827267930084e-01 3.282935814651706252e-01
-1.774395887983947206e-01 8.776719497226045941e-02 -4.714109435686369420e-01
5.247644238852466891e-01 -6.070070329987270474e-01 3.975313308422311342e-01
3.477147613706542129e-01 -1.207852437478036611e+00 4.382616640394771945e-01
1.367590248445864853e+00 -8.999891678047321208e-02 7.514468895264311277e-01
1.467962829871404251e+00 -9.957947116980803148e-01 -3.976140093713841916e-01
1.075241992805115565e+00 6.819199927315125476e-02 4.201207963873100359e-01
9.782390405820987622e-01 -8.024919476610854752e-02 -1.485327135047342650e-01
1.925644485523104521e+00 6.489642625811187227e-01 -3.163628075530873218e-01
1.789108281455010330e+00 9.899230291114489155e-01 8.077795540848865530e-01
6.957664096134286158e-01 -3.737331059584697579e-01 -2.546259492893179766e-02
1.053941561333801014e+00 1.593210748153479211e-02 4.894754722876084596e-01
5.618646595381431297e-01 -7.560003094158225245e-01 2.207028478046513809e-01
1.106152734478877742e+00 -1.849215485648307566e-01 1.745937554245071133e-01
1.311191075127557948e+00 2.644906321241245403e-02 1.184807928827369405e+00
5.598347252392548157e-01 4.732248297131409071e-02 7.150105067696855832e-01
1.306895401705207571e-01 -4.546429582099248412e-01 -5.409020916735548523e-01
1.252921085698742942e+00 -5.136242884938108794e-02 -6.896960456983708410e-01
1.702958767600864398e+00 1.360921423068698621e-01 -3.456041531894856189e-01
1.968291249399393150e+00 -4.502929676124436953e-01 3.429617622912889408e-01
2.757056951215931306e+00 1.822654306560294313e-01 -9.969908826747818364e-02
1.125188286727425657e+00 -4.531257432053428791e-01 -6.971890719454345575e-01
1.270865828198881831e+00 6.218833786526018620e-02 3.591183022309250156e-02
8.105226721716990435e-01 6.311915679782388322e-01 6.363187734422537378e-01
9.120478510308879239e-01 -5.542617891749527237e-01 -2.380385547412988689e-01
1.385953604690513874e+00 -2.657308869335460733e-01 9.957253313705456688e-02
2.232353498951095361e+00 7.439776911609282672e-01 6.054014780047970445e-01
1.653998898899451175e+00 6.585445280391042377e-01 -5.019209401287610950e-01
1.089242965358254267e+00 -5.538507236260896693e-01 1.585143124530711822e-01
1.464600349607058094e+00 -2.751988309841779667e-01 9.132906162709655828e-02
2.491558649978891538e+00 4.166668438675319441e-01 7.066719619150252374e-01
1.564852814745412601e+00 4.912566347791261223e-01 -3.656824748999749630e-01
1.136402340182001147e+00 2.353491920358831702e-01 -2.268141534591680900e-02
1.713762835442321997e+00 -9.791506592694469713e-02 6.353007242633286200e-01
1.764261209996591084e+00 3.956387651134639638e-01 1.299978256848265956e-01
1.816769226170881213e+00 1.234719049248847317e-01 -2.888793693996792866e-01
1.919619523603547373e+00 4.740734677485799325e-02 -3.495448489720842655e-01
1.804708466408924572e+00 -1.657861454638048238e-01 -3.030989831049648586e-01
2.045189521385697429e+00 4.461302532675457400e-01 8.181262608294963545e-01
1.355544617051947398e+00 -4.360797027079994503e-01 2.027501392811375744e-02
1.632413983721087591e+00 4.660648006773389640e-01 -6.186473412820295836e-01
1.236048374482748180e+00 3.491546794651246288e-01 7.096445056662864515e-01
1.421550100300661423e+00 -1.113109075870264003e-01 6.579802401482783836e-01
2.019838236542110366e+00 6.431898858467406388e-01 4.978926882878689786e-01
1.224270132492998986e+00 -1.076759330851118496e-01 -2.463219568154263739e-01
2.357590485649138312e+00 -2.200153957784728442e-01 4.341221715918734403e-01
2.471592494752977487e+00 -1.528324098784640019e-02 -5.703545541627267346e-01
2.032631558058648924e+00 1.804592676042731381e-01 -4.226111953633751028e-01
1.961009558409173570e+00 -1.346332478767689744e-01 -1.354565469141907064e-01
2.803783550442262129e+00 8.211596382012065209e-01 3.965159332095120615e-01
2.554721897220496807e+00 7.973651062854766325e-01 -7.085545209537610911e-02
3.594575795053678302e+00 1.133071375834812544e+00 -3.628048740967163566e-01
2.946252403524778796e+00 4.840777095355463522e-01 4.703117008781024788e-01
2.461823961799727734e+00 5.939936192128444370e-01 3.444187518625423106e-02
2.655993959198286181e+00 -1.304263722474280351e-01 -5.452581895856531968e-01
-8.195804928615884055e-01 -1.024219514081670807e-01 -7.375693967370828830e-01
-6.590630219553347269e-01 -2.433575882472895427e-02 2.804108977564719329e-01
-7.978402677006651844e-01 6.176251344567426083e-01 -7.484806984219394277e-01
-3.930936959449813917e-01 -9.329433717003597915e-01 -8.698964743456941706e-01
-1.127523711381227089e+00 -2.743592364096406611e-01 -2.534742153773456574e-01
-1.932722336102980429e-02 3.351357798120715992e-01 -3.184995187185349352e-01
-1.097076287703025121e+00 -6.107234032267410545e-02 1.091445518064020070e-01
-1.590348885070626439e+00 -1.534664581314758580e+00 5.046205919721425959e-01
-1.042717917042438547e+00 -7.401449775105202189e-01 1.062007281441951001e+00
-1.082731947570936493e+00 -3.814176749439282532e-01 -1.796006946464292486e-01
-8.747302755234613869e-01 -9.534215386515296764e-01 -3.151179645463183521e-01
-1.197503743851970448e+00 -1.765615889746922962e+00 1.777666850471488758e-01
-9.421467958431224421e-01 -3.404819087969406244e-01 4.090878780213734189e-01
-1.486368347546306534e+00 -5.961220259757934459e-01 9.498281904035881240e-01
-1.056714854060450737e+00 -1.208284928350422893e+00 -7.161325456737365203e-01
-1.395298192305215013e+00 -2.614248875632065872e-01 3.701114613966587363e-01
-7.573806924901249626e-01 -7.866765861936976245e-01 -2.572663785058032504e-01
-9.484193999134203634e-02 1.807845576046712699e-01 -7.022923796256648199e-01
-1.160144850584011067e+00 -6.956442348022054967e-01 -3.865202000483064504e-01
-1.784055193280120299e+00 -9.803557607195837464e-01 -6.112923400348295733e-01
-9.999612809578097838e-01 -1.094288940911691599e+00 6.919366938379841736e-01
-2.003655841492650413e+00 -5.791745782812651733e-01 1.818124423325928607e-01
-1.775712099782028319e-01 -1.147099859031007751e+00 3.572968356029397885e-01
-1.369761153328503900e+00 -1.516595402858552211e+00 -3.820724091617863083e-01
-1.093888017118012757e+00 -4.677467692935935450e-01 -4.950470030368851471e-01
-2.470422587578960730e-02 -1.197393941492445268e+00 1.316161894184423975e+00
-1.116850629854452048e+00 -1.826389444103315274e+00 6.084820701732741588e-01
4.991186352236945956e-01 -5.080652102048186514e-01 -4.273998805560941250e-01
-1.038914186713264964e+00 -2.125047536632763912e+00 -9.965960186817329758e-02
-4.576439747260137580e-01 -8.521970511002131543e-01 -4.830346168557131392e-01
-1.056165397818282115e+00 -1.292070293817248805e+00 2.421904605037866198e-01
-7.130473257740346238e-01 -1.093806156920341888e+00 1.306135215433200936e-01
-5.943291274443319727e-01 -1.498203118600374362e+00 2.282758403581857665e-01
-1.094516886503885678e-01 -8.833269511923844686e-01 -7.952573703518052428e-02
-8.332291759274678133e-01 -9.996427771662843575e-01 -8.717589614157081335e-02
-6.919454921093083355e-01 -1.341212147618999762e+00 -7.049288535207964834e-02
-1.212414101337127459e+00 -2.412896169588294892e+00 -1.749977978318945637e-01
-2.887551435832058644e-01 -7.676916477586619436e-01 -8.263715837414258303e-01
4.884654541121713489e-01 -5.334502430416477869e-01 -5.347827573514708499e-01
-6.406701068754587780e-01 -1.146229183605802060e+00 -4.558477935677813370e-02
-7.091269423204997757e-01 -1.169634319484342155e+00 2.612379450508036660e-01
1.202994557785536101e-01 -1.816663575432175826e+00 -9.779165232306813449e-01
-6.085338948312454255e-01 -2.065762568680473255e+00 -5.267580331628329837e-01
-1.233269609309452397e+00 -1.736486586587581371e+00 -6.095253646198305342e-01
-7.797141838819283688e-01 -1.641613011801784650e+00 -3.308895968585249259e-01
2.401814124322317334e-01 -1.558294956062986625e+00 -2.464638118359939178e-01
-2.432387553437813654e-01 -2.451247868439057065e+00 -1.877847693118631645e-01
-1.697581359138224458e-02 -2.667005189616243221e+00 -2.009137216654670322e-02
-1.171543239925080915e+00 -1.762934499961400725e+00 -5.330209098893478048e-01
-8.618803315204688342e-01 -2.456841637179865145e+00 4.351916267197092902e-01
-5.783876803225935781e-01 -1.531456928689934438e+00 9.844081891639763771e-02
-1.623678732197893382e+00 -2.079325414528303106e+00 3.564256980105071082e-01
-5.494661335992300222e-01 -1.631166680036276517e+00 4.359781845276965440e-01
-6.478088645135320345e-01 -2.155056972830947881e+00 -4.711078831821868262e-01
-4.132335227154765867e-01 -3.508691840721086308e+00 3.291681188460127139e-01
-2.208075967370402015e-01 -2.119843511566657845e+00 -6.288759512832591270e-01
2.036742530983326124e-02 -1.866426046185619025e+00 1.257440613052678957e+00
-7.521403589130343237e-01 -1.756367735234554806e+00 -3.338085733908188746e-01
-3.540814042209904922e-01 -2.668891255157508802e+00 7.863375977725527155e-02
-1.467314913192415249e+00 -2.540567660214885670e+00 -3.857006527056944939e-02
-1.677321496294632563e+00 -7.305076747707862916e-02 -3.378823725059777461e-01
-1.581942489674689645e+00 -1.069780263532791986e+00 -2.344176373408747571e-01
-8.558913532860242812e-01 -8.853731405001082910e-01 -1.841274088086886640e-01
-1.285743148196700103e+00 7.327154259980326323e-01 5.182334981920982964e-01
-2.188463772834404519e+00 2.283393135114905326e-01 -6.538400285690555425e-01
-9.704299195628941499e-01 7.987516275204986638e-02 9.908472461558072153e-01
-1.628883401213707893e+00 6.427392525025885268e-03 -5.902605053037774940e-01
-9.547126753812447131e-01 -2.549554232606517923e-01 -2.409769008548342528e-01
-1.245922658726420940e+00 -5.573395552910489492e-01 8.429864660188827186e-01
-1.871243730122095439e+00 4.889290199826191174e-01 7.892785912442955576e-01
-1.296502762212741633e+00 6.704344756286008122e-01 -2.690873781966985345e-01
-1.775123632915175609e+00 4.887962792992633920e-01 -6.475201923322286834e-01
-6.864419121288528602e-01 1.173394122181566468e+00 9.757550444597551387e-02
-2.045235786242061149e+00 -7.403263307035414797e-01 2.661733667145589899e-01
-1.965408844167255253e+00 -6.848418528967901153e-01 7.755281277970356157e-01
-9.222649683747888849e-01 1.867419590023939868e-01 -4.269548868341267039e-02
-1.997721486229437682e+00 -9.449774316726540224e-01 -7.923548204471746459e-01
-1.784714282622097858e+00 4.379046710082664107e-01 -2.183616535978403495e-01
-7.781130664522813989e-01 1.334573932511671668e+00 -4.528802268033002010e-01
-1.030430160445120702e+00 4.924017211454747578e-01 -2.310203145732625529e-01
-2.205377134813159667e+00 2.487190980395027617e-01 1.295603344630771314e+00
-1.463987181190549824e+00 1.594617873979832234e-01 -7.710739207713453169e-02
-1.930591545383139263e+00 -4.902649930207331197e-01 -3.378936154284237214e-01
-2.098828252098303704e+00 -4.242106163565888544e-01 9.557664211861750803e-02
-1.354519025860843495e+00 -3.446996342689225834e-01 1.386659041027852313e-01
-1.626359980550823092e+00 4.642338267371937111e-02 2.651063459668616673e-01
-2.053459544533269732e+00 -3.334429445227658495e-01 1.970633331664181087e-01
-2.027334372946685725e+00 2.835860380049223806e-01 9.615127867845171816e-02
-2.213150923556342242e+00 -6.517008759005725460e-02 -4.256789707562776970e-01
-1.063539603752570173e+00 3.090164658574437451e-01 2.547594370898158267e-02
-2.320637244207984562e+00 4.434761450185991105e-01 -1.932085201743545533e-01
-1.914207901170877246e+00 6.062018539442683152e-02 8.170693693820417769e-01
-1.400027548187632309e+00 -2.980102164719565239e-01 1.816051239914316384e-01
-1.508863683299252800e+00 -3.970046517419751897e-01 -2.298537005025924618e-01
-1.477485301859487343e+00 -7.029037342084262230e-01 2.969744612596474098e-02
-1.078397568423359987e+00 7.329437586905819257e-01 1.713691620437022417e-02
-1.273036992072328566e+00 3.837448973822868981e-01 5.337256536748752334e-01
-2.125740639550638633e+00 -2.131103699004444907e-01 1.503089939416623055e+00
-2.384123168825568850e+00 5.495319382514650686e-01 -4.524342788763992540e-01
-2.150233151117141084e+00 5.039973653593269320e-01 -1.829686586633648068e-02
-2.381008328248132688e+00 3.449033085845862878e-01 -1.373559400448711720e+00
-1.090215245143357548e+00 8.258593554251554281e-01 1.996836036272629233e-01
-1.634342313943370373e+00 -7.917077004340720980e-02 -4.878722345002092231e-01
-2.293209480278047163e+00 -2.644666492931058710e-01 1.210931842882758458e+00
-1.283688062749526404e+00 3.679705958262843857e-01 -3.527040578543846339e-01
-1.759408629498310894e+00 -2.918036480732462135e-01 -3.628813255579984021e-01
-1.648468210488960084e+00 1.061598978268616822e+00 5.492126037396004579e-01
-1.874440506324598132e+00 4.527116014064371807e-01 -4.303049904773895706e-01
-1.407652565486299023e+00 4.484333465894226878e-01 3.678981632218373266e-01
-2.823100551692982574e+00 -4.362792742682122804e-01 -8.849144789216108198e-02
-1.876468992787557521e+00 -1.759784747760483326e-01 6.925115524195047945e-01
-1.518705497563058282e+00 1.504955581699048417e-01 -4.344028203622047335e-01
-1.990445197907414476e+00 7.553008849232687449e-01 2.668163103264913905e-01
-2.382264803889686811e-01 3.360837162927438615e-01 2.582523168243747169e-01
-2.281467722286480093e+00 1.972210923020842610e-01 -4.984612543769295634e-02
-1.297954378216856774e+00 6.110973076651856628e-01 -5.253088510248652421e-01
-3.148559403805478052e+00 -5.736352942328527549e-01 -4.724682902755547587e-01
-2.988467190040525967e+00 4.771155103394328911e-01 1.411985667825440549e-01
-2.976901666242088407e+00 9.572202061402708406e-02 3.234143311169911938e-01
-2.664045530072374213e+00 5.907303341689356113e-01 5.918044361022510580e-02
-2.846897604530634229e+00 5.528103621824655978e-01 9.858199477955321977e-02
-2.963208460034332692e+00 -4.608274942030733956e-01 -6.630264857669052603e-01
-2.399353677047959543e+00 -2.867384769388975352e-01 -3.691153481908418521e-01
-3.036964214234945114e+00 4.508958205911161032e-01 -1.172961030641796798e+00
-1.294041566116769237e+00 3.239911582902537113e-01 -7.255547497970646909e-01
-3.153923119904437744e+00 8.830876307573959361e-01 4.670130484464222326e-02
-3.009365961343740459e+00 -1.780862919178989312e-01 5.605198247582875437e-01
-2.662352848574856878e+00 2.995320375830936022e-01 -2.803495828525940370e-01
-2.446389102665151416e+00 -2.694036575802330469e-01 -5.740294335718679752e-01
-2.737584119241295522e+00 -4.026658752784149642e-01 1.002941759256923207e-02
-3.064883396255680292e+00 6.232357812634723437e-01 5.168081279518319526e-01
-2.528599208048691427e+00 3.228916764012287333e-01 -1.823231627843348024e-01
-2.501770562605420078e+00 8.025518550580840182e-01 -7.514630646052605778e-02
-2.687364576445482101e+00 -5.790672895155333233e-01 9.278304369638112892e-02
-2.583994243853937611e+00 6.030335214083044626e-01 -4.771772204715767352e-01
-1.929995818331069701e+00 -1.094564903409319806e-01 1.414402753051609007e-01
-3.483629739832664995e+00 7.992535404389075060e-01 4.433115711470833054e-01
-2.486874259847965174e+00 2.123815548958176425e-01 -7.285817637632355792e-01
-2.858837757222080889e+00 1.324991478894414154e+00 3.332038867037304120e-01
-1.924088558568182172e+00 1.298782562059043855e+00 4.264540970457804114e-01
-1.867642076461969447e+00 4.121400212480725300e-01 5.360557874012193691e-02
-1.619657375371086339e+00 -2.747760785791499363e-02 -4.074170464131391528e-02
-3.136583583748662196e+00 -2.438377011862443156e-01 -1.360581224800488757e-02
-3.172179869063787461e+00 9.784793796937136801e-01 -2.105416555371118770e-01
-3.112826977172930665e+00 1.535548218405967391e-01 7.454663797831128091e-01
-2.007936489949703418e+00 -2.567448863195823106e-01 1.857108288087096770e-01
-2.444681978076217899e+00 5.158620938681797163e-01 4.253823736880676387e-01
-2.280481156630585815e+00 7.442954913241116577e-01 -9.832652958490262218e-01
-3.303689981242368123e+00 6.890829729608745069e-01 1.753704868958589069e-01
-1.083458383689115623e+00 1.012488638588219025e+00 -2.822692765460071973e-01
-2.230631289992903721e+00 9.520654115316654065e-02 6.712209220365239482e-01
-2.209996747494710867e+00 -3.767293180203797887e-01 -2.739876346905457949e-02
-2.628172235481213370e+00 4.324076961009311049e-01 -1.069068501525050952e+00
-2.178252854543794026e+00 1.239285098107185012e+00 -1.458136920503864953e-01
-3.451618831235505169e+00 9.292151193349774685e-01 2.839566851014039273e-01
-3.295278847968851732e+00 -1.462996454130068569e-01 -1.468844825169966783e-02
-2.569343391453683179e+00 9.168228077007135879e-02 6.767389342945230313e-01
-2.903531630637678163e+00 4.984394777544814970e-01 6.045986808840544402e-01
-2.796913749050598863e+00 1.521305934870135490e-01 -2.391601629955356911e-01
-2.411092967184575109e+00 1.122827734067390476e-01 -9.386068790986092925e-01
-3.222079552832128435e+00 -2.884563535527058242e-01 3.556188158653905695e-01
-2.701134247414892275e+00 -3.272793523715792352e-01 3.137080060147090510e-02
-3.090930768338074675e+00 -8.672688119515231664e-02 1.218269672127048897e-01
-2.858984510500067966e+00 9.885511331378565858e-02 -2.233991827762496843e-02
-3.718264372729250145e+00 9.952645377715724218e-01 2.278714385456273028e-01
-3.905059884434588735e+00 2.262384794477250143e-03 -1.139792684870607857e-02
-3.442751307269428462e+00 -6.757127395222919941e-02 -2.834278516821732152e-01
-2.825740037395497062e+00 -6.328781098227307389e-01 2.412665916226355289e-01
-2.729773131316424184e+00 2.893019976344544664e-01 -7.898432881521544324e-01
-2.802909002173068487e+00 8.569115961252977698e-01 8.386716369925116821e-01
-3.560762665962556195e+00 3.812090981833861636e-01 -5.079092843495488507e-01
-3.444901448550732770e+00 -8.548992289814311141e-01 -5.555455969565589180e-01
-3.718020882524092130e+00 4.636622238942930130e-01 2.601872066436429765e-01
-2.598609235166491782e+00 -1.225254858872294739e-01 7.586593640156007179e-02
-3.483776919992483290e+00 2.064968931255532769e-01 2.304502412939059552e-01
-3.791244233244269068e+00 -3.489111688993660754e-01 2.828504229134207737e-01
-3.451841260411597112e+00 -4.391845317344323929e-01 6.196402286491126121e-01
-3.128556222595978653e+00 2.994418380714221062e-01 4.812474691506705982e-02
-3.984244129848517613e+00 7.614055144170250866e-01 -1.412438184015844811e-01
-2.628042401823369456e+00 1.131085487724691419e+00 -6.509826012123454131e-01
-3.892443517115643736e+00 -7.111970058447301957e-02 1.683808879859635121e-01
-2.959083501127373950e+00 -4.272497566143800274e-01 -7.662364586496993590e-01
-3.589506962945796520e+00 -6.660179892551774117e-01 1.838088553142480930e-01
-2.343002780962931908e+00 2.474062825028855439e-01 -2.193175649543851746e-01
-2.905235695734763368e+00 -6.141537902153399592e-03 -1.651670017052129236e-01
-3.556967064680764068e+00 8.626590866736366658e-01 -1.414173919420249614e-01
-2.877661029158772088e+00 5.515894903887733625e-01 -7.825975243228219247e-01
-3.143565001239179590e+00 1.040489211262956681e+00 6.156886103396607135e-01
-2.539775420835808095e+00 1.407656857912880088e+00 2.992675341749956221e-03
-3.779602424856222331e+00 6.560033896030854628e-01 1.580901114072382485e-01
-3.672158878504668156e+00 6.876897072311397574e-01 -2.535273100656391249e-02
-3.098787730481577629e+00 3.789422330954432816e-01 2.072927634366013572e-01
-1.959340838651744132e+00 1.220353683083450935e+00 2.134620823600273387e-01
-2.464276985076686799e+00 4.838267348698714332e-01 -1.159661279562614000e+00
-3.378767764596221745e+00 4.379556495167244989e-01 7.415740660349409152e-01
